/*--------------------------------*- C++ -*----------------------------------*\
| =========                 |                                                 |
| \\      /  F ield         | OpenFOAM: The Open Source CFD Toolbox           |
|  \\    /   O peration     | Version:  2312                                  |
|   \\  /    A nd           | Website:  www.openfoam.com                      |
|    \\/     M anipulation  |                                                 |
\*---------------------------------------------------------------------------*/
FoamFile
{
    version     2.0;
    format      ascii;
    arch        "LSB;label=32;scalar=64";
    class       volScalarField;
    location    "150";
    object      p;
}
// * * * * * * * * * * * * * * * * * * * * * * * * * * * * * * * * * * * * * //

dimensions      [0 2 -2 0 0 0 0];

internalField   nonuniform List<scalar> 
10720
(
-19.2456
-87.1906
-167.409
-247.278
-322.048
-398.665
-467.425
-526.03
-577.606
-618.847
-651.353
-676.101
-694.029
-706.373
-713.324
-714.399
-710.497
-700.696
-686.215
-665.962
-640.577
-608.329
-568.552
-520.343
-469.423
-431.362
-403.837
-353.438
-294.782
-258.209
-229.767
-194.477
-153.431
-105.771
-69.2144
-56.741
-73.5852
-94.3382
-52.9151
48.0145
108.994
172.888
231.632
280.73
316.043
334.084
338.098
331.908
314.677
290.997
265.943
241.367
218.011
196.499
176.468
157.844
140.15
123.13
106.25
89.4529
72.4136
55.2911
38.448
23.7841
12.4956
3.52913
-3.63035
-9.09885
-12.8519
-14.9424
-15.523
-14.6786
-12.5207
-9.187
-4.55225
0.981527
10.2733
28.6878
72.1728
20.8514
-37.0213
-98.9532
-163.018
-228.987
-293.476
-354.439
-411.157
-461.904
-506.273
-544.258
-575.956
-601.339
-620.346
-632.497
-638.366
-637.857
-631.769
-619.626
-601.302
-574.618
-538.12
-492.626
-446.569
-407.308
-371.163
-337.835
-305.341
-270.348
-233.799
-195.049
-153.322
-106.06
-69.6611
-56.6834
-74.2376
-96.4788
-56.8846
118.115
161.659
204.696
245.631
280.958
308.003
323.784
328.667
323.658
309.677
290.25
268.557
246.216
224.14
203.014
182.945
163.964
145.83
128.321
111.108
94.1029
77.0532
60.0313
43.4797
28.9036
17.2282
7.71723
0.019365
-5.89715
-10.039
-12.4861
-13.4088
-12.8893
-11.0351
-7.9711
-3.54781
1.77943
12.0523
30.2688
83.0878
37.0842
-15.0628
-72.9338
-133.33
-195.659
-258.372
-318.922
-375.774
-427.915
-474.097
-513.946
-547.031
-573.2
-592.768
-605.983
-613.043
-613.877
-608.833
-597.719
-580.307
-555.385
-522.151
-480.604
-437.582
-399.532
-364.763
-334.67
-304.105
-268.906
-231.779
-193.068
-152.25
-106.798
-71.2674
-56.7232
-74.7919
-97.6267
-58.7501
124.345
164.083
203.226
239.835
270.826
294.538
309.152
314.777
311.794
301.057
284.933
265.726
245.073
224.074
203.51
183.731
164.845
146.759
129.299
112.199
95.3194
78.5323
61.8512
45.6245
31.0691
19.1115
9.35252
1.46205
-4.61941
-8.91876
-11.5227
-12.5846
-12.1798
-10.4172
-7.41002
-3.01744
2.5253
12.8698
30.9806
100.647
62.1163
17.8491
-31.1086
-82.7863
-137.167
-192.657
-247.564
-300.633
-350.735
-396.769
-438.034
-473.966
-504.294
-528.833
-547.703
-560.667
-567.406
-567.939
-562.117
-549.628
-529.672
-501.712
-466.641
-429.147
-394.793
-362.687
-332.347
-300.923
-266.278
-229.873
-191.68
-151.608
-107.825
-73.2933
-57.6745
-74.8005
-97.6596
-57.4133
134.987
167.743
200.33
231.388
258.05
278.997
292.759
298.994
297.77
289.822
276.825
260.543
242.367
223.328
204.186
185.373
167.09
149.367
132.111
115.153
98.3898
81.7451
65.2465
49.239
34.723
22.5645
12.5701
4.43302
-1.91748
-6.50516
-9.40555
-10.7483
-10.604
-9.0785
-6.27471
-2.03035
3.48712
13.7853
31.8024
104.082
69.8563
30.3481
-13.6358
-60.1758
-109.709
-160.926
-212.3
-262.886
-311.564
-357.218
-399.056
-436.372
-468.606
-495.362
-516.431
-531.368
-540.128
-542.596
-538.755
-528.341
-510.835
-485.927
-454.525
-419.794
-387.31
-356.792
-326.952
-296.151
-262.692
-227.331
-189.988
-150.858
-108.657
-75.1568
-59.3052
-74.4746
-96.2592
-54.2135
134.652
163.657
192.611
220.236
244.007
263.011
276.119
282.805
283.014
277.379
267.084
253.468
237.644
220.53
202.851
185.08
167.499
150.238
133.293
116.586
100.051
83.6533
67.4459
51.7414
37.3551
25.0779
14.8835
6.52375
-0.0656515
-4.90209
-8.0338
-9.58456
-9.61951
-8.2455
-5.55728
-1.38392
4.16508
14.3857
31.6987
105.35
75.0776
39.9648
0.90428
-40.4175
-84.7136
-130.775
-177.392
-223.881
-269.228
-312.495
-352.929
-389.779
-422.398
-450.281
-473.033
-490.297
-501.922
-507.661
-507.306
-500.508
-486.813
-466.037
-438.941
-408.375
-378.264
-349.291
-320.489
-290.784
-258.572
-224.276
-187.88
-149.869
-109.305
-76.8826
-61.0204
-74.0856
-93.4569
-50.7605
132.4
157.982
183.719
208.47
229.905
247.359
259.901
266.883
268.194
264.396
256.36
245.121
231.558
216.444
200.434
183.982
167.4
150.876
134.478
118.199
102.021
85.9516
70.0653
54.6547
40.4103
28.0548
17.6874
9.13155
2.32703
-2.74059
-6.10621
-7.88838
-8.1457
-6.97815
-4.46714
-0.433998
5.06946
15.1632
31.2684
103.396
76.1181
44.3989
9.08891
-28.1822
-68.3425
-110.324
-153.073
-196.141
-238.634
-279.743
-318.797
-355.041
-387.79
-416.46
-440.527
-459.536
-473.087
-480.877
-482.652
-478.125
-466.992
-449.192
-425.453
-397.967
-369.905
-342.375
-314.617
-285.827
-254.639
-221.317
-185.852
-148.951
-110
-78.6123
-62.6628
-73.5736
-89.7031
-47.3447
127.797
150.809
174.094
196.596
216.173
232.388
244.418
251.554
253.713
251.364
245.187
235.992
224.474
211.261
196.915
181.843
166.356
150.679
134.931
119.167
103.418
87.7296
72.2008
57.1089
43.0488
30.6785
20.1836
11.4585
4.45341
-0.840889
-4.44348
-6.45284
-6.91848
-5.93279
-3.56897
0.357749
5.83628
15.7909
31.0701
100.138
75.4071
46.5949
14.5511
-19.1724
-55.6182
-93.8071
-132.822
-172.381
-211.722
-250.149
-287.105
-321.895
-353.851
-382.354
-406.822
-426.712
-441.627
-451.253
-455.271
-453.323
-445.099
-430.56
-410.328
-386.069
-360.415
-334.6
-308.1
-280.375
-250.336
-218.119
-183.7
-147.976
-110.656
-80.3135
-64.2296
-72.8924
-85.2848
-43.7018
122.299
143.16
164.396
185.027
203.066
218.242
229.788
236.978
239.772
238.558
233.889
226.424
216.713
205.261
192.537
178.884
164.592
149.892
134.933
119.811
104.6
89.3794
74.2665
59.5285
45.695
33.3669
22.7893
13.9258
6.74446
1.24313
-2.57952
-4.80704
-5.48286
-4.69215
-2.49689
1.29253
6.7039
16.4628
31.1012
95.9498
73.3325
46.9557
17.6454
-13.0985
-46.3753
-81.3013
-117.05
-153.474
-189.913
-225.785
-260.642
-293.858
-324.805
-352.878
-377.466
-397.989
-413.999
-425.088
-430.862
-430.921
-425.007
-413.129
-395.833
-374.403
-350.964
-326.758
-301.49
-274.835
-245.941
-214.834
-181.485
-146.947
-111.211
-81.9223
-65.6978
-72.0697
-80.6341
-39.766
116.251
135.337
154.868
173.929
190.668
204.95
216.037
223.213
226.47
226.142
222.693
216.674
208.53
198.667
187.466
175.205
162.137
148.479
134.389
119.992
105.392
90.6979
76.0431
61.6892
48.1176
35.8818
25.2651
16.2933
8.95736
3.26381
-0.772438
-3.21654
-4.10222
-3.50313
-1.47066
2.18734
7.52811
17.0748
31.2165
91.3102
70.5038
46.2258
19.2833
-8.88084
-39.3861
-71.4122
-104.214
-137.737
-171.403
-204.738
-237.381
-268.776
-298.375
-325.595
-349.824
-370.484
-387.083
-399.207
-406.451
-408.359
-404.66
-395.351
-380.88
-362.202
-341.012
-318.516
-294.592
-269.089
-241.37
-211.408
-179.182
-145.858
-111.652
-83.405
-67.047
-71.1406
-76.0412
-36.1744
110.021
127.595
145.671
163.387
179.007
192.496
203.149
210.258
213.844
214.207
211.742
206.922
200.121
191.666
181.865
170.935
159.086
146.508
133.353
119.756
105.843
91.7414
77.5984
63.6701
50.4038
38.3151
27.7097
18.6668
11.2046
5.34045
1.10598
-1.54452
-2.63541
-2.22972
-0.367353
3.14474
8.38973
17.6908
31.3444
86.4506
67.2072
44.7468
19.8569
-6.06639
-34.1516
-63.6288
-93.8193
-124.724
-155.841
-186.786
-217.279
-246.832
-274.963
-301.14
-324.784
-345.321
-362.26
-375.144
-383.566
-387.005
-385.18
-378.088
-366.096
-349.902
-330.845
-310.042
-287.479
-263.154
-236.626
-207.838
-176.782
-144.7
-111.975
-84.7425
-68.2647
-70.1387
-71.6354
-33.0698
103.789
120.063
136.88
153.424
168.069
180.845
191.078
198.087
201.901
202.797
201.123
197.296
191.638
184.415
175.879
166.195
155.526
144.029
131.842
119.096
105.926
92.4714
78.8852
65.4184
52.4962
40.6028
30.0554
20.9771
13.4153
7.40101
2.98191
0.132188
-1.16063
-0.947319
0.74444
4.10682
9.24295
18.2801
31.4273
81.5397
63.6652
42.8005
19.7142
-4.24439
-30.1947
-57.4085
-85.2593
-113.794
-142.567
-171.263
-199.673
-227.373
-253.951
-278.925
-301.756
-321.905
-338.887
-352.232
-361.541
-366.267
-366.097
-361.006
-351.278
-337.401
-320.409
-301.299
-280.133
-257.031
-231.721
-204.139
-174.293
-143.468
-112.181
-85.9264
-69.342
-69.0917
-67.4788
-30.3517
97.6792
112.818
128.53
144.04
157.826
169.951
179.777
186.662
190.624
191.93
190.893
187.886
183.193
177.039
169.632
161.093
151.544
141.108
129.898
118.035
105.653
92.8919
79.9055
66.9395
54.4018
42.7522
32.3117
23.2377
15.6078
9.46819
4.88266
1.84589
0.357811
0.380032
1.89783
5.10103
10.1086
18.8551
31.4617
76.6826
60.0152
40.5634
19.0733
-3.1493
-27.2061
-52.4058
-78.1614
-104.556
-131.194
-157.806
-184.245
-210.143
-235.151
-258.846
-280.736
-300.323
-317.141
-330.728
-340.681
-346.452
-347.681
-344.326
-336.602
-324.827
-309.782
-292.335
-272.582
-250.735
-226.666
-200.311
-171.705
-142.149
-112.261
-86.9515
-70.2734
-68.0176
-63.6197
-27.9472
91.7597
105.901
120.629
135.218
148.235
159.764
169.199
175.937
179.987
181.607
181.081
178.749
174.871
169.641
163.23
155.729
147.225
137.808
127.565
116.599
105.031
92.998
80.6481
68.2191
56.1036
44.7424
34.4551
25.4252
17.7586
11.519
6.78574
3.57388
1.89722
1.73058
3.07295
6.11052
10.9732
19.4071
31.4473
71.9464
56.3539
38.1643
18.0991
-2.57687
-24.9434
-48.3416
-72.2146
-96.6756
-121.365
-146.054
-170.639
-194.808
-218.263
-240.641
-261.503
-280.386
-296.865
-310.49
-320.86
-327.454
-329.859
-328.014
-322.07
-312.209
-298.999
-283.175
-264.842
-244.273
-221.46
-196.349
-169.01
-140.73
-112.202
-87.8102
-71.0566
-66.9287
-60.0899
-25.8408
86.0743
99.3255
113.176
126.933
139.255
150.231
159.293
165.869
169.96
171.817
171.701
169.926
166.732
162.294
156.758
150.19
142.648
134.195
124.892
114.817
104.077
92.796
81.1127
69.2531
57.5957
46.5651
36.4765
27.5315
19.862
13.5502
8.69049
5.31845
3.46221
3.1103
4.27569
7.13997
11.8398
19.9387
31.3879
67.3715
52.7458
35.6914
16.9078
-2.38255
-23.2326
-45.0089
-67.1877
-89.8963
-112.806
-135.724
-158.583
-181.113
-203.067
-224.128
-243.911
-262.001
-278.009
-291.516
-302.119
-309.33
-312.701
-312.144
-307.758
-299.617
-288.114
-273.856
-256.933
-237.654
-216.106
-192.252
-166.2
-139.199
-111.998
-88.4952
-71.6909
-65.8356
-56.8951
-24.0351
80.6462
93.0968
106.153
119.157
130.843
141.305
150.01
156.412
160.509
162.541
162.752
161.435
158.818
155.059
150.287
144.55
137.885
130.332
121.926
112.723
102.811
92.2954
81.3011
70.0376
58.8698
48.2088
38.3619
29.5422
21.9044
15.5491
10.5857
7.06966
5.04391
4.51129
5.49895
8.18324
12.7035
20.4472
31.2868
62.9828
49.2338
33.207
15.5834
-2.45819
-21.9377
-42.2482
-62.8943
-84.0118
-105.298
-126.591
-147.847
-168.834
-189.346
-209.115
-227.801
-245.039
-260.48
-273.737
-284.412
-292.058
-296.205
-296.733
-293.701
-287.097
-277.173
-264.412
-248.878
-230.891
-210.612
-188.024
-163.272
-137.551
-111.642
-89.0005
-72.1763
-64.7493
-54.0207
-22.5219
75.4855
87.212
99.5452
111.861
122.961
132.943
141.306
147.527
151.6
153.759
154.232
153.293
151.16
147.981
143.872
138.871
132.999
126.276
118.717
110.356
101.258
91.5098
81.2174
70.5719
59.9227
49.666
40.101
31.4463
23.8751
17.5064
12.464
8.822
6.63852
5.93118
6.74093
9.23868
13.5629
20.9329
31.1484
58.7957
45.844
30.7528
14.186
-2.72398
-20.9588
-39.9402
-59.1937
-78.8628
-98.6683
-118.468
-138.238
-157.782
-176.925
-195.441
-213.037
-229.392
-244.197
-257.101
-267.72
-275.639
-280.389
-281.818
-279.945
-274.704
-266.224
-254.881
-240.703
-223.999
-204.987
-183.669
-160.224
-135.776
-111.126
-89.3213
-72.5132
-63.6784
-51.4484
-21.2782
70.5938
81.6619
93.3318
105.015
115.572
125.103
133.139
139.175
143.203
145.45
146.13
145.501
143.775
141.093
137.559
133.207
128.046
122.082
115.313
107.754
99.4473
90.4587
80.8727
70.8598
60.7516
50.9302
41.6839
33.2321
25.7626
19.4114
14.3156
10.5673
8.23922
7.3644
7.9968
10.3021
14.4147
21.395
30.9768
54.8164
42.5939
28.3616
12.759
-3.11711
-20.2194
-37.988
-55.9737
-74.3208
-92.7707
-111.198
-129.597
-147.794
-165.647
-182.964
-199.49
-214.952
-229.075
-241.545
-252.003
-260.056
-265.256
-267.416
-266.528
-262.481
-255.314
-245.302
-232.434
-216.996
-199.243
-179.19
-157.052
-133.868
-110.445
-89.4542
-72.7021
-62.629
-49.1622
-20.2809
65.968
76.4324
87.4916
98.59
108.642
117.748
125.47
131.32
135.286
137.59
138.433
138.061
136.678
134.418
131.384
127.6
123.074
117.799
111.76
104.956
97.4097
89.1634
80.2804
70.9078
61.358
51.9976
43.1026
34.8897
27.5562
21.2537
16.1312
12.2976
9.83963
8.80598
9.26241
11.3701
15.2564
21.8336
30.777
51.0458
39.4946
26.0516
11.3373
-3.59376
-19.6571
-36.3169
-53.1419
-70.281
-87.4884
-104.654
-121.786
-138.732
-155.372
-171.548
-187.038
-201.611
-215.028
-227.01
-237.224
-245.293
-250.806
-253.546
-253.48
-250.472
-244.487
-235.713
-224.1
-209.901
-193.389
-174.593
-153.754
-131.82
-109.593
-89.3969
-72.7451
-61.6048
-47.149
-19.5179
61.6017
71.5095
82.0042
92.56
102.139
110.844
118.265
123.928
127.82
130.156
131.127
130.965
129.871
127.974
125.37
122.087
118.124
113.47
108.101
102.002
95.1763
87.6471
79.455
70.7243
61.7452
52.8665
44.3512
36.41
29.2458
23.0227
17.9011
14.0043
11.4324
10.2499
10.5327
12.4384
16.0853
22.2485
30.5535
47.4824
36.552
23.8381
9.94321
-4.11743
-19.2268
-34.8669
-50.6287
-66.659
-82.7257
-98.7295
-114.691
-130.473
-145.979
-161.075
-175.574
-189.276
-201.978
-213.433
-223.334
-231.325
-237.034
-240.219
-240.83
-238.715
-233.784
-226.151
-215.732
-202.735
-187.439
-169.885
-150.329
-129.628
-108.566
-89.1493
-72.6445
-60.6085
-45.3956
-18.9835
57.4861
66.8791
76.8495
86.8992
96.034
104.359
111.491
116.969
120.778
123.126
124.196
124.208
123.357
121.77
119.54
116.693
113.229
109.133
104.374
98.9264
92.7789
85.9358
78.4165
70.3222
61.919
53.537
45.4253
37.7853
30.8216
24.7085
19.6152
15.6784
13.0098
11.6896
11.8024
13.5027
16.8987
22.6398
30.3106
44.1213
33.7668
21.7302
8.5946
-4.66291
-18.8914
-33.5929
-48.3759
-63.386
-78.4028
-93.3381
-108.218
-122.922
-137.368
-151.447
-165.001
-177.857
-189.846
-200.749
-210.29
-218.127
-223.929
-227.442
-228.598
-227.243
-223.244
-216.654
-207.359
-195.52
-181.409
-165.074
-146.78
-127.291
-107.362
-88.7131
-72.4038
-59.6415
-43.8867
-18.6705
53.6123
62.5262
72.0077
81.5832
90.3007
98.2659
105.121
110.416
114.134
116.479
117.624
117.779
117.134
115.813
113.906
111.441
108.418
104.82
100.614
95.7642
90.2488
84.056
77.1857
69.7154
61.8873
54.0119
46.3225
39.0095
32.2753
26.3013
21.2638
17.3106
14.5638
13.1182
13.0658
14.5584
17.6938
23.0078
30.0529
40.9568
31.1386
19.7318
7.30268
-5.21025
-18.6236
-32.4569
-46.3372
-60.4048
-74.4543
-88.4033
-102.284
-115.988
-129.448
-142.575
-155.23
-167.274
-178.561
-188.901
-198.044
-205.668
-211.478
-215.215
-216.801
-216.083
-212.903
-207.257
-199.012
-188.279
-175.314
-160.169
-143.11
-124.808
-105.981
-88.0917
-72.0276
-58.7052
-42.6045
-18.5659
49.9694
58.4365
67.4599
76.5903
84.9143
92.5391
99.1268
104.242
107.866
110.196
111.397
111.669
111.197
110.104
108.478
106.348
103.713
100.559
96.8503
92.5465
87.6163
82.0343
75.7835
68.9197
61.6611
54.2966
47.0432
40.0785
33.5997
27.7922
22.8373
18.8915
16.0857
14.5281
14.3166
15.6007
18.468
23.3525
29.7848
37.9819
28.6641
17.846
6.07576
-5.74667
-18.4018
-31.4307
-44.4751
-57.6727
-70.8268
-83.8647
-96.8206
-109.597
-122.14
-134.374
-146.183
-157.451
-168.055
-177.829
-186.55
-193.915
-199.662
-203.538
-205.453
-205.261
-202.789
-197.992
-190.719
-181.036
-169.172
-155.183
-139.324
-122.182
-104.424
-87.2903
-71.5212
-57.7994
-41.5301
-18.651
46.5462
54.5965
63.1899
71.9004
79.8534
87.1546
93.4857
98.4237
101.949
104.255
105.496
105.865
105.541
104.645
103.262
101.423
99.1318
96.3722
93.1094
89.3013
84.9093
79.8969
74.2329
67.9536
61.253
54.3982
47.5894
40.9899
34.7891
29.1735
24.3265
20.4117
17.567
15.9116
15.5486
16.6249
19.2187
23.6744
29.51
35.1891
26.3397
16.0727
4.91869
-6.25985
-18.2097
-30.4906
-42.7597
-55.1503
-67.477
-79.6714
-91.7711
-103.687
-115.376
-126.776
-137.79
-148.32
-158.262
-167.476
-175.761
-182.835
-188.462
-192.402
-194.559
-194.793
-192.93
-188.89
-182.51
-173.815
-163.001
-150.127
-135.429
-119.415
-102.697
-86.3156
-70.8912
-56.9228
-40.6423
-18.9024
43.3329
50.9917
59.1809
67.4958
75.0974
82.09
88.1743
92.9395
96.3663
98.64
99.9092
100.356
100.158
99.431
98.2594
96.6763
94.6868
92.2772
89.4139
86.0537
82.1535
77.6689
72.5568
66.8358
60.6771
54.3257
47.9649
41.7434
35.8394
30.4379
25.7232
21.8625
18.9985
17.2606
16.7551
17.6258
19.9435
23.9737
29.2321
32.5701
24.1609
14.4111
3.83429
-6.74224
-18.0342
-29.6177
-41.1656
-52.8073
-64.3661
-75.7784
-87.0837
-98.202
-109.097
-119.72
-129.986
-139.817
-149.126
-157.791
-165.632
-172.394
-177.855
-181.799
-184.121
-184.695
-183.349
-179.977
-174.411
-166.638
-156.822
-145.015
-131.436
-116.516
-100.805
-85.1759
-70.1438
-56.0728
-39.919
-19.2955
40.319
47.6101
55.4178
63.3578
70.626
77.3247
83.1722
87.7697
91.0967
93.3324
94.6191
95.1309
95.0395
94.4586
93.471
92.1118
90.3882
88.2888
85.7817
82.8248
79.372
75.373
70.7762
65.585
59.9483
54.09
48.176
42.3399
36.7479
31.5805
27.0196
23.2347
20.3718
18.5669
17.9291
18.5985
20.6399
24.251
28.9541
30.1173
22.1225
12.8588
2.82384
-7.18901
-17.8656
-28.7981
-39.6738
-50.6185
-61.4632
-72.15
-82.7177
-93.0946
-103.253
-113.15
-122.717
-131.888
-140.592
-148.724
-156.122
-162.556
-167.819
-171.716
-174.14
-174.978
-174.064
-171.278
-166.447
-159.529
-150.651
-139.863
-127.353
-113.49
-98.7568
-83.8791
-69.2871
-55.2447
-39.3377
-19.805
37.4943
44.4386
51.8857
59.4698
66.4216
72.8405
78.46
82.8949
86.1222
88.3161
89.6121
90.1765
90.1761
89.7218
88.895
87.7318
86.2423
84.4173
82.2278
79.6328
76.5853
73.0309
68.9119
64.2193
59.0821
53.7024
48.2297
42.7825
37.5136
32.5963
28.209
24.5205
21.6782
19.8224
19.0637
19.538
21.3053
24.5065
28.6784
27.823
20.2183
11.4133
1.88772
-7.59616
-17.6959
-28.0196
-38.2677
-48.5624
-58.7422
-68.7544
-78.6372
-88.326
-97.7976
-107.019
-115.932
-124.482
-132.611
-140.227
-147.19
-153.286
-158.326
-162.138
-164.61
-165.646
-165.091
-162.814
-158.643
-152.51
-144.509
-134.685
-123.196
-110.349
-96.5611
-82.4365
-68.3277
-54.4339
-38.8765
-20.4062
34.8485
41.4652
48.571
55.8178
62.468
68.6204
74.0208
78.2975
81.4263
83.5754
84.874
85.481
85.5581
85.2138
84.5277
83.5369
82.2537
80.6716
78.7644
76.4931
73.8109
70.6619
66.9839
62.7582
58.0948
53.1758
48.1347
43.0758
38.1369
33.4828
29.2857
25.7125
22.9094
21.019
20.152
20.4392
21.9376
24.7405
28.4071
25.6791
18.4432
10.0703
1.02557
-7.96163
-17.5197
-27.2725
-36.9345
-46.6218
-56.182
-65.5659
-74.8122
-83.8604
-92.6945
-101.286
-109.587
-117.554
-125.138
-132.26
-138.795
-144.553
-149.353
-153.047
-155.525
-156.702
-156.44
-154.602
-151.017
-145.602
-138.416
-129.497
-118.976
-107.103
-94.23
-80.8571
-67.2734
-53.6349
-38.5127
-21.0755
32.372
38.679
45.4615
52.3872
58.7503
64.6484
69.8382
73.9616
76.9931
79.0954
80.3916
81.033
81.1769
80.9281
80.3651
79.5258
78.4245
77.0572
75.4006
73.418
71.0642
68.2835
65.0105
61.2187
57.0018
52.523
47.9008
43.2254
38.6198
34.2382
30.2456
26.804
24.0576
22.1489
21.187
21.2971
22.5343
24.9536
28.1417
23.6777
16.7906
8.82642
0.235645
-8.28401
-17.3331
-26.5498
-35.6623
-44.782
-53.7639
-62.5614
-71.2149
-79.6679
-87.9079
-95.9139
-103.644
-111.064
-118.133
-124.783
-130.903
-136.322
-140.873
-144.426
-146.875
-148.146
-148.119
-146.655
-143.589
-138.824
-132.391
-124.318
-114.709
-103.764
-91.7762
-79.1526
-66.1308
-52.8396
-38.2254
-21.7898
30.0556
36.069
42.5444
49.1645
55.2542
60.9092
65.8971
69.8718
72.8079
74.8622
76.1517
76.8208
77.0217
76.8567
76.4015
75.6956
74.7547
73.5773
72.143
70.4179
68.3588
65.9106
63.0075
59.6172
55.8186
51.7574
47.5383
43.2384
38.9657
34.8626
31.0852
27.7897
25.1161
23.2046
22.1621
22.1069
23.093
25.1455
27.883
21.8113
15.2545
7.67757
-0.484206
-8.56284
-17.1322
-25.8452
-34.442
-43.0299
-51.4709
-59.7219
-67.8224
-75.7211
-83.4087
-90.869
-98.0668
-104.975
-111.558
-117.759
-123.478
-128.564
-132.862
-136.257
-138.648
-139.974
-140.132
-138.984
-136.374
-132.194
-126.45
-119.163
-110.41
-100.348
-89.2124
-77.3345
-64.9063
-52.0426
-37.9934
-22.5273
27.8903
33.6248
39.8086
46.138
51.9668
57.3892
62.1834
66.0144
68.8571
70.8624
72.1419
72.8331
73.0828
72.9912
72.6312
72.0429
71.2438
70.234
68.9965
67.5004
65.7047
63.5561
60.9896
57.9689
54.5599
50.8923
47.0581
43.1224
39.1789
35.357
31.803
28.6653
26.0787
24.1792
23.0708
22.8637
23.6111
25.3164
27.6315
20.0726
13.8291
6.61916
-1.13627
-8.79859
-16.9157
-25.1543
-33.2668
-41.3561
-49.2911
-57.0311
-64.6157
-71.998
-79.1709
-86.123
-92.8245
-99.2531
-105.38
-111.155
-116.49
-121.251
-125.293
-128.519
-130.831
-132.18
-132.479
-131.597
-129.384
-125.727
-120.613
-114.051
-106.098
-96.8695
-86.5542
-75.4141
-63.6065
-51.2366
-37.7982
-23.2687
25.8677
31.3374
37.2435
43.2958
48.8756
54.0756
58.6834
62.3762
65.1279
67.0839
68.3505
69.0589
69.3509
69.3234
69.0472
68.5628
67.889
67.0275
65.9643
64.6716
63.1109
61.2315
58.97
56.2877
53.2396
49.9406
46.4712
42.886
39.2649
35.7238
32.398
29.4274
26.9404
25.0669
23.9072
23.563
24.0863
25.4657
27.3872
18.4545
12.5084
5.64687
-1.72348
-8.99229
-16.6822
-24.4739
-32.1313
-39.7526
-47.213
-54.4755
-61.5781
-68.4786
-75.172
-81.6509
-87.8896
-93.8701
-99.5683
-104.94
-109.91
-114.355
-118.145
-121.193
-123.41
-124.757
-125.16
-124.498
-122.629
-119.438
-114.895
-108.999
-101.789
-93.3456
-83.8161
-73.404
-62.2376
-50.415
-37.6219
-23.9963
23.9794
29.1977
34.8392
40.627
45.9692
50.9563
55.3852
58.9447
61.6075
63.5144
64.7663
65.4882
65.8164
65.8449
65.6427
65.2504
64.6871
63.957
63.0481
61.9355
60.5841
58.9457
56.9599
54.5864
51.8708
48.9148
45.7889
42.5382
39.2299
35.9662
32.871
30.0743
27.6971
25.8624
24.6659
24.2002
24.516
25.5927
27.1499
16.9501
11.2866
4.75619
-2.24883
-9.14517
-16.4313
-23.8012
-31.0297
-38.2113
-45.2267
-52.0422
-58.6946
-65.1455
-71.3925
-77.4301
-83.2375
-88.7992
-94.0957
-99.0881
-103.709
-107.85
-111.392
-114.26
-116.371
-117.694
-118.171
-117.69
-116.116
-113.338
-109.31
-104.023
-97.4998
-89.7936
-81.0145
-71.3169
-60.8049
-49.572
-37.4482
-24.6932
22.218
27.1968
32.5862
38.1216
43.2368
48.0202
52.2775
55.708
58.2848
60.143
61.3784
62.11
62.4693
62.5475
62.4107
62.0997
61.6344
61.0201
60.2477
59.2949
58.1294
56.7066
54.9688
52.8759
50.4653
47.8268
45.0221
42.0883
39.0809
36.0888
33.2235
30.6051
28.3461
26.5618
25.3422
24.7714
24.8977
25.6962
26.9185
15.5528
10.1582
3.94265
-2.71544
-9.25882
-16.1632
-23.1345
-29.9591
-36.7265
-43.3243
-49.7208
-55.9522
-61.9831
-67.8137
-73.4407
-78.846
-84.0171
-88.9376
-93.5724
-97.8626
-101.713
-105.015
-107.7
-109.697
-110.98
-111.506
-111.171
-109.851
-107.436
-103.871
-99.1385
-93.249
-86.2308
-78.1656
-69.1655
-59.3152
-48.7013
-37.262
-25.345
20.576
25.3268
30.4759
35.7703
40.6684
45.2567
49.349
52.6553
55.1485
56.9584
58.1761
58.9147
59.3007
59.4223
59.3436
59.1046
58.7259
58.2143
57.5624
56.751
55.7505
54.5198
53.0047
51.1658
49.0338
46.6878
44.1815
41.5458
38.8255
36.0966
33.4585
31.0203
28.8857
27.1618
25.9323
25.273
25.229
25.7747
26.6917
14.2565
9.11781
3.20189
-3.12659
-9.33539
-15.8781
-22.473
-28.9164
-35.2943
-41.4995
-47.5031
-53.3405
-58.9793
-64.4211
-69.6649
-74.6954
-79.502
-84.0705
-88.37
-92.3483
-95.9207
-98.9906
-101.497
-103.374
-104.606
-105.158
-104.94
-103.836
-101.74
-98.5896
-94.3604
-89.0523
-82.6749
-75.2858
-66.9627
-57.7736
-47.7987
-37.0504
-25.9378
19.0465
23.58
28.4996
33.5638
38.2542
42.6557
46.5895
49.7764
52.1884
53.9505
55.1497
55.8926
56.3017
56.4617
56.4343
56.2589
55.957
55.5361
54.9906
54.304
53.4497
52.39
51.0744
49.4647
47.5861
45.508
43.2775
40.92
38.4714
35.9956
33.5796
31.3214
29.3158
27.6607
26.4333
25.702
25.5076
25.8263
26.4679
13.0553
8.16033
2.52961
-3.48546
-9.37679
-15.5769
-21.8155
-27.8992
-33.9102
-39.7461
-45.3812
-50.8494
-56.1215
-61.2007
-66.0874
-70.7684
-75.2349
-79.4744
-83.4597
-87.1442
-90.4534
-93.3008
-95.6306
-97.3872
-98.5575
-99.1199
-98.9934
-98.0717
-96.2546
-93.4742
-89.7007
-84.9249
-79.1423
-72.3908
-64.7212
-56.186
-46.8595
-36.8011
-26.459
17.623
21.9493
26.6498
31.4939
35.9857
40.2079
43.9895
47.0609
49.3945
51.1098
52.2897
53.0349
53.4635
53.657
53.675
53.5562
53.3222
52.9812
52.5297
51.9533
51.2282
50.3203
49.183
47.7798
46.1307
44.2969
42.3198
40.2202
38.0269
35.7922
33.5913
31.5111
29.6368
28.0575
26.8435
26.056
25.7315
25.8491
26.2447
11.9435
7.28082
1.92167
-3.79536
-9.38529
-15.2606
-21.1621
-26.9061
-32.571
-38.0597
-43.3484
-48.4708
-53.3998
-58.1401
-62.6936
-67.0489
-71.1983
-75.1309
-78.8221
-82.231
-85.2914
-87.9263
-90.0853
-91.7208
-92.8239
-93.3821
-93.3257
-92.5574
-90.9828
-88.5323
-85.1701
-80.8802
-75.648
-69.4956
-62.4524
-54.5583
-45.8795
-36.5037
-26.8974
16.2993
20.4278
24.919
29.5526
33.8542
37.9044
41.5397
44.5
46.7575
48.4268
49.5866
50.3325
50.7776
51.0007
51.0587
50.9898
50.8157
50.5454
50.1767
49.6974
49.0866
48.3133
47.3348
46.1168
44.6749
43.063
41.3174
39.4556
37.5001
35.4932
33.4989
31.5928
29.8508
28.3527
27.1622
26.3335
25.8989
25.8409
26.0195
10.9157
6.47457
1.37409
-4.05922
-9.36304
-14.9302
-20.5127
-25.9355
-31.2737
-36.4357
-41.3993
-46.1974
-50.8054
-55.229
-59.4715
-63.5229
-67.3768
-71.023
-74.4396
-77.5901
-80.4165
-82.8498
-84.8447
-86.3605
-87.392
-87.9356
-87.9312
-87.2909
-85.9265
-83.7687
-80.7771
-76.9302
-72.2059
-66.6138
-60.1678
-52.8961
-44.8565
-36.1491
-27.2433
15.0693
19.0092
23.2999
27.7322
31.8517
35.7371
39.2315
42.0849
44.2685
45.8927
47.0319
47.7767
48.2358
48.4846
48.578
48.5534
48.4321
48.224
47.9281
47.5342
47.0242
46.3699
45.5328
44.4804
43.2251
41.8139
40.2788
38.6347
36.8991
35.1059
33.3082
31.5707
29.9604
28.5476
27.3894
26.5337
26.0085
25.7998
25.7897
9.96699
5.73688
0.883078
-4.28018
-9.3123
-14.5869
-19.8671
-24.9864
-30.0166
-34.8708
-39.5289
-44.0227
-48.33
-52.4579
-56.41
-60.1779
-63.7562
-67.1355
-70.2959
-73.2049
-75.8115
-78.0545
-79.8927
-81.2919
-82.2503
-82.7709
-82.8034
-82.2689
-81.0861
-79.1872
-76.5287
-73.0848
-68.828
-63.7581
-57.8778
-51.2049
-43.7889
-35.7307
-27.49
13.9274
17.687
21.7863
26.0256
29.9708
33.6978
37.057
39.8069
41.9191
43.4991
44.6174
45.3597
45.8301
46.1014
46.2259
46.2402
46.1656
46.0121
45.7803
45.4615
45.04
44.4909
43.7792
42.8747
41.7867
40.5563
39.2116
37.7657
36.2322
34.6377
33.0254
31.45
29.9693
28.6446
27.5264
26.6567
26.0596
25.7239
25.5523
9.09231
5.06358
0.444835
-4.46125
-9.23507
-14.2321
-19.2258
-24.058
-28.7974
-33.3617
-37.7323
-41.9408
-45.9667
-49.8178
-53.4988
-57.0023
-60.3237
-63.4543
-66.3759
-69.0598
-71.4607
-73.5247
-75.2145
-76.5014
-77.3864
-77.878
-77.9351
-77.4874
-76.4607
-74.7902
-72.4307
-69.3522
-65.5246
-60.9398
-55.5921
-49.4908
-42.6765
-35.2441
-27.6332
12.8682
16.4558
20.3717
24.4264
28.2043
31.7795
35.0084
37.6586
39.7016
41.238
42.335
43.0735
43.5531
43.8438
43.9956
44.0441
44.0104
43.905
43.7291
43.4762
43.1325
42.6761
42.0755
41.3024
40.3641
39.296
38.123
36.8563
35.5072
34.0959
32.6572
31.2361
29.8818
28.6467
27.575
26.7032
26.0518
25.6118
25.3044
8.28701
4.45043
0.0558874
-4.60529
-9.13366
-13.8671
-18.5891
-23.1499
-27.6146
-31.9058
-36.0064
-39.947
-43.7092
-47.3014
-50.729
-53.9857
-57.0676
-59.9665
-62.666
-65.1401
-67.3493
-69.2455
-70.7954
-71.975
-72.788
-73.2469
-73.3188
-72.9415
-72.0487
-70.5789
-68.4868
-65.7393
-62.3047
-58.1686
-53.3197
-47.7601
-41.5213
-34.6876
-27.6717
11.8868
15.3096
19.0503
22.9279
26.5455
29.9747
33.0782
35.6323
37.6081
39.102
40.1775
40.9109
41.3975
41.7047
41.8803
41.9588
41.9609
41.8975
41.7707
41.5754
41.2998
40.9248
40.4222
39.7661
38.9612
38.0382
37.019
35.9139
34.7317
33.4882
32.2105
30.9351
29.7028
28.5577
27.538
26.6746
25.9852
25.4621
25.0435
7.54656
3.89347
-0.287213
-4.71507
-9.00997
-13.4931
-17.9575
-22.2616
-26.4671
-30.5007
-34.3473
-38.0364
-41.5516
-44.9016
-48.0926
-51.119
-53.9775
-56.6607
-59.1534
-61.4326
-63.4631
-65.2025
-66.6216
-67.6998
-68.4432
-68.8672
-68.9462
-68.6258
-67.8471
-66.5534
-64.6998
-62.2516
-59.1758
-55.4534
-51.0692
-46.0195
-40.3266
-34.0621
-27.6079
10.978
14.2434
17.816
21.5242
24.9878
28.2768
31.2598
33.721
35.6317
37.0838
38.1374
38.8645
39.3565
39.6776
39.8737
39.9782
40.0117
39.9848
39.9007
39.7556
39.5396
39.236
38.8197
38.267
37.5808
36.7872
35.9055
34.945
33.9132
32.822
31.6924
30.5533
29.4377
28.382
27.4185
26.573
25.8603
25.2739
24.7668
6.86676
3.38879
-0.587681
-4.79331
-8.86599
-13.1115
-17.3318
-21.3928
-25.3533
-29.1442
-32.7519
-36.205
-39.4886
-42.6121
-45.5819
-48.3935
-51.044
-53.5263
-55.8267
-57.9248
-59.7892
-61.3829
-62.6795
-63.6627
-64.3396
-64.7281
-64.8086
-64.5342
-63.8526
-62.7128
-61.0716
-58.8932
-56.1441
-52.802
-48.8488
-44.2757
-39.0972
-33.3711
-27.4464
10.1372
13.2519
16.6637
20.2093
23.5254
26.6796
29.5464
31.9178
33.7653
35.1764
36.208
36.9278
37.4233
37.7559
37.9696
38.0966
38.1571
38.162
38.115
38.0136
37.8495
37.6083
37.2678
36.8064
36.2254
35.5468
34.7875
33.9558
33.0585
32.1047
31.1102
30.0974
29.0925
28.1246
27.2202
26.4007
25.6782
25.0464
24.472
6.24349
2.93283
-0.84878
-4.8425
-8.70393
-12.7236
-16.7123
-20.5431
-24.2723
-27.8346
-31.2176
-34.449
-37.5158
-40.4274
-43.1906
-45.8016
-48.2581
-50.5535
-52.6754
-54.6051
-56.3155
-57.7738
-58.9567
-59.8513
-60.4654
-60.8188
-60.8969
-60.6595
-60.0608
-59.0555
-57.6028
-55.667
-53.2145
-50.2208
-46.6653
-42.5357
-37.839
-32.6194
-27.1932
9.35997
12.3306
15.5881
18.9779
22.1522
25.1769
27.9317
30.2166
32.0025
33.3734
34.3827
35.0942
35.5915
35.9335
36.162
36.3083
36.3922
36.4244
36.4095
36.3458
36.2268
36.04
35.766
35.385
34.8968
34.3202
33.6693
32.9521
32.1745
31.3436
30.4713
29.5745
28.6734
27.7906
26.9474
26.1606
25.4398
24.7791
24.1563
5.67289
2.52211
-1.0735
-4.86517
-8.52562
-12.3305
-16.0996
-19.7127
-23.2234
-26.57
-29.7416
-32.7649
-35.6286
-38.3419
-40.9122
-43.3362
-45.612
-47.7336
-49.6894
-51.4632
-53.0309
-54.3636
-55.441
-56.2531
-56.8087
-57.1284
-57.2016
-56.9941
-56.4663
-55.5783
-54.2926
-52.5745
-50.3906
-47.7149
-44.5252
-40.8063
-36.5583
-31.813
-26.8553
8.64218
11.4747
14.5846
17.8248
20.8631
23.7632
26.41
28.6111
30.3373
31.6686
32.6555
33.3578
33.8553
34.2045
34.4453
34.608
34.7118
34.7674
34.78
34.7489
34.6689
34.5293
34.3132
34.0028
33.5965
33.1099
32.555
31.9391
31.2674
30.5457
29.7831
28.9919
28.1871
27.3858
26.6044
25.8558
25.1468
24.4715
23.8173
5.15132
2.15331
-1.26465
-4.86367
-8.3328
-11.9336
-15.4943
-18.9013
-22.2055
-25.3488
-28.3216
-31.1497
-33.8229
-36.3509
-38.7411
-40.9907
-43.0983
-45.0582
-46.8601
-48.4893
-49.9247
-51.1413
-52.1212
-52.8569
-53.3583
-53.646
-53.7128
-53.5296
-53.0626
-52.2771
-51.1392
-49.6157
-47.6743
-45.2881
-42.4336
-39.0931
-35.261
-30.9582
-26.4397
7.97981
10.6802
13.6484
16.7453
19.6529
22.433
24.9758
27.0957
28.7638
30.0562
31.0204
31.7126
32.2089
32.5635
32.8142
32.9906
33.1111
33.1867
33.2227
33.2195
33.173
33.0743
32.9086
32.6598
32.3256
31.9182
31.448
30.9212
30.3429
29.7179
29.0528
28.3568
27.6406
26.9165
26.1964
25.4898
24.8008
24.1233
23.4524
4.67536
1.82336
-1.425
-4.84028
-8.12726
-11.5342
-14.8971
-18.109
-21.2181
-24.1698
-26.9555
-29.6003
-32.0952
-34.4499
-36.6717
-38.7588
-40.7099
-42.5197
-44.1789
-45.6745
-46.9876
-48.0968
-48.9865
-49.6518
-50.103
-50.3608
-50.4204
-50.2574
-49.8428
-49.1469
-48.1397
-46.7898
-45.0667
-42.9429
-40.3942
-37.4011
-33.9531
-30.061
-25.9528
7.36919
9.94315
12.7756
15.7349
18.5169
21.1815
23.6238
25.6651
27.2767
28.5307
29.4719
30.153
30.6469
31.005
31.2636
31.4511
31.5857
31.678
31.7338
31.7542
31.7364
31.6728
31.5508
31.3558
31.0845
30.7468
30.3511
29.9028
29.4065
28.8665
28.2878
27.6768
27.0411
26.3892
25.7289
25.0667
24.4042
23.7347
23.0596
4.24182
1.52935
-1.557
-4.79708
-7.91068
-11.1333
-14.3087
-17.3358
-20.2605
-23.0315
-25.6414
-28.1141
-30.4419
-32.6345
-34.6994
-36.6351
-38.4405
-40.1111
-41.6381
-43.0101
-44.2104
-45.2204
-46.0272
-46.6276
-47.0326
-47.2625
-47.3147
-47.1684
-46.7992
-46.1819
-45.2898
-44.0946
-42.5671
-40.6804
-38.4098
-35.7343
-32.6392
-29.127
-25.4006
6.80683
9.25975
11.962
14.7893
17.4507
20.0041
22.3493
24.3145
25.8707
27.0869
28.0049
28.6742
29.1642
29.5242
29.7886
29.985
30.131
30.2372
30.3096
30.35
30.3565
30.3229
30.2385
30.0901
29.8739
29.5971
29.2668
28.8873
28.463
27.9975
27.4948
26.9593
26.3962
25.8108
25.208
24.5911
23.9597
23.3064
22.6373
3.84769
1.26855
-1.66306
-4.73602
-7.68458
-10.7319
-13.7295
-16.5816
-19.3322
-21.9329
-24.3773
-26.6885
-28.8597
-30.9009
-32.8192
-34.6138
-36.284
-37.8254
-39.2302
-40.4881
-41.5846
-42.5034
-43.2339
-43.7747
-44.1371
-44.3413
-44.3859
-44.2537
-43.9241
-43.3756
-42.5851
-41.5271
-40.1744
-38.501
-36.4821
-34.0958
-31.3239
-28.1615
-24.7891
6.28945
8.6265
11.2039
13.9047
16.45
18.8963
21.1477
23.0389
24.5412
25.7201
26.6146
27.2712
27.7561
28.1164
28.3848
28.588
28.7432
28.8606
28.9468
29.0038
29.0307
29.0226
28.9703
28.8622
28.6937
28.4702
28.1971
27.878
27.5167
27.1164
26.6803
26.2115
25.7132
25.1886
24.64
24.0684
23.4712
22.8402
22.1851
3.49011
1.03844
-1.74538
-4.659
-7.45045
-10.3312
-13.1599
-15.8464
-18.4325
-20.8727
-23.1615
-25.3211
-27.3457
-29.2452
-31.0269
-32.6901
-34.2346
-35.6563
-36.9482
-38.101
-39.1021
-39.9373
-40.5977
-41.084
-41.4075
-41.5878
-41.6251
-41.5047
-41.2095
-40.7213
-40.0203
-39.0837
-37.8866
-36.4042
-34.6124
-32.4884
-30.0111
-27.17
-24.1247
5.81396
8.04009
10.4979
13.077
15.5108
17.8539
20.0145
21.834
23.2837
24.4256
25.2964
25.9396
26.4181
26.7772
27.048
27.2561
27.4183
27.5448
27.6419
27.7127
27.7566
27.7699
27.745
27.6714
27.5442
27.3669
27.1437
26.8775
26.5713
26.2281
25.8502
25.4401
24.9995
24.53
24.0319
23.5043
22.943
22.3389
21.7038
3.16644
0.836588
-1.80607
-4.56771
-7.20959
-9.932
-12.6005
-15.1303
-17.5609
-19.8498
-21.9923
-24.0096
-25.897
-27.664
-29.3181
-30.8591
-32.2868
-33.5978
-34.7855
-35.8417
-36.7552
-37.5138
-38.1104
-38.5468
-38.8348
-38.9932
-39.0235
-38.9132
-38.6479
-38.2126
-37.5902
-36.7606
-35.7014
-34.3896
-32.8015
-30.9144
-28.705
-26.1578
-23.4139
5.37748
7.49731
9.84037
12.3026
14.6291
16.8726
18.9456
20.6955
22.0939
23.1993
24.0462
24.6751
25.1463
25.5028
25.7743
25.9856
26.1528
26.2862
26.3921
26.474
26.5319
26.563
26.5611
26.5169
26.4251
26.2879
26.1081
25.8879
25.63
25.3366
25.0099
24.6514
24.262
23.8421
23.3906
22.9052
22.3803
21.8059
21.1956
2.87414
0.660757
-1.84714
-4.46384
-6.96328
-9.53517
-12.0516
-14.433
-16.7168
-18.8631
-20.8679
-22.7518
-24.5107
-26.154
-27.6891
-29.1163
-30.4356
-31.644
-32.7356
-33.703
-34.5364
-35.2251
-35.7637
-36.1549
-36.4106
-36.5493
-36.5728
-36.4709
-36.2318
-35.8428
-35.2894
-34.554
-33.6167
-32.4563
-31.0505
-29.3764
-27.4096
-25.1307
-22.6638
4.97717
6.99522
9.2282
11.5782
13.8013
15.9488
17.937
19.6194
20.9676
22.037
22.8598
23.474
23.9369
24.2895
24.5602
24.773
24.9436
25.0819
25.1946
25.2851
25.3543
25.4001
25.4173
25.3979
25.3364
25.2335
25.0913
24.9112
24.6955
24.4459
24.164
23.8508
23.5069
23.1316
22.7229
22.2774
21.7886
21.2458
20.6635
2.61083
0.508791
-1.87038
-4.34888
-6.71277
-9.14154
-11.5138
-13.7545
-15.8996
-17.9115
-19.7869
-21.5457
-23.1842
-24.7119
-26.1362
-27.4574
-28.6761
-29.7896
-30.7926
-31.6784
-32.4385
-33.0637
-33.5497
-33.9001
-34.1268
-34.2476
-34.2649
-34.1704
-33.9542
-33.6056
-33.1126
-32.4599
-31.6299
-30.6036
-29.3599
-27.8769
-26.1292
-24.0944
-21.8817
4.61052
6.53099
8.65832
10.9003
13.024
15.0789
16.985
18.6019
19.9011
20.9351
21.7338
22.3327
22.7863
23.1339
23.4026
23.6154
23.7877
23.9292
24.0466
24.1438
24.2218
24.2794
24.3125
24.3138
24.2778
24.2043
24.0943
23.9491
23.7701
23.5587
23.3163
23.0433
22.7397
22.4045
22.0351
21.6272
21.1736
20.6633
20.1111
2.37432
0.378716
-1.87755
-4.22431
-6.45914
-8.75184
-10.9872
-13.0949
-15.1088
-16.994
-18.7478
-20.389
-21.9149
-23.3347
-24.6555
-25.8783
-27.0036
-28.0293
-28.9506
-29.7616
-30.4548
-31.0223
-31.4607
-31.7745
-31.9753
-32.0802
-32.092
-32.004
-31.8079
-31.4948
-31.0546
-30.4744
-29.7387
-28.8306
-27.7309
-26.4185
-24.8679
-23.0547
-21.0746
4.27506
6.10199
8.12794
10.2662
12.294
14.2595
16.0863
17.6397
18.891
19.89
20.6646
21.2477
21.6913
22.0329
22.2983
22.5098
22.6824
22.8255
22.946
23.0478
23.1325
23.1994
23.2452
23.2637
23.2491
23.2004
23.1181
23.0028
22.8557
22.6779
22.4701
22.2327
21.9652
21.6662
21.3327
20.9601
20.5407
20.063
19.5425
2.1625
0.268674
-1.87024
-4.09144
-6.20345
-8.36681
-10.4723
-12.4539
-14.3439
-16.1096
-17.7489
-19.2799
-20.7004
-22.0193
-23.2438
-24.375
-25.4138
-26.3582
-27.2042
-27.9466
-28.5787
-29.0938
-29.4893
-29.7703
-29.9483
-30.0392
-30.0464
-29.9642
-29.7859
-29.5041
-29.1103
-28.5935
-27.9405
-27.1364
-26.1641
-25.0035
-23.6297
-22.017
-20.2492
3.96851
5.70579
7.63444
9.67295
11.6085
13.4879
15.2378
16.7294
17.9339
18.8985
19.649
20.216
20.649
20.9838
21.2448
21.4539
21.6254
21.7687
21.8907
21.9954
22.0848
22.1587
22.2146
22.247
22.2501
22.2222
22.1632
22.0737
21.9542
21.8056
21.6284
21.4225
21.1873
20.9211
20.6206
20.281
19.8943
19.4491
18.9609
1.97336
0.176868
-1.85
-3.95147
-5.94657
-7.98707
-9.96935
-11.8316
-13.6045
-15.2574
-16.789
-18.2165
-19.5382
-20.763
-21.8977
-22.9437
-23.9021
-24.7715
-25.5482
-26.2277
-26.804
-27.2715
-27.6285
-27.8802
-28.0379
-28.1168
-28.1202
-28.0436
-27.8813
-27.6272
-27.2742
-26.813
-26.2326
-25.52
-24.66
-23.6342
-22.4183
-20.9864
-19.4118
3.68867
5.33998
7.17531
9.11803
10.9648
12.761
14.4365
15.8679
17.0266
17.9571
18.6837
19.2346
19.6566
19.9838
20.2397
20.4452
20.6145
20.7567
20.8787
20.9848
21.0772
21.156
21.2196
21.263
21.2805
21.2698
21.2305
21.1627
21.067
20.9438
20.7934
20.6155
20.4093
20.1728
19.9027
19.5939
19.2385
18.8252
18.3694
1.80492
0.101519
-1.81832
-3.80564
-5.68948
-7.61317
-9.47856
-11.2278
-12.89
-14.4365
-15.8667
-17.197
-18.4262
-19.5629
-20.6139
-21.5807
-22.4647
-23.2646
-23.9774
-24.5991
-25.1247
-25.5491
-25.8713
-26.0969
-26.2368
-26.3053
-26.3059
-26.2347
-26.0869
-25.8576
-25.5407
-25.1286
-24.6119
-23.9797
-23.2187
-22.3122
-21.2372
-19.9677
-18.5682
3.43335
5.00225
6.74805
8.59875
10.3601
12.076
13.6794
15.0521
16.1657
17.0627
17.7656
18.3003
18.711
19.0303
19.2804
19.4816
19.6477
19.7877
19.9086
20.0146
20.1084
20.1903
20.2594
20.3112
20.3402
20.3435
20.3204
20.271
20.1955
20.0943
19.9673
19.8142
19.6339
19.4243
19.1821
18.9022
18.5766
18.1942
17.7703
1.6552
0.040891
-1.77668
-3.65516
-5.43305
-7.24572
-9.00019
-10.6424
-12.1999
-13.6461
-14.9807
-16.2197
-17.3621
-18.4164
-19.3893
-20.2824
-21.0973
-21.833
-22.4871
-23.0559
-23.535
-23.9203
-24.2113
-24.4137
-24.538
-24.5976
-24.596
-24.53
-24.3957
-24.1887
-23.9041
-23.5354
-23.075
-22.5137
-21.84
-21.0389
-20.089
-18.9651
-17.7239
3.20041
4.69024
6.35016
8.11247
9.79144
11.4299
12.9631
14.2788
15.348
16.212
16.8915
17.41
17.8094
18.1206
18.3646
18.561
18.7233
18.8602
18.9788
19.0836
19.1772
19.2607
19.3332
19.3912
19.429
19.4435
19.4337
19.3995
19.3411
19.2586
19.152
19.0206
18.8634
18.6782
18.4617
18.2085
17.9112
17.5585
17.1657
1.52231
-0.00673763
-1.72656
-3.50123
-5.17818
-6.88524
-8.53441
-10.0752
-11.5336
-12.885
-14.1297
-15.2828
-16.3437
-17.321
-18.221
-19.0455
-19.7962
-20.4726
-21.0725
-21.5927
-22.0295
-22.3794
-22.6423
-22.824
-22.9346
-22.9867
-22.9835
-22.9226
-22.8006
-22.6139
-22.3583
-22.0285
-21.6181
-21.1195
-20.5228
-19.815
-18.9761
-17.9822
-16.8833
2.98777
4.4018
5.97928
7.65657
9.25613
10.8196
12.2847
13.5446
14.5702
15.4018
16.0583
16.5607
16.9488
17.2518
17.4897
17.6812
17.8393
17.9726
18.0881
18.1907
18.283
18.3664
18.4408
18.5029
18.5471
18.5702
18.571
18.5493
18.5052
18.4386
18.3494
18.237
18.1002
17.9369
17.7437
17.5154
17.2446
16.9203
16.5573
1.40458
-0.0429318
-1.66938
-3.345
-4.92578
-6.53236
-8.08149
-9.52609
-10.8907
-12.1527
-13.3125
-14.3847
-15.3692
-16.2743
-17.1061
-17.8666
-18.5577
-19.1792
-19.7291
-20.2048
-20.6031
-20.9209
-21.1585
-21.3217
-21.4203
-21.4659
-21.4617
-21.4057
-21.2951
-21.1268
-20.8974
-20.6026
-20.2368
-19.7939
-19.2656
-18.6403
-17.8999
-17.0218
-16.0507
2.79364
4.13495
5.63334
7.22872
8.75155
10.2423
11.6411
12.8469
13.8295
14.6293
15.2631
15.7495
16.1262
16.421
16.6529
16.8395
16.9934
17.123
17.2353
17.3349
17.4251
17.5073
17.582
17.6463
17.6949
17.7243
17.7333
17.7216
17.6891
17.6357
17.5613
17.4653
17.3464
17.2027
17.0306
16.8253
16.5792
16.2819
15.9473
1.30065
-0.0689409
-1.60623
-3.18742
-4.67661
-6.18763
-7.64166
-8.995
-10.2707
-11.4481
-12.5278
-13.5238
-14.4365
-15.2738
-16.0417
-16.7425
-17.3781
-17.9487
-18.4526
-18.8875
-19.2506
-19.5393
-19.7542
-19.901
-19.989
-20.0291
-20.0244
-19.973
-19.8727
-19.7212
-19.5156
-19.2522
-18.9266
-18.5336
-18.0661
-17.514
-16.8609
-16.0858
-15.2289
2.6166
3.88816
5.31058
6.82693
8.27543
9.69555
11.0298
12.183
13.1234
13.8923
14.5038
14.974
15.3389
15.6253
15.8512
16.0331
16.1831
16.3093
16.4183
16.515
16.6027
16.683
16.7568
16.8219
16.873
16.9066
16.9216
16.9175
16.8944
16.8519
16.7898
16.7077
16.6044
16.4778
16.3248
16.1404
15.9174
15.6455
15.3379
1.20941
-0.0857413
-1.53801
-3.02914
-4.4311
-5.85123
-7.2149
-8.48169
-9.67307
-10.7705
-11.7745
-12.6986
-13.5438
-14.3176
-15.0255
-15.6701
-16.2539
-16.7771
-17.2385
-17.6361
-17.9671
-18.2296
-18.4242
-18.5565
-18.6353
-18.6708
-18.6657
-18.6186
-18.5278
-18.3913
-18.2071
-17.9721
-17.6826
-17.3343
-16.9211
-16.4341
-15.8585
-15.1751
-14.42
2.45546
3.66015
5.00962
6.44963
7.826
9.17729
10.4485
11.5508
12.4499
13.1893
13.7791
14.2326
14.585
14.8625
15.0819
15.259
15.4053
15.5285
15.6348
15.7291
15.8143
15.8926
15.965
16.0297
16.0819
16.118
16.137
16.1385
16.1225
16.0887
16.0369
15.9665
15.8765
15.765
15.6289
15.4635
15.2619
15.0139
14.7318
1.12976
-0.0943337
-1.46555
-2.87085
-4.18984
-5.52342
-6.80116
-7.98576
-9.09692
-10.1187
-11.051
-11.9073
-12.6894
-13.4036
-14.0549
-14.6467
-15.1819
-15.661
-16.0829
-16.446
-16.7479
-16.9867
-17.1632
-17.2827
-17.3537
-17.3853
-17.3802
-17.3372
-17.2549
-17.1321
-16.9671
-16.7575
-16.5004
-16.1922
-15.8274
-15.3984
-14.8915
-14.2896
-13.625
2.30905
3.44985
4.72955
6.09581
7.40229
8.6865
9.89608
10.9488
11.8069
12.5188
13.088
13.5243
13.8634
14.1311
14.3432
14.5151
14.6575
14.7778
14.882
14.9743
15.0578
15.1345
15.2055
15.2695
15.3218
15.359
15.3803
15.3855
15.3747
15.3477
15.3042
15.2437
15.1652
15.0669
14.9459
14.7977
14.6157
14.39
14.1323
1.0605
-0.0960862
-1.39016
-2.71381
-3.9537
-5.2051
-6.40095
-7.50729
-8.54183
-9.49204
-10.3553
-11.1471
-11.8705
-12.5292
-13.1273
-13.6694
-14.1591
-14.5969
-14.982
-15.3132
-15.5883
-15.8057
-15.9661
-16.0745
-16.1388
-16.1673
-16.1625
-16.1234
-16.0491
-15.9386
-15.7908
-15.604
-15.3758
-15.1031
-14.7815
-14.4039
-13.9583
-13.4285
-12.8443
2.17618
3.25618
4.46937
5.76493
7.00418
8.22359
9.37335
10.3771
11.1914
11.8778
12.4283
12.8475
13.1728
13.4299
13.6339
13.7996
13.9376
14.055
14.1573
14.2485
14.331
14.4069
14.4772
14.5406
14.5927
14.6302
14.6524
14.6597
14.6522
14.63
14.593
14.5407
14.4721
14.3855
14.278
14.1455
13.9816
13.7768
13.5421
1.00073
-0.0917332
-1.31248
-2.55852
-3.72325
-4.89669
-6.01457
-7.04658
-8.00791
-8.89069
-9.68598
-10.4154
-11.0842
-11.691
-12.2391
-12.7347
-13.1819
-13.5813
-13.9322
-14.2336
-14.4841
-14.6821
-14.8284
-14.9272
-14.9859
-15.0121
-15.0079
-14.9727
-14.9057
-14.8064
-14.6742
-14.5077
-14.3052
-14.0641
-13.7807
-13.4487
-13.0571
-12.5914
-12.0785
2.05584
3.07792
4.2279
5.45552
6.63047
7.78785
8.88094
9.83656
10.6025
11.2644
11.7979
12.2005
12.5118
12.7578
12.9527
13.111
13.2436
13.3577
13.4583
13.5488
13.6314
13.7075
13.7782
13.8421
13.8946
13.9324
13.9549
13.9628
13.9569
13.9377
13.9053
13.8593
13.799
13.7226
13.6273
13.5089
13.3617
13.1764
12.9637
0.950458
-0.0805688
-1.23104
-2.40295
-3.49609
-4.59526
-5.63942
-6.60135
-7.49354
-8.31195
-9.04222
-9.71426
-10.3323
-10.8892
-11.3889
-11.8406
-12.2484
-12.6118
-12.9302
-13.2036
-13.4309
-13.6111
-13.7447
-13.8355
-13.8899
-13.9146
-13.9114
-13.88
-13.8199
-13.7311
-13.6132
-13.4651
-13.2855
-13.0724
-12.8225
-12.5307
-12.1868
-11.7777
-11.3278
1.94745
2.91389
4.00227
5.16367
6.2762
7.37351
8.41313
9.32235
10.0434
10.6836
11.1991
11.584
11.8814
12.1157
12.2998
12.4487
12.5742
12.6837
12.782
12.872
12.9552
13.0327
13.1053
13.1712
13.2255
13.2647
13.2879
13.2962
13.2907
13.2727
13.2429
13.2015
13.1478
13.0801
12.9957
12.8903
12.7585
12.5913
12.3991
0.909304
-0.0627389
-1.14526
-2.246
-3.27009
-4.29762
-5.27081
-6.16647
-6.99302
-7.74993
-8.41805
-9.04445
-9.61894
-10.1249
-10.5755
-10.9856
-11.3571
-11.6871
-11.975
-12.2214
-12.4264
-12.5892
-12.7108
-12.7947
-12.846
-12.8701
-12.8686
-12.841
-12.7875
-12.7086
-12.6039
-12.4726
-12.3137
-12.1254
-11.9051
-11.6484
-11.3466
-10.9877
-10.5935
1.85047
2.76305
3.79117
4.88694
5.93776
6.97496
7.9618
8.82203
9.50724
10.1382
10.6343
10.9978
11.2816
11.5051
11.6775
11.8149
11.9309
12.0337
12.1282
12.2166
12.3002
12.3795
12.4548
12.5242
12.5823
12.6246
12.6501
12.6594
12.6542
12.6365
12.6078
12.5693
12.5205
12.4601
12.3853
12.2919
12.1742
12.0238
11.8507
0.878513
-0.0474123
-1.07739
-2.11815
-3.08079
-4.03948
-4.93524
-5.75117
-6.48661
-7.16242
-7.7165
-8.32985
-8.90862
-9.39179
-9.81789
-10.2133
-10.5748
-10.8949
-11.1727
-11.4094
-11.6054
-11.761
-11.8777
-11.959
-12.0098
-12.035
-12.0358
-12.0114
-11.9628
-11.8914
-11.7944
-11.6741
-11.5292
-11.3576
-11.1569
-10.9235
-10.6499
-10.3253
-9.97001
1.77652
2.6457
3.6265
4.66326
5.6541
6.62254
7.53028
8.29216
8.89538
9.59044
10.1036
10.4633
10.7502
10.9777
11.1487
11.2813
11.3922
11.4915
11.5841
11.6725
11.7578
11.8401
11.9197
11.9945
12.0585
12.1064
12.1362
12.1483
12.1444
12.1267
12.0979
12.0599
12.0133
11.957
11.8883
11.8028
11.6948
11.5558
11.3955
0.855473
-0.0326374
-1.01796
-2.00641
-2.91206
-3.80236
-4.61783
-5.34461
-5.973
-6.55112
-6.95553
-7.58731
-8.20282
-8.68265
-9.10069
-9.4987
-9.86719
-10.1933
-10.4751
-10.7142
-10.9109
-11.0665
-11.1836
-11.2661
-11.319
-11.3467
-11.3505
-11.3288
-11.2842
-11.2186
-11.1251
-11.0117
-10.8763
-10.7159
-10.5281
-10.3102
-10.0553
-9.75343
-9.42399
1.71764
2.55061
3.48898
4.47056
5.40103
6.29239
7.10317
7.74631
8.24706
9.0417
9.59867
9.96752
10.2675
10.5087
10.6866
10.8205
10.9305
11.0287
11.121
11.2104
11.2977
11.3834
11.4674
11.5479
11.6184
11.6727
11.7083
11.7248
11.7235
11.7067
11.6777
11.6393
11.5929
11.5383
11.4731
11.3928
11.2914
11.16
11.0085
0.835651
-0.0141915
-0.95425
-1.88986
-2.73855
-3.56071
-4.29786
-4.93768
-5.46553
-5.94926
-6.2153
-6.85396
-7.49801
-7.97201
-8.37765
-8.77328
-9.14577
-9.4767
-9.76251
-10.0041
-10.2019
-10.3572
-10.4741
-10.557
-10.6113
-10.6415
-10.6488
-10.6307
-10.5907
-10.5317
-10.4425
-10.3367
-10.2122
-10.0642
-9.89036
-9.68846
-9.45245
-9.17311
-8.87094
1.66149
2.45826
3.35398
4.281
5.15309
5.96693
6.68251
7.21326
7.61355
8.48726
9.08902
9.46715
9.77754
10.0322
10.2187
10.3547
10.4635
10.5594
10.65
10.7387
10.8265
10.9137
11.0006
11.0851
11.1609
11.2216
11.2639
11.2868
11.2904
11.2768
11.2489
11.2103
11.1638
11.1101
11.0475
10.9721
10.8773
10.7541
10.612
0.818861
0.00734059
-0.887107
-1.76986
-2.56195
-3.31678
-3.97829
-4.53354
-4.96841
-5.3571
-5.50152
-6.13333
-6.79377
-7.26064
-7.65181
-8.04023
-8.41276
-8.74649
-9.03559
-9.27996
-9.47929
-9.63466
-9.75092
-9.83319
-9.88795
-9.91988
-9.93044
-9.91583
-9.88051
-9.82768
-9.74236
-9.64364
-9.52938
-9.39363
-9.23378
-9.04798
-8.83061
-8.57238
-8.29131
1.60833
2.36949
3.22294
4.0968
4.91234
5.64736
6.2702
6.69204
6.99803
7.92707
8.57238
8.96227
9.28136
9.54889
9.7453
9.8854
9.99394
10.0877
10.1759
10.2629
10.3498
10.4371
10.5249
10.6115
10.6906
10.7561
10.8049
10.8352
10.846
10.838
10.8136
10.7764
10.7302
10.6768
10.616
10.5443
10.4557
10.3406
10.2079
0.805148
0.0315728
-0.817397
-1.6477
-2.38392
-3.07268
-3.66158
-4.13498
-4.48472
-4.77656
-4.81754
-5.42885
-6.09137
-6.54865
-6.92425
-7.30148
-7.66954
-8.00308
-8.29398
-8.5409
-8.74227
-8.89858
-9.01443
-9.09625
-9.15181
-9.18647
-9.2021
-9.19372
-9.16634
-9.12295
-9.04507
-8.95634
-8.85476
-8.73336
-8.58916
-8.42042
-8.22237
-7.98766
-7.73967
1.55862
2.28495
3.09675
3.91875
4.67882
5.33295
5.86644
6.18017
6.39949
7.36187
8.0463
8.45036
8.77789
9.05799
9.2655
9.41134
9.52086
9.61322
9.69935
9.78445
9.87026
9.95701
10.0447
10.1317
10.2121
10.2804
10.3341
10.3713
10.3904
10.3903
10.3721
10.3389
10.2943
10.2415
10.1815
10.1122
10.0285
9.92099
9.79786
0.794361
0.057718
-0.746864
-1.52577
-2.20749
-2.83183
-3.35139
-3.74604
-4.01809
-4.21048
-4.16479
-4.74204
-5.39143
-5.83571
-6.19545
-6.55861
-6.91787
-7.24755
-7.53793
-7.78655
-7.99042
-8.14837
-8.26383
-8.34368
-8.39672
-8.42999
-8.44623
-8.43979
-8.416
-8.37751
-8.30309
-8.22063
-8.12844
-8.01901
-7.88933
-7.73753
-7.55788
-7.34003
-7.09555
1.51282
2.20534
2.97578
3.74683
4.45107
5.02217
5.47123
5.67576
5.81451
6.79262
7.50962
7.9278
8.26348
8.55725
8.77916
8.9339
9.04596
9.13683
9.22011
9.30268
9.38698
9.47316
9.56087
9.64788
9.72832
9.79743
9.85379
9.89647
9.92356
9.93306
9.92437
9.89883
9.85934
9.80913
9.75039
9.68254
9.60179
9.4993
9.3821
0.786162
0.0842763
-0.678374
-1.40836
-2.03753
-2.59962
-3.05259
-3.37108
-3.57116
-3.6609
-3.54345
-4.07339
-4.69464
-5.12171
-5.46509
-5.81203
-6.15879
-6.48062
-6.76716
-7.01559
-7.22222
-7.38436
-7.50484
-7.59072
-7.65107
-7.69292
-7.71998
-7.72642
-7.718
-7.69664
-7.63729
-7.57087
-7.49606
-7.40455
-7.29318
-7.16077
-7.00469
-6.82238
-6.64618
1.47148
2.13147
2.86073
3.58118
4.22715
4.71211
5.08174
5.17322
5.23477
6.21924
6.965
7.39464
7.73309
8.03699
8.27598
8.44685
8.56876
8.6623
8.74343
8.82217
8.90333
8.98801
9.0758
9.16357
9.24445
9.31332
9.36972
9.41419
9.44589
9.46299
9.46401
9.44871
9.41842
9.37544
9.32198
9.25847
9.18288
9.08879
8.98626
0.779681
0.109318
-0.615447
-1.30066
-1.8805
-2.38316
-2.77103
-3.01385
-3.14486
-3.12912
-2.95238
-3.42264
-4.00167
-4.40625
-4.73181
-5.0607
-5.39202
-5.70269
-5.98194
-6.22619
-6.43046
-6.58977
-6.7042
-6.77887
-6.82519
-6.8544
-6.8712
-6.86963
-6.85536
-6.82916
-6.7661
-6.69977
-6.62916
-6.54633
-6.44827
-6.33268
-6.19098
-6.00567
-5.76707
1.43435
2.06335
2.75222
3.42304
4.00714
4.40337
4.69793
4.66657
4.64571
5.63365
6.41419
6.86209
7.20131
7.50368
7.74681
7.92812
8.0633
8.16823
8.25598
8.33675
8.41757
8.50198
8.59098
8.68199
8.76763
8.84121
8.90145
8.94938
8.98513
9.00776
9.01588
9.00846
8.9855
8.94814
8.89801
8.83586
8.76004
8.66182
8.54471
0.77382
0.132417
-0.558463
-1.20433
-1.74016
-2.18901
-2.51467
-2.68357
-2.74799
-2.62281
-2.39104
-2.78912
-3.31359
-3.68926
-3.99407
-4.30173
-4.61363
-4.91048
-5.18368
-5.43044
-5.64624
-5.82658
-5.97152
-6.08534
-6.17206
-6.23696
-6.28791
-6.32126
-6.34599
-6.36159
-6.33461
-6.3002
-6.2584
-6.20072
-6.12539
-6.03396
-5.93125
-5.82818
-5.78422
1.3994
1.9985
2.64874
3.27352
3.79588
4.11085
4.33878
4.15963
4.03409
5.01559
5.83331
6.31828
6.68604
7.00675
7.25427
7.42836
7.55172
7.64629
7.72653
7.80162
7.87793
7.95947
8.0479
8.14053
8.22936
8.30803
8.3755
8.43269
8.48012
8.51784
8.54515
8.56083
8.56353
8.55219
8.52628
8.48585
8.43279
8.37123
8.33161
0.768059
0.1542
-0.505591
-1.11705
-1.61582
-2.02067
-2.29314
-2.39994
-2.40451
-2.15771
-1.86029
-2.17547
-2.63273
-2.9706
-3.25218
-3.53684
-3.82154
-4.08833
-4.3302
-4.54511
-4.72778
-4.86923
-4.96232
-5.00758
-5.02474
-5.0344
-5.03954
-5.03247
-5.01697
-4.99236
-4.93766
-4.88666
-4.83704
-4.78123
-4.7162
-4.63733
-4.52635
-4.34544
-4.03388
1.36567
1.93647
2.5514
3.13606
3.60327
3.86045
4.0297
3.65361
3.3991
4.3629
5.18491
5.67877
6.07757
6.45948
6.78447
7.02749
7.19407
7.30189
7.37248
7.42508
7.47445
7.53103
7.601
7.68271
7.7642
7.83406
7.88838
7.92699
7.9509
7.96146
7.96016
7.94878
7.92894
7.90183
7.86743
7.82247
7.75531
7.63538
7.42327
0.762757
0.167986
-0.468649
-1.05208
-1.51942
-1.88565
-2.10884
-2.16318
-2.10358
-1.71507
-1.35147
-1.58987
-1.96625
-2.24778
-2.49752
-2.76685
-3.05091
-3.33306
-3.6065
-3.87046
-4.12446
-4.36861
-4.60203
-4.81766
-4.99082
-5.11432
-5.21335
-5.295
-5.3803
-5.46621
-5.4942
-5.49966
-5.49829
-5.4843
-5.45443
-5.41555
-5.3932
-5.43345
-5.65907
1.34162
1.89303
2.48122
3.03029
3.44333
3.64893
3.71416
3.07587
2.72743
3.7369
4.56841
5.01453
5.32294
5.61226
5.89806
6.1804
6.45207
6.69566
6.89742
7.05465
7.17405
7.26712
7.34952
7.44198
7.55909
7.6905
7.8196
7.93969
8.04782
8.14219
8.22075
8.28118
8.32181
8.34184
8.34316
8.33306
8.33441
8.39761
8.62086
0.756599
0.155108
-0.48236
-1.05334
-1.49293
-1.8093
-1.95691
-1.92314
-1.73862
-1.19347
-0.826046
-1.02708
-1.3349
-1.54417
-1.70767
-1.86768
-2.0265
-2.17687
-2.31432
-2.43446
-2.5264
-2.57216
-2.55821
-2.49165
-2.42958
-2.4024
-2.3897
-2.36307
-2.31531
-2.28196
-2.22328
-2.17329
-2.13801
-2.10554
-2.06964
-2.02268
-1.92385
-1.69953
-1.18608
1.34236
1.89673
2.47669
2.99351
3.33495
3.43096
3.23558
2.28434
1.92701
3.1121
4.15883
4.82352
5.23259
5.44032
5.47317
5.40117
5.29825
5.22241
5.19564
5.217
5.27675
5.36636
5.472
5.55948
5.59249
5.59008
5.58404
5.57831
5.57043
5.55866
5.54542
5.53477
5.52986
5.53166
5.53585
5.52625
5.45533
5.22718
4.68653
0.746324
0.116737
-0.543577
-1.12031
-1.54037
-1.80161
-1.85421
-1.69262
-1.31912
-0.623393
-0.26541
-0.423943
-0.705631
-0.972012
-1.24272
-1.5269
-1.82649
-2.14263
-2.47961
-2.84548
-3.25136
-3.7029
-4.17899
-4.62574
-4.94762
-5.14431
-5.33808
-5.49188
-5.74821
-6.12189
-6.01325
-6.03153
-6.14486
-6.22798
-6.26683
-6.30335
-6.40452
-6.66549
-7.26913
1.35833
1.93234
2.52064
3.01528
3.28353
3.22797
2.67701
1.44684
0.878872
1.94474
3.12335
4.28541
5.41241
6.47803
7.37957
8.06674
8.55775
8.87025
9.04755
9.13702
9.17925
9.20661
9.26703
9.43788
9.74879
10.0856
10.3609
10.587
10.7839
10.9547
11.0928
11.1949
11.2628
11.3027
11.3292
11.371
11.5012
11.8299
12.5366
86.1616
87.9659
89.5346
90.0928
90.4591
90.5309
89.6132
87.3802
83.0427
77.4145
71.0548
64.3629
57.6461
51.1303
44.9547
39.1838
33.8272
28.8646
24.2661
20.0006
16.0391
12.3575
8.93355
5.74774
2.78267
0.0233503
-2.54298
-4.92767
-7.13946
-9.1864
-11.0755
-12.8127
-14.404
-15.8532
-17.1627
-18.3339
-19.3664
-20.26
-21.0146
-21.632
-22.1156
-22.4715
-22.7071
-22.8303
-22.8493
-22.7714
-22.6029
-22.3496
-22.0177
-21.6137
-21.1451
-20.6195
-20.0454
-19.4304
-18.7819
-18.1069
-17.4116
-16.702
-15.9833
-15.2604
-14.5369
-13.8156
-13.0983
-12.3862
-11.6808
-10.9827
-10.2948
-9.70574
-9.18158
-8.65286
-8.08691
-7.56744
-6.91463
-6.5347
-5.58016
-5.77591
-3.79149
-5.82634
-0.858706
-7.69615
86.849
85.1129
82.5638
79.0904
74.9235
71.0551
67.6837
64.6245
61.7845
59.0984
56.5393
54.1108
51.8126
49.6452
47.6074
45.6969
43.9106
42.2448
40.6949
39.2554
37.9211
36.686
35.5442
34.4895
33.5157
32.6171
31.7877
31.0219
30.3142
29.6595
29.0531
28.4904
27.9668
27.4781
27.0201
26.5885
26.1794
25.7886
25.4122
25.0466
24.6881
24.3331
23.9779
23.6186
23.2508
22.8701
22.4724
22.0543
21.6136
21.1495
20.6628
20.1554
19.6301
19.0898
18.5373
17.9748
17.4042
16.8269
16.2446
15.6592
15.0731
14.4889
13.9099
13.3394
12.7799
12.2331
11.701
11.257
10.8781
10.4898
10.0943
9.69373
9.28301
8.90193
8.44236
8.30477
7.23648
8.77859
4.32281
12.8299
69.5229
71.803
73.6712
74.9042
76.0552
77.0419
77.051
75.6916
73.0415
69.6851
66.1068
62.4216
58.5995
54.6331
50.5528
46.4043
42.2303
38.0658
33.9422
29.8896
25.9365
22.1102
18.4332
14.9216
11.5879
8.43988
5.48188
2.71424
0.135017
-2.26057
-4.47828
-6.52427
-8.40532
-10.1268
-11.6928
-13.107
-14.3716
-15.4893
-16.4632
-17.2975
-17.998
-18.5718
-19.0264
-19.3691
-19.6065
-19.7441
-19.7866
-19.7383
-19.6042
-19.3902
-19.1034
-18.7514
-18.3421
-17.8833
-17.3821
-16.845
-16.2782
-15.6875
-15.0782
-14.4552
-13.8225
-13.1832
-12.5399
-11.8942
-11.2481
-10.6029
-9.96151
-9.40836
-8.91344
-8.41407
-7.87267
-7.38059
-6.74696
-6.39326
-5.45782
-5.66579
-3.73626
-5.70755
-0.943898
-7.52945
67.6603
65.8847
63.8128
61.2963
58.9904
57.3047
55.9944
54.7813
53.5448
52.266
50.9593
49.6328
48.2956
46.9563
45.6224
44.3013
42.9996
41.7238
40.4797
39.2725
38.1068
36.9863
35.9139
34.8916
33.9202
32.9999
32.13
31.309
30.5353
29.8068
29.1213
28.4765
27.87
27.2995
26.7623
26.2556
25.7763
25.3213
24.8876
24.4722
24.072
23.6839
23.3043
22.9292
22.5541
22.174
21.7841
21.3802
20.9591
20.5189
20.0596
19.5822
19.0884
18.5805
18.0604
17.5299
16.9902
16.4426
15.8885
15.3299
14.769
14.2088
13.6528
13.1043
12.566
12.0397
11.5269
11.0981
10.7317
10.3554
9.9717
9.58361
9.1842
8.81528
8.36375
8.23906
7.18406
8.67718
4.4064
12.5249
43.9381
44.5196
44.6763
44.6006
45.0628
45.7205
45.6161
44.7043
43.0303
40.8651
38.6296
36.528
34.5449
32.6182
30.7056
28.7836
26.8361
24.85
22.8165
20.7347
18.6099
16.4531
14.2775
12.0984
9.9313
7.79205
5.69684
3.66031
1.69457
-0.192118
-1.99431
-3.70776
-5.32944
-6.85583
-8.28305
-9.60728
-10.8248
-11.9328
-12.9298
-13.8163
-14.5947
-15.2684
-15.8416
-16.3176
-16.6994
-16.9889
-17.1877
-17.2977
-17.3218
-17.2645
-17.1317
-16.9303
-16.6673
-16.3498
-15.9839
-15.5757
-15.1305
-14.6537
-14.1502
-13.6248
-13.0816
-12.5242
-11.9552
-11.3767
-10.7913
-10.2006
-9.60768
-9.09248
-8.62845
-8.15931
-7.64533
-7.17976
-6.57296
-6.23536
-5.34159
-5.52646
-3.7098
-5.53461
-1.07548
-7.26712
43.1427
42.2526
41.2471
40.2618
39.5828
39.2545
39.1204
39.0277
38.8809
38.6702
38.4156
38.1218
37.79
37.4202
37.0136
36.5718
36.0972
35.5927
35.0614
34.5071
33.9335
33.3447
32.7447
32.1373
31.5263
30.9151
30.3069
29.7047
29.1111
28.5285
27.959
27.4045
26.8666
26.3464
25.8446
25.3614
24.8967
24.45
24.0204
23.6068
23.2079
22.822
22.4469
22.0792
21.7152
21.3505
20.9803
20.6004
20.2072
19.7986
19.3736
18.9325
18.4763
18.0064
17.524
17.0302
16.5258
16.0118
15.4894
14.9606
14.4278
13.8942
13.3633
12.8387
12.3235
11.8195
11.328
10.9163
10.5637
10.2008
9.83013
9.45568
9.06963
8.71343
8.27649
8.15349
7.14762
8.52792
4.53351
12.1785
28.6435
28.0493
27.2091
26.0953
24.964
24.2998
23.9995
23.6626
22.944
21.8511
20.6351
19.4767
18.4031
17.3878
16.4073
15.4446
14.4845
13.5113
12.512
11.479
10.4098
9.30575
8.17007
7.00701
5.8211
4.61645
3.39776
2.16988
0.938461
-0.291321
-1.51402
-2.7235
-3.91311
-5.07526
-6.20163
-7.28397
-8.31432
-9.28582
-10.193
-11.0321
-11.8009
-12.498
-13.1223
-13.672
-14.1453
-14.5395
-14.8527
-15.0837
-15.2332
-15.3041
-15.3008
-15.2287
-15.0938
-14.9018
-14.658
-14.3672
-14.0338
-13.6626
-13.2579
-12.8243
-12.3659
-11.8862
-11.3884
-10.8749
-10.3482
-9.81077
-9.26543
-8.78744
-8.3529
-7.9123
-7.42449
-6.98429
-6.40236
-6.08243
-5.22186
-5.39889
-3.6594
-5.40134
-1.12823
-7.09551
29.1168
29.5475
29.9682
30.4493
30.974
31.3678
31.5903
31.745
31.8816
31.9875
32.0475
32.0642
32.0396
31.9727
31.8625
31.7096
31.5155
31.2825
31.0137
30.7126
30.383
30.0287
29.6535
29.2606
28.8532
28.434
28.0054
27.5699
27.1297
26.6873
26.2451
25.8053
25.3699
24.9407
24.5191
24.1059
23.7019
23.3072
22.9221
22.5467
22.181
21.8245
21.4762
21.1343
20.7962
20.4584
20.1169
19.768
19.4085
19.0362
18.6497
18.2488
17.8338
17.4052
16.9635
16.5092
16.0426
15.5643
15.0757
14.5784
14.0752
13.5692
13.0642
12.5639
12.0717
11.5899
11.1197
10.725
10.3863
10.0367
9.67907
9.31793
8.94515
8.60185
8.17851
8.0623
7.09288
8.40991
4.57108
11.9609
16.4465
14.791
13.3672
11.9923
10.378
8.98122
8.7553
8.82772
8.68361
8.4048
8.12271
7.90393
7.74062
7.59564
7.44044
7.25723
7.03234
6.75469
6.41823
6.02284
5.57183
5.06976
4.5211
3.92993
3.29997
2.63398
1.93409
1.20176
0.438652
-0.353568
-1.17253
-2.01435
-2.87373
-3.74369
-4.61599
-5.48193
-6.33295
-7.16138
-7.96065
-8.7255
-9.45157
-10.1348
-10.7707
-11.354
-11.8792
-12.3403
-12.7323
-13.0518
-13.2974
-13.4704
-13.5735
-13.6108
-13.5868
-13.5057
-13.3713
-13.1872
-12.9566
-12.6834
-12.3714
-12.0247
-11.6472
-11.2427
-10.8142
-10.3645
-9.89629
-9.41212
-8.91487
-8.4745
-8.07
-7.6585
-7.19749
-6.78332
-6.22579
-5.92612
-5.09352
-5.27404
-3.58975
-5.28624
-1.13795
-6.96796
18.433
20.5968
22.7808
24.9704
27.0653
28.6556
29.4908
29.7467
29.7157
29.5837
29.4266
29.2641
29.096
28.9201
28.7347
28.5381
28.3292
28.107
27.8713
27.622
27.3595
27.0847
26.7987
26.5025
26.1973
25.8845
25.5653
25.2411
24.9131
24.5829
24.2516
23.9206
23.5907
23.2626
22.9366
22.613
22.2916
21.9724
21.6556
21.3414
21.0303
20.7226
20.4181
20.1161
19.8152
19.513
19.2067
18.8935
18.5709
18.237
17.8906
17.5311
17.1584
16.7722
16.3726
15.9591
15.5319
15.0911
14.6379
14.174
13.7021
13.2254
12.7477
12.2728
11.8043
11.3451
10.8965
10.5192
10.195
9.85981
9.51624
9.16902
8.81005
8.47997
8.07009
7.96299
7.02451
8.30326
4.56218
11.785
11.3851
9.07783
7.42757
6.17373
5.1554
4.75363
4.89082
4.82376
4.69994
4.64288
4.59759
4.54752
4.51691
4.50092
4.47677
4.42689
4.34347
4.22499
4.07355
3.89259
3.6839
3.44638
3.1769
2.87201
2.52901
2.14576
1.7205
1.25181
0.739249
0.18332
-0.414183
-1.0497
-1.71809
-2.41278
-3.12633
-3.85116
-4.57996
-5.30623
-6.02417
-6.72873
-7.41505
-8.07796
-8.71146
-9.30858
-9.86184
-10.3637
-10.8077
-11.1893
-11.5058
-11.7572
-11.9452
-12.0724
-12.1417
-12.1559
-12.1171
-12.0276
-11.8896
-11.7058
-11.4793
-11.2137
-10.9129
-10.5802
-10.2191
-9.83214
-9.42209
-8.99161
-8.54336
-8.1418
-7.7689
-7.38814
-6.95576
-6.56894
-6.03749
-5.75896
-4.9563
-5.14007
-3.51366
-5.16149
-1.14513
-6.82549
14.1364
16.7925
19.1315
21.2492
23.2183
24.8629
25.9406
26.4161
26.4441
26.2365
25.9446
25.6485
25.3694
25.1045
24.8558
24.6227
24.4046
24.2003
24.0084
23.827
23.654
23.4871
23.3239
23.1622
23
22.8357
22.6678
22.4956
22.3186
22.1367
21.9501
21.7587
21.5625
21.3614
21.1548
20.9424
20.7238
20.4986
20.2672
20.0301
19.7882
19.5426
19.2938
19.042
18.7868
18.527
18.2608
17.9866
17.7027
17.4079
17.1015
16.7828
16.4517
16.1074
15.7494
15.3769
14.9895
14.5871
14.1706
13.7417
13.3029
12.8574
12.4088
11.9609
11.5176
11.0818
10.6554
10.2963
9.98753
9.66799
9.33997
9.00792
8.66394
8.34757
7.95232
7.8522
6.94969
8.18407
4.55136
11.5833
13.3037
12.149
10.9638
9.83558
9.10267
9.10298
9.4158
9.20172
8.94272
8.79543
8.65013
8.41384
8.10917
7.77822
7.43209
7.06688
6.6836
6.29123
5.90106
5.52117
5.15329
4.79291
4.43229
4.06403
3.68265
3.28397
2.86368
2.41703
1.93974
1.42878
0.883155
0.304259
-0.304453
-0.937953
-1.59046
-2.25627
-2.9301
-3.60743
-4.2842
-4.95663
-5.62064
-6.27131
-6.90256
-7.5071
-8.07717
-8.60502
-9.08391
-9.50896
-9.87732
-10.1882
-10.4424
-10.6414
-10.7868
-10.8799
-10.9217
-10.9131
-10.8552
-10.7498
-10.5993
-10.407
-10.1763
-9.91044
-9.61273
-9.2857
-8.93201
-8.55429
-8.15495
-7.79281
-7.45244
-7.10341
-6.701
-6.34237
-5.83869
-5.58135
-4.81166
-4.9964
-3.43356
-5.02541
-1.15177
-6.66495
14.3769
15.4631
16.4794
17.3806
18.153
18.8058
19.3413
19.7505
20.0188
20.141
20.1628
20.1463
20.123
20.0931
20.0611
20.0281
19.9956
19.9648
19.9365
19.9111
19.8885
19.8682
19.8494
19.8312
19.8123
19.7914
19.7673
19.7387
19.7045
19.6636
19.6149
19.5574
19.4899
19.4113
19.3205
19.2166
19.099
18.9676
18.8226
18.6651
18.4962
18.3172
18.1293
17.9331
17.7286
17.5155
17.293
17.0602
16.8164
16.5612
16.2942
16.0154
15.7243
15.4204
15.1027
14.7702
14.4221
14.058
13.6786
13.2855
12.8809
12.468
12.0502
11.6311
11.2143
10.8029
10.3993
10.0589
9.76598
9.46274
9.15116
8.83521
8.50721
8.20496
7.82552
7.72933
6.86759
8.04921
4.53943
11.3602
13.2996
13.1372
12.9386
12.6911
12.4136
12.3162
12.4616
12.3025
12.0554
11.893
11.7682
11.5588
11.239
10.8521
10.4353
9.99782
9.53925
9.06619
8.59113
8.12325
7.66324
7.20494
6.73984
6.26134
5.76674
5.25641
4.73136
4.1913
3.63469
3.05974
2.46563
1.85317
1.22444
0.582424
-0.0696118
-0.728674
-1.39209
-2.05756
-2.72285
-3.38551
-4.04245
-4.68947
-5.32109
-5.93069
-6.51116
-7.0555
-7.55763
-8.01303
-8.41896
-8.77435
-9.07924
-9.3342
-9.53983
-9.69629
-9.80356
-9.86156
-9.8706
-9.83175
-9.74691
-9.61872
-9.4503
-9.24479
-9.00521
-8.73403
-8.43365
-8.10663
-7.75504
-7.43208
-7.12446
-6.80746
-6.43579
-6.10584
-5.63123
-5.39529
-4.66041
-4.84586
-3.34763
-4.88422
-1.14978
-6.50041
13.3997
13.5481
13.7329
13.9399
14.164
14.4076
14.6777
14.9827
15.306
15.5969
15.8364
16.0449
16.2375
16.4139
16.5752
16.721
16.8518
16.9682
17.0712
17.1617
17.241
17.3104
17.3709
17.424
17.4707
17.5118
17.548
17.5797
17.6068
17.6289
17.6452
17.6543
17.6547
17.6447
17.6227
17.5872
17.5373
17.4725
17.393
17.2992
17.1923
17.0729
16.9421
16.8
16.6467
16.4818
16.3049
16.1154
15.9132
15.6984
15.4712
15.2318
14.9801
14.7154
14.4368
14.1432
13.8334
13.5072
13.1649
12.8078
12.4383
12.0591
11.6735
11.2846
10.8959
10.5102
10.1302
9.80878
9.53171
9.24482
8.94986
8.6503
8.33886
8.05095
7.6884
7.59393
6.77467
7.90121
4.51587
11.1325
11.9093
11.8486
11.7587
11.6386
11.5012
11.4163
11.4331
11.4041
11.2619
11.1016
10.972
10.8536
10.6853
10.465
10.2194
9.96152
9.68592
9.38934
9.07953
8.7649
8.44391
8.10604
7.73942
7.33657
6.89567
6.4193
5.91236
5.37951
4.82417
4.24847
3.65448
3.04488
2.42272
1.7911
1.15272
0.509587
-0.136754
-0.784952
-1.43357
-2.08069
-2.72366
-3.35871
-3.98097
-4.58465
-5.16353
-5.71163
-6.22371
-6.69581
-7.12529
-7.51077
-7.85169
-8.14775
-8.39864
-8.6037
-8.76212
-8.87314
-8.93649
-8.95273
-8.92327
-8.85033
-8.73663
-8.58499
-8.3982
-8.17854
-7.92811
-7.64937
-7.34398
-7.05953
-6.78455
-6.49972
-6.15951
-5.85889
-5.41474
-5.20088
-4.50233
-4.68944
-3.25506
-4.73993
-1.13747
-6.33631
11.9271
11.9707
12.041
12.1329
12.2445
12.376
12.5308
12.7181
12.9378
13.1663
13.3886
13.608
13.8257
14.0387
14.2452
14.443
14.6302
14.8055
14.9677
15.1161
15.2506
15.3714
15.4791
15.5746
15.6593
15.7342
15.8005
15.8594
15.9115
15.9572
15.9964
16.0287
16.0534
16.0696
16.0762
16.0725
16.0578
16.0318
15.9944
15.9459
15.8864
15.8161
15.7348
15.6422
15.5375
15.4199
15.2887
15.1435
14.9843
14.8114
14.6251
14.4259
14.2137
13.9881
13.7482
13.4929
13.2211
12.9324
12.6271
12.3065
11.9726
11.6281
11.2758
10.9187
10.5597
10.2013
9.84624
9.54439
9.28343
9.01284
8.73435
8.45109
8.15645
7.88307
7.53863
7.44476
6.66863
7.7398
4.47772
10.9024
10.5582
10.4343
10.3012
10.1495
9.9877
9.8388
9.74996
9.71075
9.58866
9.36886
9.19235
9.12302
9.05732
8.96056
8.84751
8.72596
8.58484
8.41884
8.23732
8.05186
7.86208
7.65437
7.41244
7.12682
6.79626
6.4244
6.01659
5.57806
5.11298
4.62411
4.11348
3.58321
3.03556
2.47297
1.89772
1.31183
0.717196
0.115782
-0.490219
-1.09823
-1.70516
-2.30724
-2.89999
-3.47839
-4.03725
-4.57156
-5.07685
-5.54954
-5.98692
-6.38715
-6.74893
-7.07113
-7.35263
-7.59209
-7.78811
-7.9395
-8.04559
-8.10652
-8.12328
-8.09763
-8.03187
-7.92836
-7.78953
-7.61742
-7.41383
-7.18104
-6.92025
-6.6734
-6.43079
-6.17822
-5.87027
-5.59985
-5.18786
-4.99722
-4.33679
-4.52672
-3.15603
-4.5917
-1.11693
-6.1706
10.6466
10.7355
10.8238
10.9095
10.9929
11.0772
11.1674
11.27
11.3872
11.5122
11.6425
11.7799
11.924
12.074
12.229
12.3878
12.5491
12.7113
12.8727
13.0319
13.1871
13.3372
13.4811
13.6178
13.7466
13.8672
13.9792
14.0823
14.1764
14.2611
14.3363
14.4017
14.4572
14.5028
14.5385
14.5645
14.5812
14.589
14.5883
14.5793
14.562
14.536
14.5004
14.4542
14.3961
14.3248
14.2393
14.1391
14.0239
13.8941
13.7501
13.5921
13.4204
13.2344
13.0334
12.8164
12.5825
12.3313
12.0631
11.7791
11.4813
11.1721
10.8542
10.5301
10.2024
9.87299
9.54445
9.26324
9.01899
8.76492
8.50282
8.23566
7.95783
7.69911
7.37401
7.28049
6.54855
7.56359
4.42661
10.6663
9.50775
9.41026
9.3143
9.20671
9.09231
8.97799
8.88249
8.81058
8.6637
8.39532
8.21779
8.18659
8.16767
8.12817
8.0674
7.97512
7.8509
7.70389
7.54675
7.39063
7.23612
7.06849
6.86805
6.62418
6.33834
6.01819
5.67152
5.30385
4.91832
4.51608
4.09698
3.66044
3.20595
2.73342
2.24344
1.73711
1.2162
0.683037
0.140508
-0.408188
-0.959563
-1.50988
-2.05511
-2.59108
-3.11356
-3.61845
-4.10189
-4.56048
-4.99127
-5.39185
-5.76017
-6.09435
-6.3926
-6.65311
-6.87414
-7.05425
-7.1925
-7.28871
-7.34349
-7.35807
-7.3342
-7.27373
-7.17861
-7.05052
-6.89092
-6.70183
-6.48392
-6.27352
-6.06276
-5.84233
-5.56724
-5.32787
-4.94977
-4.78365
-4.16327
-4.35728
-3.05079
-4.43889
-1.08947
-6.00133
9.57917
9.6434
9.70639
9.76368
9.81344
9.85952
9.90963
9.96926
10.0363
10.1055
10.177
10.2525
10.3326
10.4181
10.5098
10.6084
10.7142
10.8274
10.9479
11.0752
11.2087
11.3472
11.4895
11.6342
11.7795
11.9239
12.0654
12.2025
12.3335
12.4571
12.5722
12.6779
12.7738
12.8598
12.9361
13.0031
13.0616
13.1119
13.1547
13.1901
13.2177
13.2371
13.2471
13.2464
13.2335
13.2073
13.1665
13.1106
13.0394
12.9529
12.8515
12.7353
12.6042
12.4579
12.2957
12.1168
11.9205
11.7065
11.4752
11.2277
10.966
10.6922
10.4089
10.1184
9.82277
9.52367
9.22315
8.96378
8.73712
8.50015
8.25463
8.00349
7.7424
7.49827
7.19346
7.1005
6.41425
7.37227
4.36382
10.4219
8.50899
8.50734
8.48631
8.46045
8.43191
8.4006
8.36884
8.33251
8.22879
8.04685
7.9841
8.0075
8.00106
7.95615
7.87979
7.77627
7.64325
7.48517
7.3233
7.17135
7.02208
6.85887
6.66134
6.41651
6.12766
5.80821
5.47107
5.12384
4.76935
4.40739
4.03619
3.6534
3.2567
2.84443
2.41592
1.97152
1.51255
1.04113
0.55989
0.0717098
-0.420465
-0.913661
-1.40486
-1.89097
-2.36884
-2.83523
-3.2868
-3.72031
-4.13263
-4.52094
-4.8827
-5.21556
-5.51741
-5.78625
-6.02028
-6.21798
-6.37831
-6.50084
-6.58578
-6.63384
-6.64612
-6.62385
-6.56836
-6.4809
-6.36247
-6.21471
-6.03767
-5.86225
-5.68241
-5.49358
-5.25153
-5.04367
-4.70077
-4.56027
-3.98166
-4.18099
-2.93941
-4.28153
-1.05548
-5.8285
8.49442
8.48502
8.48823
8.49959
8.51583
8.5384
8.57188
8.61776
8.67196
8.7301
8.79157
8.85617
8.92369
8.99432
9.06836
9.14628
9.22861
9.31594
9.4089
9.50798
9.6135
9.72557
9.84401
9.96832
10.0977
10.231
10.3668
10.5037
10.6402
10.7746
10.9057
11.0323
11.1536
11.2691
11.3785
11.4817
11.5788
11.6697
11.7542
11.8319
11.902
11.9636
12.0155
12.0561
12.0844
12.099
12.0991
12.0842
12.054
12.0084
11.9474
11.871
11.7789
11.6708
11.546
11.4038
11.2439
11.0659
10.8705
10.6587
10.4322
10.1932
9.94399
9.68658
9.42302
9.15452
8.88278
8.64619
8.43799
8.21886
7.99041
7.75546
7.51105
7.28128
6.99719
6.90501
6.26596
7.16648
4.28977
10.1684
7.18268
7.21876
7.23455
7.24557
7.25395
7.25898
7.26074
7.25817
7.22045
7.17832
7.3031
7.49937
7.6013
7.60515
7.54586
7.44575
7.31912
7.18167
7.04805
6.924
6.80369
6.67143
6.49742
6.26845
5.99017
5.67964
5.35421
5.02396
4.69158
4.35552
4.01286
3.66074
3.29684
2.91979
2.52932
2.1262
1.71198
1.28867
0.85844
0.423323
-0.0148413
-0.454361
-0.893522
-1.33045
-1.76302
-2.1887
-2.60458
-3.00755
-3.39444
-3.76224
-4.10822
-4.42995
-4.7253
-4.99235
-5.22946
-5.43526
-5.60874
-5.74937
-5.85704
-5.93197
-5.97463
-5.98557
-5.96546
-5.91497
-5.83454
-5.72536
-5.58675
-5.44444
-5.29418
-5.13584
-4.92632
-4.74969
-4.44251
-4.32808
-3.79234
-3.99791
-2.82186
-4.11966
-1.01582
-5.6523
7.13828
7.0951
7.07826
7.08382
7.10579
7.13914
7.18101
7.23012
7.28558
7.34716
7.41493
7.48831
7.56684
7.65013
7.73767
7.82897
7.92356
8.02111
8.12138
8.22424
8.32967
8.43773
8.54851
8.66208
8.77844
8.89749
9.01901
9.14267
9.26802
9.3945
9.52153
9.64852
9.7749
9.90012
10.0236
10.1449
10.2633
10.3782
10.4886
10.5936
10.692
10.7825
10.8638
10.9345
10.9935
11.0399
11.0727
11.0916
11.096
11.0856
11.0601
11.0191
10.9622
10.8888
10.7983
10.6902
10.5642
10.4202
10.2588
10.0808
9.88801
9.68223
9.46559
9.24
9.00736
8.76869
8.52547
8.31193
8.12268
7.92205
7.71131
7.493
7.26534
7.0497
6.78628
6.69482
6.104
6.94681
4.20493
9.90429
5.9278
5.93141
5.93385
5.93323
5.93024
5.92508
5.92003
5.91817
5.89531
5.87646
6.0461
6.3934
6.67273
6.80062
6.81764
6.77106
6.68943
6.59321
6.49709
6.40426
6.30934
6.19552
6.03999
5.83158
5.57692
5.29297
4.99702
4.69987
4.40401
4.10655
3.80328
3.49086
3.16744
2.83252
2.48667
2.13119
1.76776
1.39805
1.02343
0.644883
0.263048
-0.121499
-0.507998
-0.895293
-1.2817
-1.66496
-2.04227
-2.41056
-2.76667
-3.10765
-3.43086
-3.73404
-4.01527
-4.27288
-4.50549
-4.71193
-4.8913
-5.04304
-5.1668
-5.26239
-5.32971
-5.3687
-5.37934
-5.36169
-5.31557
-5.24162
-5.1385
-5.02705
-4.90456
-4.775
-4.59665
-4.45004
-4.17801
-4.08904
-3.5963
-3.80825
-2.69812
-3.95281
-0.971269
-5.47178
5.91931
5.90898
5.92252
5.9561
6.0019
6.0529
6.10593
6.16101
6.21915
6.28139
6.34831
6.42019
6.49736
6.58
6.668
6.76107
6.85876
6.9605
7.06565
7.17354
7.28357
7.39521
7.50806
7.62185
7.73644
7.8518
7.96798
8.0851
8.20328
8.32263
8.44317
8.56489
8.68765
8.81117
8.93504
9.05867
9.1813
9.30203
9.4198
9.53347
9.64183
9.74365
9.8378
9.92322
9.99898
10.0642
10.1183
10.1605
10.1901
10.2066
10.2091
10.197
10.1694
10.1256
10.065
9.9871
9.89161
9.77858
9.64843
9.50201
9.34062
9.16597
8.97989
8.78413
8.58048
8.36993
8.154
7.96295
7.79256
7.61069
7.41817
7.21705
7.00642
6.80485
6.56176
6.47076
5.92862
6.7132
4.10992
9.62638
5.50295
5.47281
5.45765
5.43921
5.41626
5.39144
5.37118
5.36147
5.32604
5.21845
5.16731
5.36568
5.59752
5.72285
5.76504
5.75861
5.72446
5.67218
5.6089
5.54137
5.45307
5.32263
5.16404
4.9806
4.75379
4.50242
4.247
3.99612
3.75042
3.50619
3.25848
3.00354
2.73957
2.46651
2.18529
1.89709
1.60299
1.30364
0.999246
0.689582
0.374316
0.0532912
-0.273154
-0.604021
-0.937612
-1.27159
-1.60316
-1.9293
-2.24707
-2.55378
-2.84708
-3.12499
-3.38581
-3.62806
-3.85047
-4.05198
-4.23173
-4.38905
-4.52342
-4.63427
-4.72103
-4.78307
-4.81973
-4.83049
-4.81453
-4.772
-4.70101
-4.61781
-4.52086
-4.41781
-4.26854
-4.14974
-3.91112
-3.84583
-3.39524
-3.61244
-2.56862
-3.77996
-0.923122
-5.28514
5.51973
5.53243
5.55539
5.588
5.62579
5.66607
5.70763
5.75018
5.79386
5.83897
5.88581
5.93484
5.98668
6.04191
6.10102
6.16445
6.23253
6.30543
6.38319
6.46573
6.55283
6.64423
6.73959
6.83856
6.94081
7.04603
7.15391
7.26419
7.37662
7.49093
7.60684
7.72403
7.84216
7.96077
8.07939
8.19742
8.31421
8.42906
8.5412
8.64986
8.75427
8.85365
8.94732
9.0346
9.11483
9.18738
9.25154
9.30655
9.35153
9.38553
9.40749
9.41632
9.41102
9.39066
9.35451
9.30204
9.23297
9.14728
9.04522
8.92742
8.79488
8.64895
8.4911
8.32288
8.14595
7.96134
7.77074
7.6009
7.44862
7.28519
7.11101
6.92747
6.73423
6.54692
6.32388
6.23315
5.73978
6.46484
4.00579
9.32992
5.48682
5.47079
5.48934
5.48817
5.47216
5.45566
5.44544
5.44432
5.4384
5.34207
5.01811
4.66886
4.53046
4.47623
4.4262
4.37826
4.33706
4.29994
4.25861
4.19601
4.10929
3.98472
3.81968
3.65159
3.48683
3.29524
3.09817
2.9142
2.74137
2.57149
2.39818
2.21816
2.03075
1.83671
1.63716
1.43282
1.22372
1.00921
0.788121
0.559055
0.320812
0.0727561
-0.184895
-0.450998
-0.723605
-1.0002
-1.27797
-1.55412
-1.82609
-2.09163
-2.34883
-2.59601
-2.83163
-3.05425
-3.26255
-3.45536
-3.63169
-3.7907
-3.93159
-4.05344
-4.15526
-4.23588
-4.29409
-4.32886
-4.33882
-4.32368
-4.28121
-4.22335
-4.14944
-4.07023
-3.94741
-3.85354
-3.64576
-3.60125
-3.1912
-3.41092
-2.43429
-3.59948
-0.872577
-5.08908
5.50437
5.5145
5.52808
5.54509
5.56564
5.58925
5.61532
5.64337
5.67299
5.70381
5.7356
5.76829
5.80193
5.8366
5.87252
5.91005
5.94963
5.99174
6.03692
6.08569
6.13857
6.19599
6.25835
6.32592
6.39889
6.4773
6.56108
6.65001
6.74371
6.8417
6.94333
7.04787
7.15455
7.26251
7.37089
7.47885
7.58561
7.69047
7.79278
7.89204
7.98778
8.07963
8.16727
8.25037
8.32854
8.40133
8.46814
8.52819
8.58056
8.62415
8.6578
8.68029
8.69049
8.68738
8.67017
8.63825
8.59125
8.529
8.45159
8.35931
8.25281
8.13301
8.00104
7.85806
7.70558
7.54466
7.37721
7.22681
7.09134
6.94544
6.78909
6.62314
6.4475
6.27484
6.07173
5.98133
5.53718
6.19953
3.89464
9.00894
5.76871
5.75183
5.74362
5.74109
5.72837
5.69381
5.63963
5.57287
5.49699
5.36017
5.00133
4.33348
3.66468
3.23905
3.02776
2.9163
2.83604
2.7788
2.73596
2.68727
2.59618
2.46566
2.31974
2.16161
2.03152
1.93588
1.84132
1.74495
1.65579
1.57019
1.47979
1.37991
1.27048
1.15371
1.03168
0.905145
0.773499
0.635306
0.488819
0.332361
0.164655
-0.0148675
-0.205849
-0.407033
-0.616498
-0.831978
-1.0512
-1.27212
-1.493
-1.71244
-1.92915
-2.14179
-2.34896
-2.54909
-2.74066
-2.92226
-3.09257
-3.25041
-3.39461
-3.52396
-3.63698
-3.73209
-3.8076
-3.86203
-3.89363
-3.90178
-3.88398
-3.84826
-3.79472
-3.73648
-3.63724
-3.56493
-3.38534
-3.35733
-2.98686
-3.20353
-2.29761
-3.40736
-0.823144
-4.87801
5.77139
5.76717
5.76435
5.76064
5.75689
5.75337
5.75046
5.74838
5.74724
5.74711
5.7481
5.75034
5.75384
5.75864
5.76479
5.77246
5.78188
5.79337
5.80733
5.8243
5.84486
5.86965
5.89933
5.93455
5.97585
6.02371
6.0784
6.14002
6.20843
6.28329
6.364
6.44978
6.53974
6.63282
6.72798
6.82416
6.92039
7.0158
7.10965
7.20136
7.29046
7.37658
7.45944
7.53876
7.61425
7.68553
7.75207
7.81324
7.8682
7.91601
7.95563
7.98597
8.00596
8.0147
8.01137
7.99532
7.96611
7.9234
7.867
7.797
7.71361
7.61733
7.50885
7.38899
7.25892
7.11968
6.97331
6.8406
6.72045
6.5907
6.45116
6.30226
6.14413
5.98654
5.80353
5.71355
5.32093
5.91308
3.7825
8.65256
3.42741
3.37426
3.3042
3.23584
3.1675
3.09472
3.01742
2.93787
2.85391
2.75518
2.64429
2.95722
3.35999
3.47719
3.5206
3.54199
3.45605
3.295
3.10148
2.8976
2.6886
2.44288
2.17864
1.97719
1.806
1.65704
1.53071
1.44118
1.35007
1.24114
1.12194
1.00167
0.884026
0.769578
0.65839
0.550446
0.445017
0.34003
0.232378
0.118949
-0.00246239
-0.132857
-0.272178
-0.419589
-0.573903
-0.733827
-0.898247
-1.06638
-1.23767
-1.41172
-1.588
-1.76556
-1.94319
-2.11932
-2.29224
-2.46025
-2.62176
-2.7753
-2.91933
-3.05228
-3.17233
-3.2775
-3.36574
-3.43516
-3.48379
-3.5108
-3.51347
-3.49628
-3.46028
-3.41981
-3.34143
-3.28659
-3.13316
-3.11558
-2.78564
-2.98921
-2.16251
-3.19988
-0.780617
-4.64608
3.45851
3.49801
3.54062
3.58555
3.63307
3.68355
3.73724
3.7943
3.85489
3.91915
3.98716
4.05888
4.13414
4.21268
4.29412
4.37802
4.46389
4.55119
4.63942
4.72811
4.81691
4.90557
4.99398
5.08214
5.17021
5.25843
5.34707
5.43644
5.5268
5.61835
5.71112
5.80505
5.89996
5.99557
6.09141
6.187
6.28186
6.37547
6.46733
6.55699
6.64405
6.72815
6.80902
6.88637
6.95991
7.02934
7.09426
7.15423
7.2087
7.257
7.29841
7.33215
7.35735
7.3733
7.37933
7.37474
7.35904
7.33181
7.29258
7.24121
7.17762
7.10187
7.01425
6.91521
6.80557
6.68617
6.55903
6.44242
6.33608
6.22089
6.0967
5.96381
5.82253
5.68005
5.51746
5.42723
5.09219
5.59975
3.67755
8.25303
3.3666
3.32774
3.30131
3.26528
3.22436
3.18355
3.14319
3.10191
3.05726
3.00963
2.96662
2.85001
2.4903
2.0484
1.71584
1.54619
1.52509
1.50943
1.45078
1.36717
1.27207
1.1666
1.03387
0.832415
0.641006
0.5651
0.518455
0.464238
0.426319
0.405411
0.38139
0.345602
0.300679
0.251411
0.201761
0.153734
0.106688
0.0581473
0.00519589
-0.0544268
-0.121967
-0.197754
-0.281573
-0.372838
-0.470914
-0.575269
-0.685692
-0.80237
-0.925631
-1.05581
-1.19293
-1.33649
-1.48549
-1.63846
-1.79365
-1.94914
-2.10308
-2.25362
-2.39886
-2.53677
-2.66515
-2.78169
-2.884
-2.96991
-3.03722
-3.08478
-3.11001
-3.11304
-3.09701
-3.07521
-3.02163
-2.98292
-2.86292
-2.84854
-2.57428
-2.74609
-2.02827
-2.95877
-0.753449
-4.38609
3.40709
3.44001
3.47315
3.5072
3.54183
3.57725
3.61353
3.65081
3.68935
3.7294
3.77125
3.81524
3.86164
3.91074
3.96277
4.01792
4.0762
4.13762
4.20204
4.26925
4.33895
4.4108
4.48446
4.55959
4.63588
4.71306
4.79093
4.86937
4.9483
5.02767
5.10746
5.18763
5.26818
5.34906
5.43012
5.5112
5.59211
5.6726
5.75235
5.83101
5.9082
5.98353
6.05664
6.12716
6.19469
6.25893
6.31951
6.37605
6.42823
6.47559
6.51772
6.55412
6.58416
6.6073
6.62302
6.63064
6.62952
6.61916
6.59894
6.56839
6.52716
6.47498
6.41173
6.33745
6.25253
6.15756
6.0543
5.9575
5.86803
5.77055
5.66501
5.55168
5.4313
5.3081
5.1728
5.0818
4.82825
5.21541
3.58336
7.76363
3.85827
3.83723
3.82339
3.80868
3.79329
3.77702
3.75979
3.74255
3.72652
3.71278
3.70186
3.68236
3.60036
3.31098
2.39845
1.31131
0.737836
0.475356
0.369593
0.345635
0.352539
0.364907
0.359765
0.314783
0.209892
0.0328185
-0.0511321
0.0459501
0.103187
0.111339
0.126482
0.146711
0.15598
0.153525
0.145963
0.137558
0.128756
0.117575
0.101244
0.0774862
0.0451204
0.00401414
-0.0455473
-0.103129
-0.168337
-0.240991
-0.32125
-0.409702
-0.507022
-0.61376
-0.730088
-0.855661
-0.989495
-1.13017
-1.276
-1.42509
-1.57559
-1.72562
-1.87317
-2.01611
-2.15209
-2.27865
-2.39329
-2.49371
-2.57762
-2.64374
-2.68958
-2.71197
-2.71429
-2.71168
-2.68029
-2.66171
-2.56803
-2.56996
-2.33069
-2.50588
-1.84528
-2.7486
-0.6565
-4.2199
3.87844
3.89738
3.91649
3.9362
3.95601
3.97594
3.9958
4.01553
4.03508
4.0544
4.07352
4.09251
4.11147
4.13059
4.15011
4.17026
4.1913
4.21353
4.23721
4.26254
4.2897
4.3188
4.34992
4.38306
4.41813
4.45505
4.4937
4.53395
4.57569
4.61879
4.66315
4.70868
4.75536
4.80312
4.85193
4.90172
4.95243
5.00397
5.05619
5.1089
5.16187
5.21483
5.26752
5.3196
5.37081
5.42085
5.4694
5.51615
5.56085
5.60313
5.64262
5.67894
5.71154
5.73992
5.76354
5.78175
5.79387
5.79926
5.7972
5.78704
5.76826
5.74031
5.70277
5.65528
5.59779
5.5305
5.45469
5.38101
5.31147
5.23477
5.15085
5.06013
4.96372
4.86458
4.7589
4.68097
4.49113
4.83255
3.35517
7.44619
3.41789
3.40048
3.38655
3.36999
3.35293
3.33667
3.32119
3.30685
3.29451
3.28397
3.27436
3.2609
3.23157
3.1823
3.11832
2.99079
2.52885
1.88333
1.56922
1.44403
1.37048
1.32448
1.3042
1.30134
1.29045
1.24802
1.16922
1.06368
1.05807
1.16614
1.19819
1.16072
1.10225
1.03693
0.966746
0.895016
0.824261
0.754951
0.686122
0.616049
0.543161
0.466889
0.387436
0.305175
0.220234
0.132365
0.0409476
-0.0550195
-0.156581
-0.264658
-0.379779
-0.502091
-0.631109
-0.765932
-0.905404
-1.04816
-1.19277
-1.33769
-1.48119
-1.62128
-1.75577
-1.88234
-1.99861
-2.10242
-2.19168
-2.2653
-2.32103
-2.35377
-2.36687
-2.3762
-2.35982
-2.35546
-2.2815
-2.2967
-2.08465
-2.26598
-1.64959
-2.54145
-0.536968
-4.06225
3.43282
3.44903
3.46569
3.4828
3.50015
3.51781
3.53568
3.55368
3.57175
3.58978
3.60768
3.62537
3.64278
3.65986
3.6766
3.69302
3.70918
3.7252
3.74124
3.75749
3.77417
3.79156
3.80994
3.82956
3.85066
3.87346
3.89812
3.92478
3.95348
3.98423
4.01698
4.05162
4.08804
4.12606
4.16548
4.20611
4.24774
4.29016
4.33315
4.3765
4.42001
4.46346
4.50667
4.54945
4.59169
4.63326
4.674
4.71383
4.75266
4.79036
4.82669
4.86148
4.89439
4.92499
4.95286
4.9774
4.99796
5.01388
5.02439
5.02881
5.02651
5.01683
4.99917
4.973
4.93795
4.89395
4.84186
4.78864
4.73693
4.67888
4.61439
4.54409
4.46944
4.39287
4.31454
4.25225
4.12018
4.43729
3.08828
7.13349
2.9732
2.96084
2.94624
2.93433
2.92339
2.91042
2.89561
2.88128
2.86969
2.86144
2.85555
2.84977
2.84171
2.82925
2.81016
2.78246
2.74748
2.6746
2.43521
2.29481
2.29645
2.29853
2.27461
2.24675
2.23173
2.22862
2.22024
2.19323
2.15123
2.1148
2.10873
2.08059
2.00509
1.90817
1.80307
1.69147
1.57516
1.45705
1.33849
1.21903
1.09761
0.973856
0.848367
0.722242
0.596396
0.471287
0.346889
0.222743
0.0982012
-0.0274702
-0.154841
-0.284345
-0.415971
-0.549426
-0.684237
-0.819728
-0.955145
-1.08956
-1.22181
-1.35044
-1.47373
-1.5898
-1.69671
-1.79268
-1.87607
-1.94614
-2.00109
-2.03519
-2.05153
-2.06532
-2.05685
-2.06016
-2.00029
-2.02363
-1.83563
-2.01841
-1.4468
-2.32002
-0.41131
-3.87126
2.97937
2.9899
3.00057
3.01139
3.0223
3.03335
3.0445
3.0557
3.06697
3.07831
3.08964
3.10089
3.11205
3.12302
3.13371
3.14407
3.15402
3.16349
3.17249
3.18101
3.18911
3.19689
3.20456
3.21234
3.22053
3.22946
3.23949
3.25102
3.26441
3.27997
3.29802
3.31871
3.34221
3.36855
3.39764
3.42939
3.46359
3.49996
3.5382
3.57796
3.61889
3.66063
3.70283
3.7452
3.7875
3.82954
3.87113
3.91216
3.95254
3.99221
4.03101
4.06882
4.10542
4.14047
4.17362
4.20439
4.23216
4.25641
4.27643
4.2916
4.30139
4.30518
4.30241
4.29258
4.27518
4.25
4.2176
4.18194
4.1458
4.10422
4.05699
4.00488
3.94958
3.89353
3.83974
3.79334
3.71525
4.00967
2.79905
6.73839
1.97852
1.97841
1.97812
1.96791
1.95412
1.94382
1.93793
1.9348
1.93325
1.93264
1.93206
1.93016
1.92577
1.91941
1.91413
1.91215
1.90899
1.89164
1.85234
2.11411
2.3161
2.48914
2.71695
2.85835
2.9303
2.96851
2.98795
2.9899
2.97049
2.93242
2.88235
2.83251
2.78539
2.70471
2.58961
2.45985
2.32179
2.17612
2.02409
1.86648
1.70357
1.536
1.36487
1.1916
1.01773
0.844875
0.674486
0.507715
0.345342
0.187705
0.0347825
-0.113667
-0.257949
-0.398263
-0.534784
-0.667575
-0.796555
-0.921479
-1.04184
-1.15681
-1.26528
-1.366
-1.45763
-1.53905
-1.60922
-1.66803
-1.71425
-1.74307
-1.75681
-1.76917
-1.76278
-1.76849
-1.71782
-1.74539
-1.57796
-1.75958
-1.23101
-2.08171
-0.272618
-3.64829
1.97905
1.98179
1.98493
1.98835
1.99233
1.99683
2.00188
2.00749
2.01371
2.0206
2.02819
2.03652
2.04561
2.05548
2.06616
2.07765
2.0899
2.10288
2.11655
2.13084
2.14571
2.16103
2.17682
2.19306
2.20985
2.22727
2.2455
2.26481
2.28548
2.30784
2.33221
2.35891
2.38823
2.42038
2.45547
2.49357
2.53463
2.57845
2.62476
2.67321
2.72337
2.7748
2.82703
2.8796
2.93211
2.98421
3.03567
3.08624
3.13579
3.18426
3.23152
3.27747
3.322
3.3648
3.40562
3.44406
3.47963
3.51184
3.54018
3.56415
3.58336
3.5974
3.60586
3.60841
3.60468
3.59445
3.5781
3.55722
3.53455
3.50741
3.47546
3.43953
3.40128
3.36346
3.33075
3.29922
3.26855
3.54039
2.46665
6.26925
1.06215
1.05365
1.0448
1.03421
1.01931
0.998895
0.975419
0.952382
0.931616
0.912772
0.894162
0.873847
0.850418
0.823095
0.791412
0.754832
0.712855
0.664763
0.602461
0.522649
0.497985
0.714978
1.9262
3.0857
3.4134
3.47433
3.4454
3.38466
3.315
3.24136
3.16064
3.07272
2.9806
2.88915
2.78269
2.65871
2.5294
2.39406
2.25036
2.09906
1.94163
1.77864
1.61055
1.438
1.26163
1.08258
0.90259
0.723684
0.54784
0.376595
0.210934
0.0514785
-0.101514
-0.247807
-0.387307
-0.519926
-0.645575
-0.764154
-0.875428
-0.978976
-1.07418
-1.16033
-1.23669
-1.30272
-1.35803
-1.40312
-1.43741
-1.45791
-1.46611
-1.47389
-1.46619
-1.47112
-1.42637
-1.45578
-1.30617
-1.48555
-0.996726
-1.8236
-0.112783
-3.39002
1.06881
1.079
1.08995
1.10179
1.11452
1.12814
1.1426
1.15789
1.174
1.19089
1.20855
1.22697
1.24613
1.26601
1.28661
1.30789
1.32983
1.35237
1.37547
1.39901
1.42288
1.44696
1.4711
1.49515
1.51901
1.54256
1.56577
1.58868
1.6114
1.63411
1.65706
1.68056
1.70501
1.73078
1.75825
1.7878
1.81972
1.85422
1.8914
1.93129
1.97373
2.01856
2.06549
2.11414
2.16416
2.21515
2.26679
2.31868
2.37055
2.42211
2.47307
2.52316
2.57211
2.61951
2.665
2.70818
2.74854
2.78563
2.81902
2.84839
2.87345
2.89397
2.90976
2.92067
2.9265
2.9272
2.92304
2.91389
2.9022
2.8871
2.86808
2.84593
2.82217
2.79982
2.78416
2.76516
2.77381
3.02261
2.07466
5.7251
0.711934
0.716432
0.713681
0.703549
0.691267
0.682001
0.676456
0.673323
0.671394
0.669658
0.667241
0.663659
0.658909
0.653084
0.645957
0.636981
0.625601
0.612683
0.599934
0.587184
0.578959
0.590317
0.663242
0.931021
1.48829
2.01225
2.28819
2.40006
2.44162
2.4505
2.44125
2.4195
2.3879
2.34167
2.29132
2.22282
2.1344
2.04414
1.95141
1.85004
1.73983
1.62329
1.50089
1.37213
1.23699
1.09589
0.94963
0.799689
0.648037
0.496533
0.346659
0.199546
0.0560702
-0.0829168
-0.216551
-0.343949
-0.464277
-0.57677
-0.680711
-0.775425
-0.860272
-0.934707
-0.998318
-1.05103
-1.09295
-1.12516
-1.14778
-1.15964
-1.16191
-1.16451
-1.15449
-1.15748
-1.11709
-1.14712
-1.01342
-1.18969
-0.738447
-1.53645
0.0708414
-3.05969
0.705334
0.705078
0.705501
0.706654
0.708536
0.711227
0.714763
0.719192
0.724566
0.730914
0.738268
0.746679
0.756191
0.766842
0.778686
0.791761
0.806118
0.821813
0.838866
0.857257
0.876954
0.897912
0.920021
0.943106
0.96701
0.99152
1.01642
1.04152
1.06664
1.09162
1.1164
1.14095
1.16537
1.18977
1.21436
1.23945
1.2653
1.2922
1.32045
1.3503
1.3819
1.41538
1.45078
1.48803
1.52708
1.56775
1.60986
1.65319
1.69749
1.74249
1.78787
1.83331
1.8784
1.92269
1.96573
2.007
2.04598
2.08221
2.11525
2.14486
2.1708
2.19298
2.2114
2.22601
2.23679
2.24388
2.24751
2.24643
2.24281
2.23684
2.22794
2.21673
2.20434
2.19384
2.18988
2.1782
2.21493
2.43868
1.59537
5.05322
0.506715
0.50775
0.508206
0.509209
0.508937
0.506184
0.502412
0.49981
0.499498
0.501467
0.505151
0.509749
0.514452
0.518567
0.521506
0.522831
0.52235
0.520361
0.517914
0.516603
0.516607
0.516465
0.51451
0.515818
0.555027
0.736129
1.11863
1.4722
1.63868
1.69752
1.7167
1.71776
1.71131
1.7014
1.66625
1.6134
1.60977
1.58102
1.51321
1.44715
1.38571
1.3158
1.23676
1.15266
1.06447
0.971573
0.87356
0.770357
0.662255
0.550028
0.434813
0.317789
0.200102
0.0829502
-0.0322815
-0.144062
-0.250841
-0.351191
-0.443836
-0.527711
-0.601936
-0.665863
-0.719066
-0.761544
-0.793563
-0.816375
-0.830579
-0.836404
-0.83493
-0.834293
-0.823313
-0.825439
-0.789605
-0.820796
-0.701762
-0.874814
-0.459104
-1.21747
0.271266
-2.61409
0.503748
0.503077
0.502541
0.502272
0.502252
0.502528
0.503115
0.504062
0.505402
0.507151
0.509331
0.511974
0.515117
0.518795
0.523052
0.527943
0.533559
0.539998
0.547337
0.555671
0.56509
0.575686
0.587511
0.600552
0.614797
0.630184
0.646604
0.663901
0.681903
0.700419
0.719243
0.738215
0.757196
0.77608
0.794854
0.813571
0.832342
0.851295
0.870643
0.89064
0.911485
0.933395
0.956561
0.981127
1.00718
1.03473
1.06377
1.09422
1.12594
1.15873
1.19235
1.22652
1.26086
1.295
1.32851
1.36091
1.39174
1.42061
1.44717
1.47121
1.49256
1.51118
1.52718
1.54058
1.5515
1.56017
1.5668
1.56998
1.57078
1.57009
1.56737
1.56314
1.5582
1.55578
1.5593
1.55084
1.60326
1.80023
1.04007
4.19589
0.230306
0.231626
0.232957
0.231115
0.227979
0.22576
0.224952
0.225359
0.227017
0.230153
0.23478
0.240396
0.246012
0.250476
0.252885
0.252871
0.250682
0.246987
0.24258
0.238331
0.234697
0.231061
0.225774
0.218016
0.20936
0.212045
0.267517
0.440215
0.670199
0.818592
0.847075
0.836613
0.82293
0.807922
0.785051
0.782573
0.769944
0.740679
0.767092
0.795335
0.802478
0.817438
0.819465
0.79426
0.748742
0.694913
0.639164
0.582332
0.523147
0.460298
0.39318
0.321905
0.246999
0.169273
0.0898759
0.0103887
-0.067348
-0.141533
-0.210545
-0.273058
-0.328027
-0.3747
-0.412582
-0.441609
-0.461965
-0.474756
-0.480621
-0.48107
-0.476685
-0.473701
-0.462493
-0.46419
-0.433263
-0.464105
-0.362546
-0.52068
-0.165251
-0.810277
0.415164
-1.82942
0.229415
0.228659
0.228142
0.22781
0.227716
0.227842
0.228195
0.228803
0.229669
0.230775
0.232115
0.233686
0.235487
0.237495
0.239696
0.242091
0.244702
0.247561
0.250691
0.254166
0.258075
0.262503
0.267548
0.273302
0.279854
0.287262
0.29556
0.304726
0.314712
0.325431
0.336733
0.348472
0.360463
0.372539
0.384554
0.396402
0.408022
0.41939
0.430581
0.441693
0.452861
0.464271
0.476132
0.488621
0.501901
0.516118
0.531347
0.547632
0.564956
0.583231
0.602338
0.622072
0.642203
0.662444
0.682503
0.702043
0.720748
0.738374
0.754665
0.769489
0.782769
0.794521
0.804847
0.813806
0.821568
0.828348
0.834336
0.838071
0.840763
0.843257
0.845044
0.846122
0.846062
0.846506
0.848244
0.828854
0.864755
1.02771
0.350495
2.87168
0.0563843
0.058353
0.0590204
0.0594228
0.0596256
0.0595632
0.0595592
0.0599651
0.0609694
0.0626641
0.0649584
0.0674171
0.0692915
0.0697857
0.0684009
0.0651267
0.0604198
0.0549898
0.0494915
0.044324
0.0395063
0.0345386
0.0284529
0.0202652
0.00881266
-0.00554319
-0.0191127
-0.0244301
-5.47617e-05
0.122722
0.367179
0.528604
0.508858
0.511379
0.535634
0.567016
0.587849
0.596359
0.575488
0.523254
0.463523
0.359802
0.2345
0.161245
0.138732
0.143432
0.156483
0.167005
0.171068
0.168825
0.161449
0.149564
0.133276
0.112778
0.0886777
0.0619238
0.0336478
0.00501241
-0.0228633
-0.0489848
-0.0725161
-0.0928059
-0.10938
-0.122038
-0.1307
-0.135941
-0.138007
-0.138531
-0.13626
-0.135884
-0.130108
-0.134789
-0.116631
-0.143405
-0.079637
-0.187281
0.028799
-0.34338
0.344225
-0.790452
0.0533902
0.0513872
0.049619
0.0481103
0.0468539
0.04588
0.0452061
0.0448625
0.0448568
0.045195
0.045878
0.0469021
0.0482559
0.0499147
0.0518558
0.0540499
0.0564702
0.0590884
0.06187
0.0648058
0.0678836
0.0711017
0.0744853
0.0780753
0.0819191
0.0860745
0.0906057
0.0955571
0.100968
0.106845
0.113153
0.119828
0.126764
0.133836
0.140888
0.147761
0.154309
0.16041
0.165988
0.170989
0.175416
0.179324
0.182803
0.185957
0.188912
0.191795
0.194711
0.197754
0.200986
0.204448
0.208142
0.212027
0.216046
0.220099
0.224079
0.227855
0.231314
0.234383
0.236971
0.239068
0.240693
0.241914
0.242848
0.243631
0.244472
0.245441
0.246671
0.248722
0.248781
0.247808
0.245648
0.242977
0.24085
0.242744
0.25138
0.25174
0.283242
0.370334
0.0156505
1.19818
)
;

boundaryField
{
    inlet
    {
        type            freestreamPressure;
        freestreamValue uniform 0;
        value           nonuniform List<scalar> 
134
(
0.74269
0.116169
-0.540931
-1.11486
-1.53287
-1.79284
-1.84518
-1.68438
-1.3127
-0.620358
-0.114296
-0.182654
-0.304236
-0.419441
-0.536759
-0.660164
-0.790541
-0.928417
-1.07569
-1.23588
1.35172
-1.41385
-1.61207
-1.82132
-2.01798
-2.16018
-2.2293
-2.35133
-2.35437
-2.40082
-2.86808
-2.63568
-2.64501
-2.696
-2.7337
-2.75193
-2.76913
-2.81478
-2.93092
-3.07103
1.92293
2.50836
3.00059
3.26754
3.21225
2.66398
1.4398
-3.3865
-3.31331
-3.19797
-3.12261
-3.06669
-3.00419
-2.93374
-2.86152
-2.78949
-2.71674
-2.64242
-2.56651
-2.4891
-2.40976
-2.3277
-2.24146
-2.14857
-2.04647
-1.93194
-1.85871
-1.78921
-1.70498
-1.60661
-1.49266
-1.34694
-1.15044
-0.804835
-0.347566
0.500217
1.10615
1.77534
2.43427
3.07269
3.67589
4.18582
4.5741
4.85116
5.02705
5.12632
5.17583
5.19856
5.21282
5.24569
5.34098
5.51547
5.70459
5.85893
5.98547
6.0955
6.19084
6.26773
6.32428
6.36158
6.38314
6.39707
6.4197
6.49223
6.6768
7.07514
7.24062
7.06865
6.87331
6.7506
6.6514
6.53766
6.41181
6.28333
6.15358
6.02037
5.88255
5.7396
5.59067
5.43399
5.26687
5.08593
4.88504
4.6598
4.38382
4.20502
4.029
3.80651
3.54226
3.23566
2.85685
2.37309
1.62483
0.67841
)
;
    }
    outlet
    {
        type            freestreamPressure;
        freestreamValue uniform 0;
        value           nonuniform List<scalar> 
160
(
0.000183814
0.000174218
0.000190147
0.000167768
0.000192335
0.000162026
0.000193623
0.000157124
0.00019424
0.000153031
0.000193996
0.000149843
0.000193941
0.000147616
0.000195209
0.000146443
0.000198421
0.000146349
0.000203879
0.00014735
0.000211287
0.000149446
0.000219225
0.000152624
0.000225266
0.000156848
0.000226835
0.000162038
0.000222325
0.000168123
0.000211706
0.000175012
0.000196458
0.000182621
0.000178867
0.000190863
0.000161049
0.000199632
0.000144313
0.000208902
0.000128752
0.000218637
0.000112767
0.000228836
9.31987e-05
0.000239581
6.67432e-05
0.000251006
2.94994e-05
0.000263265
-1.71896e-05
0.000276543
-6.10623e-05
0.000291047
-7.7472e-05
0.000306923
9.91802e-07
0.000324297
0.000392218
0.000343195
0.00117139
0.000363508
0.00168591
0.000385036
0.00162304
0.000407442
0.00163081
0.000430333
0.00170732
0.000453216
0.00180931
0.000475584
0.00188138
0.000496973
0.0019197
0.000516997
0.00186385
0.00053541
0.00170527
0.000552046
0.00151511
0.00056691
0.00117811
0.000580179
0.000770172
0.000592148
0.000528889
0.000603153
0.000453452
0.000613605
0.000467327
0.000623925
0.000508682
0.000634459
0.000541969
0.000645526
0.000554302
0.000657343
0.000546135
0.000670059
0.000521338
0.000683705
0.000482049
0.000698162
0.000428729
0.000713266
0.000362103
0.000728711
0.000284195
0.000744166
0.000198083
0.000759214
0.000107391
0.000773493
1.57969e-05
0.000786771
-7.31897e-05
0.000798754
-0.000156475
0.000809406
-0.000231484
0.000818797
-0.000296228
0.000827158
-0.000349271
0.000834894
-0.000390023
0.000842482
-0.000418239
0.000850659
-0.000435715
0.000859714
-0.000443251
0.000870163
-0.00044578
0.000883073
-0.00043942
0.000888457
-0.000439017
0.000890801
-0.000421908
0.000889498
-0.000437672
0.000886983
-0.000381581
0.000887159
-0.000467821
0.000903002
-0.000264805
0.000945452
-0.000610033
0.00095955
9.92162e-05
0.0010935
-0.001088
0.00145316
0.00129249
6.42405e-05
-0.00222544
0.00459578
)
;
    }
    walls
    {
        type            zeroGradient;
    }
    frontAndBack
    {
        type            empty;
    }
}


// ************************************************************************* //
