/*--------------------------------*- C++ -*----------------------------------*\
| =========                 |                                                 |
| \\      /  F ield         | OpenFOAM: The Open Source CFD Toolbox           |
|  \\    /   O peration     | Version:  2312                                  |
|   \\  /    A nd           | Website:  www.openfoam.com                      |
|    \\/     M anipulation  |                                                 |
\*---------------------------------------------------------------------------*/
FoamFile
{
    version     2.0;
    format      ascii;
    arch        "LSB;label=32;scalar=64";
    class       volScalarField;
    location    "200";
    object      p;
}
// * * * * * * * * * * * * * * * * * * * * * * * * * * * * * * * * * * * * * //

dimensions      [0 2 -2 0 0 0 0];

internalField   nonuniform List<scalar> 
10720
(
-5.52437
-72.17
-151.034
-229.925
-304.221
-380.527
-449.335
-508.347
-560.518
-602.522
-635.856
-661.49
-680.148
-693.015
-700.465
-702.053
-698.645
-689.245
-675.076
-655.282
-631.165
-601.843
-566.768
-523.187
-470.538
-426.082
-397.889
-349.158
-292.392
-257.798
-230.045
-197.568
-160.132
-121.664
-96.2515
-66.7009
-11.5806
-37.449
-104.793
60.0458
119.322
180.972
237.346
283.998
316.655
332.018
334.492
326.837
308.19
284.002
258.898
234.281
210.885
189.445
169.581
151.143
133.58
116.609
99.7082
82.8363
65.6863
48.4118
31.486
16.8061
5.58499
-3.27127
-10.3358
-15.7044
-19.319
-21.2692
-21.5776
-20.4539
-17.9721
-14.1838
-9.23174
-2.49194
7.45621
24.68
79.8202
29.4744
-27.4728
-88.5727
-151.909
-217.261
-281.327
-342.064
-398.711
-449.519
-494.037
-532.173
-563.996
-589.542
-608.76
-621.271
-627.557
-627.545
-622.078
-610.901
-594.533
-571.71
-540.947
-499.247
-450.272
-406.06
-368.13
-334.705
-302.032
-268.295
-233.489
-198.084
-159.956
-121.469
-96.0544
-66.5321
-11.2832
-38.385
-107.109
124.768
167.224
209.03
248.581
282.388
307.693
321.665
325.091
318.739
303.768
283.896
262.035
239.571
217.405
196.284
176.307
157.442
139.391
121.907
104.659
87.5633
70.3969
53.2352
36.5744
21.9699
10.3513
0.938218
-6.67865
-12.5056
-16.5056
-18.8119
-19.4645
-18.6675
-16.4908
-12.9744
-8.1501
-1.65328
9.26656
26.3249
89.7819
44.658
-6.63357
-63.6168
-123.21
-184.877
-247.082
-307.302
-363.984
-416.077
-462.315
-502.282
-535.598
-562.051
-581.879
-595.384
-602.861
-604.229
-599.846
-589.669
-573.859
-551.767
-522.637
-484.688
-440.523
-398.397
-360.88
-331.124
-300.735
-266.661
-231.478
-196.265
-159.02
-121.251
-95.495
-65.6471
-10.2279
-39.8602
-108.522
130.13
168.797
206.719
242.005
271.589
293.756
306.932
311.286
307.129
295.552
278.898
259.388
238.553
217.446
196.856
177.124
158.316
140.292
122.853
105.731
88.7836
71.8754
55.0724
38.7451
24.1539
12.2435
2.57577
-5.24208
-11.2312
-15.3817
-17.8442
-18.6392
-17.9584
-15.8772
-12.4037
-7.61588
-0.950487
10.0081
27.0014
105.289
67.4443
23.8836
-24.3449
-75.3348
-129.11
-184.102
-238.618
-291.389
-341.275
-387.161
-428.335
-464.242
-494.585
-519.181
-538.151
-551.409
-558.641
-559.853
-554.96
-543.899
-526.225
-501.48
-468.682
-430.035
-391.326
-357.539
-328.367
-297.323
-263.736
-229.396
-194.829
-158.345
-121.153
-94.9007
-64.4494
-9.17325
-42.0286
-109.328
138.954
170.936
202.622
232.65
258.177
277.861
290.422
295.564
293.338
284.639
271.123
254.518
236.146
216.99
197.792
178.98
160.73
143.039
125.791
108.806
91.9714
75.209
58.5789
42.4577
27.8902
15.7628
5.84793
-2.22547
-8.48972
-12.9357
-15.7045
-16.7917
-16.3782
-14.5384
-11.2652
-6.61712
-0.0308549
10.9372
28.3324
107.685
74.0612
35.182
-8.12664
-54.0215
-102.964
-153.657
-204.58
-254.78
-303.13
-348.516
-390.143
-427.308
-459.46
-486.218
-507.422
-522.683
-531.976
-535.152
-532.219
-523.085
-507.48
-485.09
-455.48
-420.163
-383.98
-351.847
-322.984
-292.468
-260.053
-226.791
-193.082
-157.414
-120.985
-94.5127
-63.4445
-8.47847
-44.8492
-110.439
137.661
165.988
194.16
220.893
243.686
261.615
273.698
279.44
278.792
272.482
261.69
247.731
231.68
214.413
196.639
178.826
161.24
143.985
127.036
110.298
93.6911
77.177
60.8355
45.0139
30.5677
18.3076
8.17807
-0.128231
-6.63906
-11.336
-14.3377
-15.6373
-15.404
-13.7169
-10.555
-5.97248
0.61172
11.5401
28.9747
107.974
78.2036
43.6301
5.15379
-35.6033
-79.3681
-124.943
-171.117
-217.202
-262.181
-305.119
-345.267
-381.884
-414.34
-442.164
-465.01
-482.543
-494.65
-501.059
-501.561
-495.899
-483.765
-464.935
-439.3
-408.118
-375.175
-344.807
-316.777
-287.229
-255.968
-223.707
-190.893
-156.188
-120.764
-94.1832
-62.6445
-8.30021
-48.1353
-112.268
134.533
159.557
184.639
208.63
229.22
245.764
257.422
263.575
264.151
259.747
251.243
239.659
225.853
210.568
194.441
177.919
161.303
144.762
128.345
112.025
95.769
79.5785
63.5512
48.0154
33.6984
21.3424
11.0232
2.50828
-4.22774
-9.16061
-12.4028
-13.9419
-13.9349
-12.457
-9.47045
-5.02078
1.48393
12.296
28.7441
105.278
78.4344
47.1889
12.3991
-24.3668
-64.0401
-105.559
-147.867
-190.513
-232.601
-273.329
-312.032
-347.97
-380.486
-409.037
-433.15
-452.408
-466.416
-474.843
-477.405
-473.853
-463.964
-447.665
-425.094
-397.24
-366.997
-338.211
-311.053
-282.336
-252.04
-220.719
-188.768
-155.021
-120.58
-93.8746
-61.9469
-8.90732
-51.8772
-113.908
129.26
151.797
174.518
196.361
215.203
230.637
241.897
248.304
249.824
246.934
240.319
230.789
219.019
205.619
191.135
175.967
160.417
144.696
128.908
113.088
97.2514
81.4377
65.7626
50.5393
36.3969
24.0116
13.5506
4.85573
-2.08896
-7.25226
-10.735
-12.5088
-12.7123
-11.4178
-8.5771
-4.22709
2.20892
12.9159
28.4357
101.401
77.042
48.6429
17.058
-16.2179
-52.2236
-89.9825
-128.577
-167.717
-206.644
-244.669
-281.241
-315.685
-347.367
-375.714
-400.2
-420.317
-435.659
-445.874
-450.604
-449.489
-442.255
-428.853
-409.528
-385.048
-357.638
-330.714
-304.694
-276.959
-247.755
-217.507
-186.502
-153.778
-120.324
-93.6576
-61.3871
-10.7031
-56.1669
-114.192
123.207
143.665
164.416
184.473
201.87
216.368
227.239
233.788
236.02
234.321
229.247
221.46
211.496
199.847
186.969
173.199
158.82
144.054
129.036
113.845
98.5379
83.1857
67.9214
53.0455
39.1199
26.7626
16.2041
7.35897
0.228795
-5.14681
-8.85417
-10.8548
-11.2726
-10.1762
-7.50542
-3.2878
3.03786
13.5785
28.3139
96.7052
74.4077
48.3927
19.4903
-10.855
-43.7338
-78.2613
-113.611
-149.626
-185.65
-221.109
-255.561
-288.402
-319.044
-346.931
-371.509
-392.233
-408.639
-420.265
-426.668
-427.419
-422.271
-411.233
-394.641
-373.097
-348.27
-323.136
-298.251
-271.497
-243.376
-214.198
-184.132
-152.438
-119.963
-93.5613
-61.2106
-13.7898
-60.6237
-112.281
116.704
135.446
154.559
173.117
189.291
202.98
213.474
220.086
222.844
222.08
218.259
211.934
203.541
193.475
182.108
169.713
156.537
142.792
128.625
114.144
99.4367
84.6035
69.7906
55.2915
41.6177
29.3389
18.7263
9.7611
2.46683
-3.10685
-7.03276
-9.25871
-9.89
-8.98754
-6.48125
-2.39124
3.82373
14.1686
28.2738
91.6439
71.112
47.1502
20.57
-7.23979
-37.3866
-69.0463
-101.472
-134.603
-167.862
-200.782
-233.012
-264.02
-293.296
-320.312
-344.511
-365.348
-382.312
-394.919
-402.708
-405.18
-402.057
-393.348
-379.406
-360.686
-338.396
-315.121
-291.501
-265.825
-238.828
-210.748
-181.65
-151.008
-119.522
-93.5201
-61.5539
-17.7242
-63.6704
-107.5
110.098
127.378
145.092
162.362
177.486
190.453
200.582
207.194
210.336
210.304
207.499
202.391
195.349
186.689
176.714
165.637
153.664
140.98
127.73
114.034
100.003
85.753
71.4447
57.3635
43.9854
31.8404
21.2249
12.177
4.747
-1.00367
-5.13286
-7.57477
-8.4161
-7.71056
-5.3782
-1.43232
4.64885
14.7509
28.2622
86.4326
67.4251
45.2413
20.6729
-4.93613
-32.6992
-61.8405
-91.68
-122.211
-152.933
-183.469
-213.549
-242.71
-270.51
-296.473
-320.072
-340.766
-358.036
-371.351
-380.234
-384.118
-382.706
-376.018
-364.411
-348.22
-328.285
-306.834
-284.528
-259.978
-234.118
-207.152
-179.049
-149.483
-119.007
-93.4383
-62.3045
-21.9325
-64.5652
-100.184
103.553
119.574
136.075
152.223
166.432
178.746
188.514
195.086
198.503
199.043
197.056
192.961
187.07
179.644
170.93
161.09
150.283
138.666
126.367
113.508
100.207
86.5947
72.8349
59.2073
46.1636
34.2011
23.6294
14.5345
6.9953
1.0872
-3.23234
-5.88348
-6.93179
-6.4223
-4.26536
-0.468699
5.46765
15.3023
28.2377
81.2285
63.5574
42.9349
20.1336
-3.54668
-29.2077
-56.1141
-83.6381
-111.818
-140.212
-168.509
-196.512
-223.823
-250.07
-274.826
-297.606
-317.893
-335.174
-348.898
-358.587
-363.65
-363.754
-358.906
-349.444
-335.59
-317.891
-298.252
-277.32
-253.951
-229.25
-203.417
-176.334
-147.859
-118.42
-93.2657
-63.2498
-26.0404
-63.6457
-91.5413
97.1819
112.103
127.538
142.694
156.096
167.812
177.225
183.722
187.329
188.314
186.99
183.732
178.817
172.465
164.878
156.177
146.48
135.91
124.575
112.586
100.06
87.1315
73.963
60.828
48.1591
36.4282
25.9497
16.8481
9.23094
3.18967
-1.30228
-4.15124
-5.40036
-5.08642
-3.1098
0.526749
6.29949
15.8357
28.1893
76.1258
59.6341
40.3943
19.1571
-2.81909
-26.616
-51.5341
-76.986
-103.046
-129.321
-155.547
-181.588
-207.106
-231.789
-255.269
-277.104
-296.815
-313.902
-327.819
-338.077
-344.089
-345.472
-342.229
-334.668
-322.922
-307.304
-289.428
-269.898
-247.752
-224.228
-199.54
-173.501
-146.127
-117.753
-93.0078
-64.2276
-29.8942
-61.5897
-82.8282
91.0437
104.997
119.481
133.754
146.43
157.596
166.666
173.058
176.791
178.119
177.33
174.764
170.674
165.25
158.661
150.994
142.336
132.776
122.397
111.291
99.5687
87.3576
74.8169
62.2107
49.9549
38.5005
28.1623
19.0939
11.4303
5.2806
0.634527
-2.40086
-3.8444
-3.72427
-1.9306
1.53817
7.13201
16.343
28.1199
71.1823
55.7413
37.7373
17.8966
-2.56094
-24.6936
-47.8337
-71.4246
-95.5705
-119.913
-144.23
-168.431
-192.231
-215.372
-237.542
-258.348
-277.344
-294.064
-307.974
-318.579
-325.326
-327.786
-325.946
-320.078
-310.24
-296.557
-280.389
-262.274
-241.388
-219.054
-195.524
-170.547
-144.283
-116.995
-92.6909
-65.1599
-33.4615
-59.0017
-74.6894
85.1745
98.2631
111.898
125.373
137.391
148.047
156.785
163.053
166.858
168.451
168.092
166.098
162.704
158.078
152.366
145.63
137.93
129.327
119.878
109.653
98.748
87.2792
75.3967
63.3519
51.5452
40.4102
30.2582
21.2641
13.588
7.35698
2.57781
-0.629698
-2.25905
-2.32994
-0.722003
2.56993
7.96824
16.8268
28.0374
66.432
51.9361
35.0442
16.4601
-2.63613
-23.2751
-44.8145
-66.7308
-89.1426
-111.722
-134.284
-156.773
-178.949
-200.601
-221.464
-241.194
-259.388
-275.612
-289.36
-300.137
-307.424
-310.765
-310.126
-305.741
-297.608
-285.709
-271.175
-254.472
-234.869
-213.737
-191.369
-167.474
-142.325
-116.136
-92.3348
-66.0207
-36.7472
-56.3105
-67.2274
79.5914
91.9021
104.769
117.52
128.936
139.115
147.533
153.659
157.499
159.29
159.278
157.756
154.948
151.008
146.062
140.158
133.333
125.624
117.066
107.705
97.6171
86.9051
75.7035
64.2473
52.9219
42.1458
32.2235
23.3447
15.6904
9.40649
4.51659
1.15264
-0.652911
-0.910999
0.509369
3.61648
8.8038
17.2868
27.9411
61.8947
48.2563
32.3719
14.9263
-2.94234
-22.2309
-42.3231
-62.7247
-83.5626
-104.534
-125.486
-146.389
-167.038
-187.264
-206.847
-225.485
-242.819
-258.452
-271.91
-282.705
-290.36
-294.407
-294.782
-291.687
-285.069
-274.806
-261.823
-246.514
-228.208
-208.283
-187.081
-164.281
-140.253
-115.166
-91.9432
-66.8019
-39.7514
-53.8101
-60.4903
74.3001
85.9066
98.0719
110.162
121.023
130.755
138.864
144.839
148.68
150.619
150.885
149.754
147.439
144.085
139.807
134.64
128.607
121.726
114.008
105.481
96.2004
86.248
75.7413
64.8962
54.0815
43.6998
34.0479
25.3243
17.7273
11.42
6.44361
2.9409
0.970447
0.53027
1.76185
4.67644
9.63756
17.7248
27.8274
57.5827
44.7249
29.7586
13.351
-3.40438
-21.4658
-40.2458
-59.2711
-78.6767
-98.1839
-117.658
-137.091
-156.312
-175.186
-193.53
-211.083
-227.528
-242.505
-255.573
-266.266
-274.136
-278.729
-279.948
-277.958
-272.674
-263.898
-252.376
-238.425
-221.418
-202.701
-182.663
-160.968
-138.062
-114.081
-91.5082
-67.4972
-42.4669
-51.6168
-54.601
69.2992
80.2647
91.7863
103.268
113.615
122.924
130.736
136.552
140.37
142.415
142.903
142.094
140.195
137.344
133.646
129.131
123.809
117.685
110.753
103.022
94.5261
85.3265
75.5202
65.3018
55.0211
45.0655
35.7214
27.1916
19.687
13.3869
8.34941
4.72718
2.60448
1.98853
3.03094
5.74612
10.467
18.1413
27.6935
53.4995
41.3564
27.2337
11.7737
-3.9639
-20.9083
-38.4904
-56.2628
-74.3614
-92.5281
-110.646
-128.723
-146.615
-164.216
-181.373
-197.862
-213.408
-227.685
-240.288
-250.779
-258.735
-263.732
-265.637
-264.584
-260.467
-253.033
-242.875
-230.236
-214.517
-197.002
-178.121
-157.538
-135.751
-112.876
-91.0168
-68.0975
-44.8831
-49.7431
-49.6131
64.5833
74.9606
85.8894
96.8093
106.676
115.586
123.11
128.762
132.538
134.657
135.322
134.779
133.231
130.81
127.615
123.672
118.985
113.549
107.346
100.366
92.6237
84.1613
75.0531
65.4702
55.7418
46.239
37.2362
28.9365
21.559
15.2971
10.2249
6.50391
4.24297
3.45894
4.31271
6.82242
11.2897
18.5371
27.5387
49.6438
38.1593
24.8123
10.2259
-4.58107
-20.5003
-36.987
-53.6122
-70.5166
-87.4553
-104.327
-121.153
-137.81
-154.214
-170.243
-185.703
-200.356
-213.909
-225.994
-236.205
-244.139
-249.414
-251.866
-251.596
-248.486
-242.255
-233.359
-221.974
-207.523
-191.198
-173.464
-153.993
-133.32
-111.549
-90.4542
-68.5925
-46.9918
-48.1737
-45.4742
60.144
69.9787
80.3592
90.7565
100.173
108.706
115.951
121.437
125.156
127.322
128.126
127.803
126.552
124.499
121.74
118.299
114.178
109.363
103.828
97.5491
90.5244
82.7753
74.3547
65.41
56.2474
47.2189
38.5864
30.5501
23.3333
17.1402
12.0605
8.26276
5.87883
4.93573
5.60244
7.90149
12.1032
18.9123
27.3623
46.0119
35.1369
22.507
8.72673
-5.22264
-20.2003
-35.6794
-51.2537
-67.0621
-82.8736
-98.5977
-114.269
-129.779
-145.063
-160.025
-174.499
-188.275
-201.098
-212.63
-222.499
-230.325
-235.769
-238.642
-239.014
-236.768
-231.605
-223.868
-213.672
-200.456
-185.303
-168.699
-150.336
-130.77
-110.096
-89.8071
-68.9708
-48.7906
-46.881
-42.0737
55.9708
65.3031
75.174
85.0831
94.0758
102.251
109.227
114.545
118.197
120.388
121.302
121.161
120.16
118.423
116.042
113.042
109.422
105.165
100.238
94.6089
88.2597
81.1943
73.4446
65.1339
56.5433
48.0051
39.7678
32.025
25.0005
18.9065
13.8466
9.99514
7.50451
6.41277
6.89507
8.97941
12.9049
19.2673
27.1637
42.5973
32.2884
20.3247
7.29178
-5.866
-19.9738
-34.5252
-49.1321
-63.9321
-78.7064
-93.3758
-107.98
-122.427
-136.667
-150.623
-164.155
-177.082
-189.175
-200.134
-209.616
-217.264
-222.784
-225.967
-226.859
-225.343
-221.122
-214.441
-205.362
-193.337
-179.331
-163.837
-146.575
-128.102
-108.516
-89.0638
-69.2214
-50.2831
-45.8236
-39.2829
52.0532
60.9175
70.3125
79.7636
88.3575
96.1925
102.909
108.06
111.635
113.835
114.833
114.844
114.054
112.588
110.534
107.92
104.743
100.986
96.6113
91.579
85.8605
79.4445
72.3433
64.6555
56.6374
48.6005
40.7779
33.3549
26.5522
20.5865
15.5737
11.6921
9.11205
7.88335
8.18517
10.0519
13.6921
19.6024
26.9434
39.3924
29.611
18.2674
5.93006
-6.49351
-19.7963
-33.4895
-47.2039
-61.0724
-74.8912
-88.5873
-102.207
-115.668
-128.936
-141.949
-154.586
-166.695
-178.071
-188.446
-197.509
-204.928
-210.443
-213.842
-215.143
-214.238
-210.84
-205.112
-197.073
-186.19
-173.299
-158.89
-142.713
-125.319
-106.807
-88.2139
-69.3341
-51.4787
-44.9539
-36.9863
48.3786
56.8057
65.7542
74.7747
82.9919
90.504
96.9693
101.955
105.448
107.643
108.705
108.84
108.23
106.997
105.228
102.95
100.165
96.8535
92.977
88.4904
83.3569
77.5522
71.0714
63.9904
56.5402
49.0101
41.6168
34.5357
27.9812
22.1714
17.2323
13.3447
10.6932
9.3403
9.46687
11.1144
14.4622
19.9174
26.7027
36.3886
27.0997
16.336
4.64789
-7.09451
-19.6483
-32.5462
-45.4341
-58.4428
-71.3774
-84.1746
-96.8827
-109.43
-121.792
-133.922
-145.715
-157.04
-167.719
-177.51
-186.133
-193.282
-198.727
-202.26
-203.877
-203.475
-200.788
-195.915
-188.836
-179.037
-167.224
-153.87
-138.761
-122.425
-104.968
-87.2494
-69.3001
-52.3917
-44.2263
-35.0962
44.9344
52.953
61.4816
70.0955
77.9566
85.1608
91.3839
96.2057
99.6116
101.791
102.902
103.139
102.682
101.65
100.127
98.1452
95.7055
92.7903
89.3612
85.371
80.7767
75.5433
69.6516
63.1567
56.2641
49.2406
42.2864
35.5647
29.2815
23.6533
18.8134
14.9436
12.2397
10.7761
10.734
12.1623
15.2125
20.2124
26.4433
33.5769
24.7494
14.5288
3.44827
-7.65857
-19.5154
-31.6736
-43.795
-56.0062
-68.1239
-80.089
-91.9534
-103.653
-115.171
-126.474
-137.473
-148.053
-158.057
-167.271
-175.443
-182.294
-187.616
-191.214
-193.063
-193.069
-190.992
-186.88
-180.68
-171.903
-161.123
-148.791
-134.725
-119.425
-103.003
-86.1642
-69.1131
-53.0394
-43.6021
-33.5481
41.709
49.3432
57.4767
65.7071
73.2303
80.14
86.1294
90.7901
94.1072
96.2635
97.4088
97.7301
97.4034
96.5439
95.2364
93.5132
91.378
88.815
85.787
82.2463
78.1457
73.443
68.1066
62.1727
55.8229
49.3009
42.79
36.4412
30.4489
25.0248
20.3085
16.48
13.7426
12.1827
11.9802
13.1905
15.9405
20.4875
26.1676
30.9474
22.5539
12.8435
2.33247
-8.17977
-19.386
-30.8547
-42.263
-53.7343
-65.0938
-76.2877
-87.3692
-98.282
-109.017
-119.547
-129.798
-139.671
-149.028
-157.678
-165.395
-171.929
-177.086
-180.693
-182.704
-183.034
-181.475
-178.033
-172.633
-164.81
-155.016
-143.666
-130.616
-116.325
-100.913
-84.9548
-68.7695
-53.4417
-43.0518
-32.2928
38.6904
45.9628
53.723
61.59
68.7918
75.4204
81.185
85.6887
88.9149
91.041
92.21
92.601
92.3853
91.6758
90.5557
89.0594
87.1928
84.9423
82.2727
79.1374
75.4872
71.2741
66.4575
61.0571
55.231
49.2012
43.1335
37.1659
31.4801
26.2807
21.7098
17.945
15.1935
13.5522
13.1986
14.1942
16.6437
20.7425
25.8785
28.4913
20.5068
11.2765
1.30049
-8.65464
-19.2522
-30.0768
-40.8207
-51.6032
-62.258
-72.7366
-83.0912
-93.2729
-103.279
-113.088
-122.637
-131.842
-140.581
-148.683
-155.949
-162.152
-167.116
-170.684
-172.796
-173.38
-172.253
-169.398
-164.719
-157.779
-148.919
-138.512
-126.445
-113.133
-98.7032
-83.6191
-68.2698
-53.6192
-42.5529
-31.2874
35.8674
42.7978
50.205
57.7269
64.623
70.9833
76.5307
80.8815
84.0166
86.1078
87.2917
87.7399
87.6193
87.0398
86.0836
84.7864
83.1567
81.1832
78.8337
76.0631
72.8219
69.0582
64.7249
59.8277
54.5037
48.9527
43.3237
37.7413
32.3736
27.4157
23.0102
19.3304
16.584
14.8765
14.3823
15.1682
17.3193
20.9776
25.5791
26.2001
18.601
9.82404
0.351521
-9.0804
-19.1071
-29.3294
-39.4527
-49.5932
-59.5918
-69.4053
-79.0849
-88.5876
-97.9144
-107.051
-115.942
-124.517
-132.667
-140.243
-147.065
-152.931
-157.679
-161.171
-163.334
-164.108
-163.341
-160.996
-156.961
-150.833
-142.851
-133.343
-122.222
-109.857
-96.3786
-82.159
-67.6164
-53.5934
-42.0885
-30.492
33.2287
39.8358
46.9086
54.103
60.7073
66.8113
72.1495
76.351
79.3951
81.4481
82.6399
83.1351
83.0957
82.6295
81.8171
80.6953
79.2747
77.5469
75.4826
73.039
70.1675
66.8149
62.9288
58.5039
53.6571
48.5677
43.3686
38.1715
33.1297
28.4267
24.2038
20.6285
17.9055
16.1475
15.5245
16.1072
17.965
21.1927
25.2728
24.0645
16.8303
8.481
-0.515883
-9.45617
-18.9466
-28.6038
-38.1476
-47.6883
-57.0755
-66.2697
-75.3219
-84.1922
-92.887
-101.395
-109.671
-117.652
-125.245
-132.315
-138.705
-144.234
-148.751
-152.138
-154.311
-155.222
-154.75
-152.842
-149.38
-143.991
-136.83
-128.173
-117.959
-106.507
-93.9467
-80.576
-66.8145
-53.3855
-41.6436
-29.8694
30.7641
37.0652
43.8209
50.7031
57.0293
62.888
68.0246
72.0809
75.0349
77.047
78.2414
78.7751
78.806
78.4386
77.7524
76.785
75.5491
74.0391
72.2286
70.0779
67.5397
64.5616
61.0874
57.1025
52.7064
48.0588
43.2777
38.4617
33.7494
29.3114
25.2858
21.8323
19.1502
17.3573
16.6182
17.0062
18.578
21.388
24.963
22.0763
15.1876
7.24313
-1.30438
-9.78154
-18.7678
-27.8943
-36.8949
-45.8748
-54.6916
-63.3079
-71.7756
-80.058
-88.1632
-96.0857
-103.786
-111.21
-118.275
-124.864
-130.835
-136.029
-140.308
-143.565
-145.716
-146.72
-146.485
-144.95
-141.993
-137.273
-130.873
-123.019
-113.668
-103.09
-91.4153
-78.8746
-65.8704
-53.0131
-41.2054
-29.3838
28.4638
34.4746
40.9287
47.5135
53.5743
59.1979
64.1407
68.0559
70.9209
72.8905
74.083
74.6483
74.7398
74.4592
73.8838
73.0528
71.9804
70.6634
69.0789
67.19
64.9522
62.3136
59.2166
55.6398
51.6665
47.4389
43.0608
38.6185
34.2357
30.0694
26.2523
22.9359
20.311
18.4985
17.6565
17.8599
19.1559
21.5634
24.6529
20.2274
13.6662
6.10563
-2.01692
-10.057
-18.5677
-27.1955
-35.6861
-44.1411
-52.4243
-60.5019
-68.4243
-76.1587
-83.7151
-91.0911
-98.2529
-105.154
-111.722
-117.853
-123.422
-128.288
-132.323
-135.435
-137.537
-138.599
-138.551
-137.331
-134.815
-130.695
-124.995
-117.893
-109.36
-99.6183
-88.7917
-77.0599
-64.7911
-52.4944
-40.7607
-29.0014
26.3184
32.0532
38.2204
44.5218
50.329
55.7272
60.4835
64.2618
67.0395
68.9653
70.1523
70.7435
70.8871
70.6832
70.2059
69.4955
68.5681
67.4221
66.0384
64.3834
62.4152
60.0837
57.3313
54.1309
50.5522
46.7211
42.7286
38.6492
34.5925
30.7011
27.101
23.9343
21.3813
19.5638
18.6328
18.6634
19.6957
21.7188
24.3453
18.5099
12.2597
5.06334
-2.65643
-10.2836
-18.3459
-26.504
-34.5157
-42.4783
-50.2626
-57.8367
-65.2503
-72.4736
-79.5179
-86.384
-93.0427
-99.4544
-105.554
-111.252
-116.436
-120.982
-124.773
-127.729
-129.762
-130.852
-130.949
-129.992
-127.859
-124.274
-119.214
-112.811
-105.047
-96.1003
-86.0853
-75.1375
-63.5841
-51.8428
-40.298
-28.6929
24.3191
29.7915
35.6852
41.7162
47.2807
52.4628
57.0393
60.6856
63.3777
65.2593
66.4376
67.0498
67.2391
67.1022
66.7118
66.1084
65.3095
64.3155
63.1104
61.6641
59.9377
57.8832
55.4441
52.5895
49.3772
45.9182
42.2917
38.562
34.8248
31.2082
27.8304
24.8235
22.3555
20.547
19.5411
19.4118
20.1945
21.854
24.0424
16.9164
10.9618
4.11143
-3.2264
-10.4631
-18.1017
-25.8171
-33.3787
-40.8793
-48.1957
-55.2992
-62.2374
-68.9838
-75.5503
-81.9407
-88.1297
-94.0826
-99.7432
-105.031
-109.849
-114.086
-117.636
-120.427
-122.376
-123.47
-123.677
-122.937
-121.134
-118.021
-113.542
-107.787
-100.742
-92.5471
-83.3046
-73.1141
-62.2571
-51.0703
-39.8058
-28.4315
22.4572
27.6801
33.3129
39.0851
44.4177
49.3925
53.7959
57.3145
59.923
61.7601
62.9277
63.557
63.7859
63.7081
63.3948
62.8866
62.2016
61.3428
60.2966
59.0363
57.5263
55.7212
53.5663
51.0281
48.154
45.042
41.7609
38.3653
34.9383
31.5936
28.4407
25.601
23.229
21.4424
20.3757
20.1007
20.6496
21.9682
23.7463
15.4396
9.76628
3.24493
-3.73035
-10.5972
-17.8351
-25.1326
-32.2701
-39.3365
-46.2143
-52.8775
-59.3716
-65.6727
-71.794
-77.7401
-83.4902
-89.014
-94.2626
-99.1647
-103.634
-107.574
-110.888
-113.511
-115.366
-116.445
-116.731
-116.169
-114.648
-111.95
-107.993
-102.834
-96.4579
-88.97
-80.4598
-70.9976
-60.8173
-50.1869
-39.2742
-28.1962
20.7247
25.7098
31.0936
36.6185
41.729
46.505
50.742
54.1367
56.6639
58.4567
59.6118
60.2544
60.5176
60.4927
60.2478
59.8241
59.2406
58.5017
57.597
56.5026
55.186
53.6051
51.7071
49.4573
46.8943
44.104
41.1467
38.0681
34.9396
31.8612
28.9328
26.2652
23.9984
22.2452
21.1316
20.7258
21.0582
22.0606
23.458
14.0727
8.66712
2.4589
-4.17188
-10.6881
-17.547
-24.4495
-31.1875
-37.8451
-44.3113
-50.5618
-56.6404
-62.5256
-68.2312
-73.7634
-79.1039
-84.2269
-89.0896
-93.6285
-97.7691
-101.424
-104.508
-106.961
-108.714
-109.765
-110.106
-109.688
-108.407
-106.07
-102.582
-97.9654
-92.2076
-85.3813
-77.5622
-68.7969
-59.2743
-49.2013
-38.6958
-27.9721
19.1141
23.8725
29.0184
34.3068
39.2044
43.7896
47.8661
51.1414
53.5894
55.338
56.4792
57.1322
57.4254
57.447
57.2633
56.9149
56.4216
55.7897
55.0108
54.0641
52.9204
51.5403
49.874
47.8862
45.6081
43.1151
40.4592
37.6794
34.8359
32.0156
29.3089
26.8157
24.6613
22.9518
21.8048
21.2836
21.4176
22.13
23.1778
12.809
7.65855
1.74856
-4.55471
-10.7384
-17.2381
-23.7675
-30.1283
-36.4014
-42.4808
-48.3443
-54.0343
-59.5309
-64.8483
-69.9938
-74.9522
-79.7008
-84.2023
-88.4009
-92.2307
-95.6148
-98.4766
-100.761
-102.408
-103.418
-103.794
-103.491
-102.413
-100.39
-97.3175
-93.1952
-88.0049
-81.7944
-74.6245
-66.5234
-57.6375
-48.1235
-38.0669
-27.746
17.6179
22.1599
27.0785
32.1405
36.8341
41.236
45.1582
48.3182
50.6891
52.3938
53.5201
54.1809
54.5003
54.5635
54.4342
54.1527
53.74
53.2033
52.5362
51.7211
50.7314
49.5312
48.0735
46.3229
44.3048
42.0849
39.7084
37.208
34.6343
32.0622
29.5723
27.2534
25.2166
23.5601
22.392
21.771
21.7255
22.1749
22.9053
11.6422
6.73506
1.10915
-4.88247
-10.7503
-16.9096
-23.0857
-29.0907
-35.0016
-40.7172
-46.2178
-51.5437
-56.6768
-61.632
-66.417
-71.0189
-75.418
-79.582
-83.4616
-86.9989
-90.1258
-92.7737
-94.893
-96.4313
-97.3924
-97.7867
-97.575
-96.6675
-94.915
-92.2114
-88.5353
-83.8639
-78.2239
-71.6611
-64.1901
-55.9191
-46.9635
-37.3866
-27.5088
16.2292
20.5647
25.2659
30.111
34.6092
38.8349
42.6084
45.6568
47.953
49.6145
50.7251
51.3915
51.7336
51.8334
51.7528
51.5313
51.1903
50.7382
50.1707
49.4726
48.6202
47.5808
46.3104
44.7743
42.9923
41.0223
38.9033
36.6625
34.3427
32.0071
29.7267
27.5802
25.6644
24.0687
22.891
22.1856
21.9799
22.1934
22.6393
10.5663
5.89128
0.53613
-5.15889
-10.7267
-16.5631
-22.4048
-28.0737
-33.6429
-39.0164
-44.176
-49.161
-53.9542
-58.5709
-63.0195
-67.289
-71.3625
-75.2115
-78.7927
-82.0553
-84.9388
-87.3819
-89.3402
-90.7693
-91.6755
-92.0751
-91.9336
-91.1689
-89.6498
-87.2716
-83.9971
-79.7982
-74.6844
-68.6876
-61.8118
-54.1329
-45.7322
-36.6576
-27.2547
14.9416
19.0796
23.5728
28.2102
32.5208
36.5773
40.2076
43.1483
45.3717
46.9907
48.0847
48.755
49.1168
49.2493
49.2118
49.0439
48.7668
48.3901
47.9111
47.3171
46.5869
45.691
44.5883
43.2454
41.6774
39.935
38.0521
36.0516
33.9685
31.8564
29.7771
27.799
26.0056
24.477
23.3005
22.526
22.1793
22.1838
22.3778
9.57561
5.12211
0.0250841
-5.38737
-10.6702
-16.2
-21.7251
-27.0761
-32.3228
-37.3744
-42.2141
-46.8793
-51.3547
-55.6551
-59.79
-63.7495
-67.5196
-71.075
-74.3775
-77.3824
-80.0365
-82.2847
-84.0875
-85.4077
-86.2543
-86.6486
-86.5605
-85.9146
-84.596
-82.504
-79.5901
-75.8205
-71.1908
-65.7199
-59.4048
-52.2943
-44.4424
-35.8844
-26.9807
13.7484
17.698
21.9918
26.4302
30.5609
34.4547
37.947
40.7837
42.9365
44.5137
45.5903
46.2627
46.6415
46.8029
46.8041
46.684
46.4639
46.1542
45.7538
45.2521
44.6308
43.8625
42.9099
41.7406
40.3659
38.8301
37.1628
35.3829
33.5195
31.617
29.7287
27.9135
26.2424
24.7859
23.6204
22.7912
22.3228
22.1443
22.118
8.66461
4.42243
-0.428202
-5.57145
-10.5834
-15.822
-21.0471
-26.0974
-31.04
-35.7884
-40.3274
-44.6928
-48.8706
-52.876
-56.718
-60.3887
-63.8762
-67.1582
-70.2009
-72.9648
-75.4029
-77.4662
-79.1196
-80.3325
-81.1168
-81.4973
-81.4477
-80.9003
-79.7535
-77.9128
-75.3218
-71.9416
-67.7565
-62.7738
-56.9855
-50.4186
-43.1067
-35.0735
-26.6859
12.6438
16.4132
20.5163
24.7636
28.7217
32.4592
35.8185
38.5545
40.6389
42.1749
43.2337
43.9067
44.2999
44.4868
44.5225
44.4449
44.2756
44.0255
43.695
43.2752
42.7503
42.0956
41.2769
40.2632
39.0626
37.7137
36.2423
34.6642
33.0031
31.2958
29.5874
27.9283
26.3779
24.997
23.8513
22.9814
22.41
22.0734
21.8569
7.82806
3.78773
-0.827912
-5.71459
-10.4688
-15.431
-20.3714
-25.1374
-29.7928
-34.2556
-38.5117
-42.5961
-46.4955
-50.2251
-53.7941
-57.1959
-60.4204
-63.448
-66.2487
-68.7877
-71.0231
-72.9118
-74.4225
-75.5308
-76.251
-76.6104
-76.5874
-76.1205
-75.1207
-73.4999
-71.1977
-68.1702
-64.393
-59.8633
-54.569
-48.5211
-41.7372
-34.2311
-26.3689
11.6223
15.2193
19.1397
23.2039
26.9961
30.5833
33.8144
36.4532
38.471
39.9663
41.0068
41.679
42.0844
42.2938
42.3601
42.3203
42.1962
41.9989
41.7302
41.3831
40.9435
40.3898
39.6902
38.8155
37.7713
36.5909
35.297
33.9024
32.4266
30.8997
29.3596
27.8486
26.4159
25.1129
23.9948
23.0973
22.4408
21.9697
21.5912
7.06102
3.21345
-1.17787
-5.82002
-10.3292
-15.0286
-19.6991
-24.1962
-28.5801
-32.7737
-36.7643
-40.5848
-44.2236
-47.6954
-51.0098
-54.1612
-57.1411
-59.9323
-62.5081
-64.8375
-66.8836
-68.6078
-69.983
-70.9899
-71.6452
-71.9783
-71.9714
-71.5693
-70.6943
-69.2655
-67.2209
-64.5126
-61.1094
-56.9998
-52.1686
-46.6148
-40.3441
-33.3617
-26.0272
10.6784
14.1104
17.856
21.7443
25.3774
28.8198
31.9273
34.472
36.4251
37.8805
38.9023
39.5723
39.9878
40.2168
40.3101
40.3039
40.2198
40.0693
39.8553
39.5723
39.2082
38.7437
38.1499
37.3994
36.4952
35.4663
34.3324
33.104
31.7969
30.4357
29.0518
27.6802
26.3612
25.137
24.0533
23.1403
22.416
21.8325
21.318
6.35877
2.69538
-1.48182
-5.89086
-10.1667
-14.6166
-19.031
-23.2735
-27.4012
-31.341
-35.0817
-38.6547
-42.0495
-45.2805
-48.3575
-51.2759
-54.0284
-56.6
-58.967
-61.1017
-62.9711
-64.5411
-65.7884
-66.6979
-67.2885
-67.5911
-67.5916
-67.2406
-66.4706
-65.2085
-63.3927
-60.9728
-57.9123
-54.192
-49.7944
-44.7097
-38.9349
-32.4678
-25.6565
9.80699
13.0812
16.6591
20.3787
23.8588
27.162
30.1503
32.6041
34.4941
35.9102
36.9128
37.5793
38.003
38.249
38.3661
38.3895
38.3407
38.2316
38.0658
37.8391
37.5416
37.1559
36.6559
36.0157
35.2367
34.3436
33.3535
32.2751
31.1209
29.9109
28.6708
27.4295
26.2191
25.0738
24.03
23.1126
22.3369
21.6615
21.0347
5.71694
2.22941
-1.74323
-5.93012
-9.98381
-14.1967
-18.3683
-22.3696
-26.2551
-29.9557
-33.4612
-36.8021
-39.9684
-42.9745
-45.8302
-48.5317
-51.0732
-53.4411
-55.6144
-57.5684
-59.2736
-60.6998
-61.8267
-62.6435
-63.1704
-63.4395
-63.44
-63.1283
-62.4457
-61.3273
-59.7137
-57.5533
-54.8056
-51.4459
-47.4536
-42.8129
-37.5143
-31.5492
-25.2504
9.00329
12.1265
15.5436
19.1015
22.4346
25.6037
28.477
30.8425
32.6711
34.0485
35.0316
35.6933
36.1233
36.3838
36.5217
36.5712
36.5535
36.4806
36.3571
36.1801
35.9409
35.6245
35.2073
34.6651
33.9975
33.2258
32.3646
31.4209
30.4048
29.332
28.2237
27.1031
25.9957
24.9282
23.9288
23.017
22.2049
21.4571
20.7395
5.13128
1.81184
-1.96555
-5.94054
-9.78296
-13.7704
-17.7116
-21.4846
-25.1413
-28.6164
-31.9009
-35.0237
-37.9762
-40.7722
-43.4215
-45.9213
-48.2667
-50.4458
-52.4399
-54.2266
-55.7795
-57.0721
-58.0866
-58.8159
-59.281
-59.5146
-59.5092
-59.2266
-58.6159
-57.6202
-56.1838
-54.2555
-51.7923
-48.7651
-45.1507
-40.9287
-36.0847
-30.6041
-24.8015
8.2628
11.2413
14.5046
17.9069
21.0986
24.1387
26.9009
29.181
30.9498
32.2888
33.252
33.908
34.3425
34.6152
34.771
34.8432
34.8527
34.8116
34.7249
34.5912
34.4031
34.1475
33.8032
33.3476
32.779
32.1154
31.3694
30.5465
29.6544
28.7057
27.7173
26.7079
25.6973
24.7059
23.7542
22.8569
22.0225
21.22
20.4316
4.59785
1.43905
-2.15192
-5.92482
-9.56618
-13.3393
-17.0619
-20.6188
-24.0592
-27.3218
-30.3982
-33.3164
-36.0687
-38.6685
-41.1257
-43.4379
-45.6014
-47.6056
-49.4338
-51.0658
-52.4783
-53.6471
-54.5573
-55.2044
-55.6104
-55.808
-55.7923
-55.53
-54.9776
-54.0856
-52.8032
-51.0808
-48.8747
-46.1526
-42.8889
-39.0598
-34.6468
-29.63
-24.303
7.58119
10.4212
13.5369
16.7899
19.8459
22.7616
25.4164
27.6138
29.3241
30.6253
31.5681
32.2171
32.6544
32.9372
33.1083
33.2003
33.2333
33.2196
33.1651
33.0689
32.9254
32.7228
32.4423
32.063
31.5821
31.0146
30.3713
29.6562
28.8752
28.0381
27.1584
26.2509
25.3308
24.4128
23.5113
22.6361
21.7923
20.9518
20.1107
4.1129
1.10766
-2.30526
-5.88546
-9.33539
-12.9047
-16.42
-19.7722
-23.0084
-26.0704
-28.9512
-31.6774
-34.2422
-36.6589
-38.937
-41.0749
-43.0698
-44.9121
-46.587
-48.0764
-49.3592
-50.4142
-51.2282
-51.7991
-52.1493
-52.3114
-52.2823
-52.0334
-51.5275
-50.7223
-49.5724
-48.0311
-46.0554
-43.6114
-40.6712
-37.2087
-33.2016
-28.6252
-23.7505
6.9544
9.66189
12.636
15.7458
18.671
21.4669
24.018
26.135
27.7884
29.0522
29.974
30.6151
31.0535
31.3443
31.5283
31.637
31.6904
31.7004
31.6735
31.6098
31.5046
31.3481
31.1233
30.811
30.4074
29.9251
29.3729
28.7538
28.0721
27.3351
26.5536
25.7391
24.9029
24.0554
23.2057
22.359
21.5171
20.6542
19.7773
3.67295
0.814493
-2.42841
-5.82483
-9.09253
-12.4683
-15.7868
-18.9453
-21.9883
-24.8613
-27.5581
-30.1042
-32.4936
-34.7392
-36.8504
-38.8263
-40.6647
-42.3574
-43.8909
-45.2492
-46.4129
-47.3633
-48.089
-48.5899
-48.8884
-49.0162
-48.9722
-48.7314
-48.2625
-47.5295
-46.4928
-45.1095
-43.3385
-41.1455
-38.5016
-35.3788
-31.7514
-27.5902
-23.1428
6.37876
8.95933
11.7977
14.7699
17.5693
20.2497
22.7005
24.7395
26.3371
27.5638
28.4644
29.0964
29.5345
29.8313
30.0258
30.1487
30.2193
30.2496
30.2463
30.2103
30.1382
30.0213
29.8448
29.591
29.2553
28.8481
28.3767
27.8429
27.2496
26.6022
25.9091
25.1792
24.4206
23.6403
22.8428
22.03
21.2003
20.3288
19.432
3.27475
0.556587
-2.52392
-5.74513
-8.83937
-12.0312
-15.163
-18.1381
-20.9986
-23.6934
-26.2172
-28.5943
-30.8195
-32.9054
-34.8612
-36.6866
-38.3801
-39.9344
-41.3376
-42.5751
-43.6296
-44.4844
-45.1299
-45.5672
-45.8183
-45.9142
-45.8549
-45.6188
-45.1793
-44.5064
-43.5659
-42.3195
-40.7289
-38.7608
-36.386
-33.5755
-30.3009
-26.5287
-22.4832
5.85073
8.30979
11.0179
13.8579
16.5364
19.1053
21.4591
23.4222
24.9653
26.1553
27.0342
27.6561
28.0924
28.3933
28.5963
28.7308
28.8158
28.8631
28.8798
28.8674
28.8233
28.7404
28.6056
28.4026
28.1262
27.785
27.3847
26.9265
26.4118
25.8444
25.2308
24.5775
23.8905
23.1737
22.4286
21.6538
20.8449
19.9775
19.0752
2.91526
0.331168
-2.59425
-5.64833
-8.57749
-11.5944
-14.5492
-17.3506
-20.0388
-22.5656
-24.9267
-27.1453
-29.2168
-31.1537
-32.9648
-34.6504
-36.2096
-37.6361
-38.9192
-40.0459
-41.0007
-41.7684
-42.3411
-42.721
-42.9295
-42.9965
-42.9228
-42.6893
-42.274
-41.6515
-40.793
-39.6647
-38.2324
-36.4643
-34.332
-31.8066
-28.8574
-25.4478
-21.7787
5.36698
7.70969
10.2928
13.0059
15.5679
18.0294
20.2892
22.1786
23.6682
24.8217
25.6784
26.2892
26.7223
27.0258
27.2352
27.3791
27.4759
27.5374
27.5707
27.5781
27.5577
27.5036
27.4043
27.2451
27.0203
26.7367
26.399
26.0074
25.5623
25.0663
24.5239
23.9401
23.3189
22.6621
21.9687
21.235
20.4539
19.6017
18.7068
2.59159
0.135668
-2.64162
-5.53639
-8.30842
-11.1592
-13.9459
-16.5829
-19.1084
-21.477
-23.6851
-25.7549
-27.6826
-29.4804
-31.1569
-32.7127
-34.1476
-35.456
-36.6285
-37.6536
-38.5173
-39.2061
-39.7132
-40.0418
-40.2127
-40.2542
-40.1676
-39.9365
-39.5416
-38.9624
-38.1744
-37.1486
-35.8546
-34.2636
-32.3486
-30.0816
-27.4306
-24.3571
-21.0398
4.92444
7.15573
9.61902
12.21
14.66
17.0178
19.1865
21.0042
22.4414
23.5587
24.3928
24.9916
25.4202
25.7245
25.9385
26.0897
26.196
26.269
26.316
26.3397
26.3391
26.3091
26.24
26.1182
25.9379
25.7043
25.4212
25.0881
24.7046
24.272
23.7934
23.2724
22.7116
22.1112
21.4685
20.7776
20.0301
19.2022
18.326
2.30108
-0.0323636
-2.66816
-5.41102
-8.0335
-10.7263
-13.3537
-15.8351
-18.2069
-20.4264
-22.4907
-24.4211
-26.2144
-27.8822
-29.4334
-30.8688
-32.1885
-33.3879
-34.4589
-35.3908
-36.1714
-36.7887
-37.237
-37.5202
-37.6582
-37.6779
-37.5809
-37.3525
-36.9763
-36.4353
-35.7091
-34.773
-33.6005
-32.1661
-30.445
-28.4108
-26.0318
-23.268
-20.2783
4.52022
6.64472
8.99302
11.4668
13.8088
16.0665
18.1471
19.8948
21.2807
22.3619
23.173
23.759
24.1818
24.4855
24.7024
24.859
24.9727
25.0549
25.1129
25.1499
25.1655
25.1556
25.1117
25.0216
24.8793
24.6888
24.4531
24.1712
23.8418
23.4654
23.0438
22.5796
22.0742
21.5266
20.9328
20.2859
19.5761
18.7798
17.9314
2.04117
-0.175179
-2.67593
-5.27391
-7.75402
-10.2967
-12.773
-15.1072
-17.3337
-19.4127
-21.3419
-23.1416
-24.8092
-26.356
-27.7905
-29.114
-30.3272
-31.4262
-32.4036
-33.2503
-33.9553
-34.5079
-34.9036
-35.1468
-35.2565
-35.2581
-35.1533
-34.9288
-34.5707
-34.0647
-33.3939
-32.5375
-31.4727
-30.1774
-28.6294
-26.8044
-24.672
-22.1923
-19.5063
4.15145
6.17369
8.41168
10.7726
13.0108
15.1717
17.1668
18.8466
20.1821
21.2275
22.0153
22.5876
23.0036
23.3052
23.5234
23.6837
23.803
23.8923
23.959
24.0066
24.0352
24.0416
24.0187
23.9552
23.8451
23.6914
23.4965
23.2589
22.977
22.6502
22.2795
21.8664
21.4116
20.9131
20.3665
19.7637
19.0942
18.3348
17.5213
1.80943
-0.294993
-2.66674
-5.12663
-7.47127
-9.87128
-12.2042
-14.399
-16.4884
-18.4351
-20.2373
-21.9145
-23.4645
-24.8984
-26.2245
-27.4444
-28.5589
-29.5651
-30.4567
-31.2253
-31.8614
-32.3558
-32.7046
-32.9128
-32.9984
-32.9853
-32.8753
-32.6564
-32.3165
-31.8437
-31.2239
-30.4397
-29.4717
-28.3007
-26.9075
-25.2705
-23.361
-21.1407
-18.7348
3.81556
5.73978
7.8719
10.1245
12.2624
14.3299
16.2422
17.8558
19.1419
20.1518
20.9159
21.4738
21.8819
22.1803
22.3985
22.5609
22.6841
22.7786
22.8519
22.9077
22.9466
22.9662
22.9603
22.9189
22.8358
22.7133
22.5531
22.3538
22.1131
21.8299
21.5044
21.1373
20.7286
20.2758
19.7739
19.2146
18.5868
17.8679
17.0943
1.60359
-0.393848
-2.64244
-4.97071
-7.18642
-9.45084
-11.6478
-13.7107
-15.6706
-17.4925
-19.1754
-20.7377
-22.1779
-23.5065
-24.7318
-25.8555
-26.8789
-27.7996
-28.6122
-29.3094
-29.883
-30.3247
-30.6318
-30.8093
-30.8747
-30.8501
-30.7374
-30.5258
-30.2047
-29.764
-29.1923
-28.4747
-27.5947
-26.5362
-25.2824
-23.8145
-22.1062
-20.1216
-17.9725
3.51003
5.34032
7.37086
9.51919
11.5606
13.5379
15.3699
16.919
18.1566
19.1313
19.8715
20.4144
20.8137
21.1077
21.3246
21.4879
21.6134
21.7115
21.7897
21.8517
21.8986
21.9285
21.9363
21.9128
21.8521
21.7557
21.6249
21.4581
21.2531
21.008
20.7225
20.3966
20.0297
19.6192
19.1596
18.6424
18.0566
17.3802
16.6492
1.42153
-0.473639
-2.60468
-4.80752
-6.90057
-9.03617
-11.1042
-13.0422
-14.8798
-16.5842
-18.155
-19.6097
-20.9471
-22.1776
-23.3091
-24.3437
-25.2828
-26.1247
-26.8647
-27.4966
-28.0132
-28.4075
-28.6775
-28.8284
-28.8767
-28.8434
-28.7302
-28.5274
-28.2256
-27.8167
-27.2907
-26.6355
-25.8369
-24.8811
-23.7537
-22.4386
-20.9118
-19.1409
-17.2256
3.23257
4.97286
6.90593
8.95405
10.9025
12.7927
14.5468
16.0332
17.2232
18.1629
18.879
19.4063
19.796
20.0847
20.2991
20.462
20.5886
20.689
20.7704
20.8369
20.8897
20.9276
20.9461
20.9372
20.8948
20.8198
20.7136
20.5745
20.3999
20.1879
19.9376
19.6485
19.3195
18.9478
18.5278
18.051
17.5066
16.8731
16.1862
1.26134
-0.536081
-2.55491
-4.63823
-6.61459
-8.62788
-10.5736
-12.3935
-14.1155
-15.7093
-17.1746
-18.5284
-19.7699
-20.909
-21.9534
-22.9053
-23.7665
-24.5357
-25.209
-25.7813
-26.2461
-26.5975
-26.8344
-26.9621
-26.9962
-26.9565
-26.8446
-26.6518
-26.37
-25.9922
-25.5104
-24.9141
-24.1913
-23.3302
-22.3183
-21.1417
-19.7792
-18.2013
-16.498
2.98107
4.63511
6.47471
8.42656
10.2855
12.0916
13.7704
15.1956
16.3387
17.2438
17.9357
18.447
18.8264
19.1088
19.3198
19.4812
19.6077
19.709
19.7925
19.8619
19.9189
19.9628
19.9896
19.9922
19.9646
19.9072
19.8213
19.7053
19.5567
19.3732
19.1537
18.8972
18.6023
18.266
17.8829
17.4446
16.9402
16.3494
15.7065
1.12124
-0.582731
-2.49444
-4.46387
-6.32927
-8.22637
-10.0563
-11.7644
-13.3774
-14.8669
-16.2332
-17.4924
-18.6442
-19.698
-20.6614
-21.5368
-22.326
-23.0282
-23.6403
-24.1579
-24.5756
-24.8885
-25.0958
-25.2032
-25.2256
-25.1813
-25.0721
-24.8903
-24.6287
-24.2814
-23.842
-23.3016
-22.6498
-21.8765
-20.9707
-19.9203
-18.7065
-17.303
-15.791
2.75355
4.325
6.07499
7.93435
9.70713
11.4322
13.0379
14.4036
15.5007
16.3713
17.0389
17.5337
17.9022
18.1777
18.3843
18.5433
18.6687
18.7699
18.8541
18.9253
18.9851
19.0331
19.0663
19.0778
19.062
19.019
18.9497
18.8529
18.7261
18.5671
18.3743
18.1467
17.8824
17.5785
17.2295
16.8273
16.3614
15.8121
15.2124
0.999562
-0.615028
-2.42444
-4.28535
-6.04517
-7.83194
-9.55204
-11.1546
-12.6648
-14.0561
-15.3294
-16.5
-17.5679
-18.5423
-19.4305
-20.2349
-20.9576
-21.5982
-22.1541
-22.6217
-22.9965
-23.2744
-23.4554
-23.545
-23.5575
-23.5102
-23.4048
-23.2346
-22.9931
-22.6756
-22.2767
-21.7891
-21.2039
-20.5121
-19.7041
-18.769
-17.6903
-16.4444
-15.1046
2.54822
4.04056
5.70472
7.47526
9.16509
10.8119
12.3468
13.6546
14.7065
15.5431
16.1863
16.6643
17.0213
17.2891
17.4908
17.6465
17.7699
17.8701
17.954
18.0257
18.087
18.1378
18.1755
18.194
18.1876
18.1561
18.1004
18.0195
17.9111
17.7728
17.6032
17.4008
17.1639
16.8893
16.5718
16.2035
15.7743
15.2651
14.7074
0.894649
-0.634483
-2.34615
-4.1036
-5.76287
-7.4448
-9.06083
-10.5636
-11.9768
-13.2758
-14.4619
-15.5495
-16.539
-17.4395
-18.2577
-18.9964
-19.6577
-20.2416
-20.7459
-21.1678
-21.5035
-21.7498
-21.9072
-21.9813
-21.9856
-21.9364
-21.8356
-21.677
-21.4553
-21.1665
-20.8063
-20.3685
-19.8454
-19.2291
-18.5111
-17.6816
-16.7256
-15.6222
-14.4372
2.36327
3.77991
5.36181
7.04701
8.65691
10.2282
11.6944
12.9459
13.9535
14.7567
15.3757
15.8367
16.1817
16.4412
16.6372
16.789
16.9097
17.008
17.0907
17.1619
17.2237
17.276
17.3168
17.3405
17.3415
17.3193
17.2748
17.2071
17.1141
16.9935
16.8437
16.6634
16.4508
16.2026
15.914
15.5774
15.183
14.7124
14.1954
0.804746
-0.642702
-2.26099
-3.91971
-5.48316
-7.06533
-8.58255
-9.99082
-11.3125
-12.5248
-13.629
-14.639
-15.5555
-16.3871
-17.1404
-17.8182
-18.4228
-18.9544
-19.4115
-19.7916
-20.0918
-20.3096
-20.4459
-20.5063
-20.5037
-20.4535
-20.3577
-20.2109
-20.0084
-19.7469
-19.4231
-19.0319
-18.5665
-18.0199
-17.3845
-16.6515
-15.807
-14.8325
-13.7867
2.19679
3.54096
5.04411
6.64725
8.18007
9.67819
11.0777
12.2747
13.239
14.0098
14.6053
15.049
15.3814
15.6319
15.8217
15.9691
16.0864
16.1822
16.263
16.3329
16.394
16.4468
16.4895
16.5169
16.5237
16.509
16.4737
16.4172
16.3372
16.2317
16.0991
15.938
15.7468
15.5225
15.2603
14.9531
14.5915
14.1579
13.6801
0.727992
-0.641364
-2.17044
-3.73491
-5.20696
-6.69411
-8.11736
-9.43599
-10.671
-11.8015
-12.829
-13.7665
-14.6149
-15.3826
-16.0758
-16.6971
-17.2494
-17.7329
-18.1467
-18.4887
-18.7566
-18.9487
-19.0662
-19.1146
-19.1063
-19.0559
-18.9654
-18.8301
-18.6458
-18.4102
-18.1205
-17.7725
-17.3603
-16.8778
-16.3179
-15.6727
-14.9295
-14.0715
-13.1509
2.0468
3.32158
4.74928
6.27344
7.7319
9.15928
10.494
11.6383
12.5602
13.3
13.873
14.2997
14.6191
14.8601
15.043
15.1853
15.2986
15.3913
15.4695
15.5373
15.597
15.6492
15.6926
15.7225
15.7336
15.7251
15.6977
15.6507
15.5821
15.4897
15.372
15.2278
15.0556
14.8525
14.6144
14.3345
14.0037
13.6054
13.1654
0.662484
-0.632148
-2.07602
-3.55042
-4.93518
-6.3317
-7.66542
-8.89885
-10.0516
-11.1049
-12.0602
-12.9299
-13.7153
-14.4239
-15.0613
-15.6305
-16.1344
-16.5736
-16.9474
-17.2546
-17.4932
-17.662
-17.7627
-17.8008
-17.788
-17.738
-17.653
-17.5289
-17.362
-17.1505
-16.8925
-16.5842
-16.2207
-15.7966
-15.3054
-14.7398
-14.0883
-13.3355
-12.5275
1.9112
3.11948
4.47485
5.92295
7.30977
8.66887
9.9408
11.0341
11.9145
12.6252
13.1771
13.5872
13.8936
14.1247
14.3001
14.4366
14.5454
14.6342
14.7092
14.7743
14.8317
14.8824
14.9253
14.9565
14.9708
14.9672
14.9464
14.9078
14.8493
14.7686
14.6643
14.5352
14.38
14.1962
13.98
13.7252
13.4234
13.0586
12.6548
0.606526
-0.616572
-1.97903
-3.36736
-4.66882
-5.97877
-7.22707
-8.37933
-9.45367
-10.4341
-11.3213
-12.1276
-12.8547
-13.5089
-14.0949
-14.6159
-15.075
-15.4732
-15.8102
-16.0852
-16.297
-16.4446
-16.5303
-16.5594
-16.5431
-16.4942
-16.415
-16.3018
-16.1515
-15.9626
-15.7338
-15.4619
-15.1428
-14.7716
-14.3424
-13.8487
-13.2797
-12.6216
-11.9146
1.78817
2.93282
4.21895
5.59376
6.91178
8.20516
9.41625
10.4601
11.2992
11.9829
12.5154
12.9096
13.2033
13.4246
13.5923
13.7225
13.8262
13.9107
13.9818
14.0435
14.098
14.1463
14.1879
14.219
14.2351
14.235
14.2197
14.1883
14.1388
14.0688
13.9768
13.8616
13.7219
13.5557
13.3597
13.1282
12.8533
12.5202
12.151
0.558996
-0.595975
-1.88074
-3.18704
-4.40893
-5.63648
-6.80318
-7.87793
-8.87736
-9.7891
-10.6111
-11.3574
-12.0309
-12.6353
-13.174
-13.6508
-14.0688
-14.4291
-14.7319
-14.977
-15.1639
-15.2921
-15.3642
-15.3852
-15.3659
-15.3186
-15.2453
-15.1428
-15.0084
-14.8408
-14.6391
-14.4007
-14.1219
-13.7983
-13.4249
-12.9957
-12.5007
-11.9275
-11.3109
1.67661
2.76046
3.98032
5.28491
6.53733
7.76777
8.92001
9.91557
10.7115
11.3701
11.885
12.264
12.5458
12.7581
12.9183
13.0422
13.1402
13.2199
13.2869
13.345
13.3962
13.4417
13.4811
13.5112
13.5277
13.5298
13.5184
13.4929
13.4513
13.3911
13.3106
13.2084
13.0832
12.9334
12.7559
12.5458
12.296
11.9924
11.656
0.519486
-0.570677
-1.78158
-3.0099
-4.15616
-5.30546
-6.39433
-7.39531
-8.32331
-9.17059
-9.92873
-10.6172
-11.2412
-11.8002
-12.2957
-12.7322
-13.1129
-13.4385
-13.7094
-13.9265
-14.0899
-14.2002
-14.2598
-14.2737
-14.2519
-14.2061
-14.1386
-14.0464
-13.927
-13.7797
-13.6034
-13.396
-13.154
-12.8736
-12.5502
-12.1785
-11.7494
-11.2519
-10.7161
1.57607
2.60185
3.75857
4.99584
6.18589
7.35586
8.45162
9.40031
10.15
10.7852
11.2837
11.6475
11.9182
12.1227
12.2764
12.3938
12.4858
12.5601
12.6226
12.6769
12.725
12.7678
12.8051
12.8336
12.8495
12.8523
12.8431
12.822
12.787
12.7357
12.6662
12.5766
12.4657
12.3315
12.1716
11.9815
11.7548
11.4787
11.1728
0.48863
-0.539751
-1.68023
-2.83436
-3.90871
-4.98353
-5.99864
-6.92977
-7.79032
-8.57584
-9.27249
-9.90771
-10.4871
-11.0038
-11.4593
-11.8595
-12.2068
-12.5005
-12.7413
-12.9314
-13.0721
-13.1648
-13.2124
-13.2194
-13.1952
-13.1509
-13.0885
-13.0058
-12.9007
-12.7724
-12.6201
-12.4415
-12.2334
-11.9922
-11.7138
-11.3934
-11.0231
-10.5928
-10.1288
1.48696
2.45722
3.55274
4.72489
5.8547
6.96487
8.0056
8.90886
9.61667
10.2325
10.7131
11.0598
11.3199
11.5184
11.6668
11.7783
11.8639
11.9318
11.9888
12.0388
12.0837
12.1243
12.1598
12.1869
12.2017
12.2039
12.1952
12.1763
12.1459
12.102
12.0424
11.965
11.8681
11.7496
11.6068
11.4359
11.2311
10.9804
10.7028
0.46638
-0.503342
-1.57633
-2.65964
-3.66503
-4.66824
-5.61231
-6.47717
-7.27367
-7.99903
-8.63543
-9.22765
-9.77007
-10.2458
-10.6626
-11.0305
-11.3489
-11.6144
-11.8278
-11.9922
-12.1107
-12.1858
-12.2211
-12.2212
-12.1946
-12.1514
-12.0937
-12.0197
-11.9277
-11.8174
-11.6877
-11.5361
-11.3594
-11.154
-10.9158
-10.641
-10.3226
-9.95167
-9.55155
1.4092
2.32621
3.36257
4.47108
5.54164
6.59056
7.57594
8.43029
9.10392
9.71335
10.1748
10.4989
10.7478
10.9429
11.0893
11.1972
11.2774
11.3389
11.3896
11.4345
11.476
11.5145
11.5488
11.5754
11.5896
11.591
11.5816
11.5629
11.5347
11.4956
11.4439
11.3774
11.2937
11.1903
11.0643
10.9118
10.7276
10.5008
10.2496
0.455639
-0.468838
-1.49004
-2.51424
-3.45903
-4.39411
-5.2612
-6.04668
-6.75388
-7.39628
-7.92104
-8.50026
-9.05267
-9.51699
-9.92102
-10.2838
-10.5995
-10.8602
-11.0663
-11.2219
-11.3312
-11.3982
-11.4275
-11.4239
-11.3962
-11.3543
-11.3004
-11.2324
-11.1501
-11.0535
-10.9391
-10.807
-10.6535
-10.474
-10.2648
-10.0223
-9.74065
-9.41197
-9.05733
1.3556
2.22998
3.22001
4.27154
5.28422
6.26199
7.16734
7.92342
8.51713
9.19127
9.66893
9.98481
10.2349
10.4389
10.5938
10.7069
10.7885
10.8484
10.8958
10.9378
10.9777
11.0164
11.0524
11.0816
11.0984
11.1014
11.0925
11.0737
11.0458
11.0086
10.9611
10.9016
10.8275
10.7357
10.6228
10.4845
10.3156
10.1059
9.87327
0.451162
-0.436112
-1.41361
-2.38676
-3.27562
-4.14339
-4.931
-5.62797
-6.22933
-6.76908
-7.14361
-7.7385
-8.33285
-8.80625
-9.21487
-9.59002
-9.92002
-10.1921
-10.4056
-10.5648
-10.6748
-10.7408
-10.7687
-10.7641
-10.7371
-10.6971
-10.6465
-10.5828
-10.5074
-10.4211
-10.3162
-10.1977
-10.0609
-9.9004
-9.71208
-9.49308
-9.23808
-8.93994
-8.61769
1.31598
2.15475
3.10303
4.10112
5.05431
5.95242
6.76217
7.40076
7.89601
8.6686
9.18776
9.50687
9.76499
9.9843
10.1541
10.2786
10.3672
10.43
10.4773
10.5179
10.5571
10.5967
10.6355
10.669
10.6907
10.6974
10.6905
10.6722
10.6442
10.6073
10.5617
10.506
10.4382
10.3548
10.2518
10.1246
9.96764
9.7707
9.5508
0.447437
-0.402322
-1.33592
-2.25798
-3.09133
-3.89231
-4.60232
-5.21242
-5.71214
-6.14986
-6.3823
-6.98091
-7.60825
-8.08769
-8.49698
-8.88065
-9.22337
-9.5074
-9.73014
-9.89518
-10.0076
-10.0734
-10.0997
-10.0938
-10.0673
-10.0291
-9.98181
-9.92257
-9.85419
-9.77833
-9.68279
-9.57783
-9.45834
-9.31713
-9.14996
-8.95431
-8.72552
-8.45711
-8.16838
1.27656
2.07952
2.98556
3.9302
4.82443
5.6433
6.36268
6.89242
7.29214
8.14229
8.70335
9.02508
9.28617
9.5172
9.70161
9.83928
9.93779
10.006
10.0547
10.0941
10.1314
10.1703
10.2106
10.2482
10.2753
10.2871
10.2839
10.2676
10.24
10.2031
10.158
10.1048
10.0418
9.96584
9.87253
9.75668
9.61236
9.42915
9.22307
0.444657
-0.36769
-1.2575
-2.129
-2.90759
-3.6428
-4.27756
-4.80217
-5.20499
-5.53855
-5.64343
-6.23269
-6.88021
-7.36266
-7.76951
-8.15688
-8.50899
-8.80406
-9.03712
-9.21031
-9.32766
-9.39503
-9.42079
-9.41428
-9.38835
-9.35187
-9.30773
-9.25247
-9.19037
-9.12354
-9.03585
-8.94269
-8.83892
-8.71591
-8.56909
-8.39614
-8.1926
-7.95175
-7.68949
1.23792
2.00528
2.8687
3.75972
4.59519
5.33534
5.97089
6.398
6.70879
7.61344
8.21535
8.54192
8.80192
9.03945
9.23565
9.38657
9.49701
9.57367
9.62639
9.66606
9.70167
9.73883
9.77924
9.81954
9.85163
9.86924
9.87123
9.85852
9.83288
9.79661
9.75185
9.69988
9.64024
9.57037
9.48601
9.38158
9.25055
9.08221
8.89123
0.442936
-0.332655
-1.17922
-2.00098
-2.72585
-3.39656
-3.95853
-4.39909
-4.71005
-4.93696
-4.93071
-5.49795
-6.1511
-6.63223
-7.03401
-7.4205
-7.77762
-8.08144
-8.32469
-8.50767
-8.63263
-8.70439
-8.73197
-8.72723
-8.7038
-8.67091
-8.63205
-8.58314
-8.52962
-8.47367
-8.39569
-8.31555
-8.22822
-8.12399
-7.99782
-7.84731
-7.66865
-7.45671
-7.23211
1.20075
1.93305
2.75391
3.59147
4.3687
5.03082
5.58908
5.91523
6.14375
7.08202
7.72233
8.05801
8.31607
8.55577
8.75938
8.92104
9.04352
9.1311
9.19141
9.23462
9.27057
9.30655
9.34621
9.38797
9.42419
9.44768
9.45598
9.44891
9.42741
9.39342
9.34958
9.29822
9.24018
9.17417
9.09672
9.00235
8.88422
8.73119
8.55662
0.442349
-0.297418
-1.10163
-1.87445
-2.5466
-3.15395
-3.64559
-4.00409
-4.22896
-4.34773
-4.24681
-4.77986
-5.42326
-5.89772
-6.29205
-6.67353
-7.03079
-7.33972
-7.59148
-7.78475
-7.91942
-7.99842
-8.03051
-8.0284
-8.00613
-7.9743
-7.9374
-7.89098
-7.84142
-7.79091
-7.71735
-7.64501
-7.56929
-7.47991
-7.37169
-7.24191
-7.08547
-6.89381
-6.67551
1.16569
1.86411
2.6431
3.42863
4.14882
4.73414
5.22057
5.44218
5.59228
6.54758
7.22288
7.57156
7.82918
8.06964
8.27797
8.44721
8.57925
8.67702
8.74621
8.79547
8.83427
8.87077
8.91027
8.95293
8.99231
9.02134
9.0368
9.03759
9.02349
8.99543
8.9557
8.90691
8.85084
8.78751
8.71481
8.62812
8.52092
8.38175
8.22164
0.443138
-0.262354
-1.02553
-1.75044
-2.37038
-2.9152
-3.33838
-3.61722
-3.76241
-3.77332
-3.59422
-4.08138
-4.69956
-5.1608
-5.5447
-5.91725
-6.26989
-6.57938
-6.83638
-7.03865
-7.18449
-7.27542
-7.31995
-7.33046
-7.32062
-7.30078
-7.27639
-7.24307
-7.20806
-7.17341
-7.11358
-7.05643
-6.99805
-6.92749
-6.83937
-6.73146
-6.60148
-6.44809
-6.29932
1.13387
1.80049
2.53955
3.2761
3.94074
4.44958
4.86587
4.97283
5.04453
6.00822
6.7182
7.08276
7.33932
7.57771
7.78955
7.9672
8.11037
8.21945
8.29832
8.35451
8.39723
8.43512
8.47472
8.51749
8.55819
8.59038
8.61106
8.61879
8.61253
8.59226
8.55944
8.51639
8.46527
8.40699
8.34062
8.26276
8.16801
8.04667
7.91193
0.445486
-0.228062
-0.952379
-1.63094
-2.19939
-2.6824
-3.0379
-3.23876
-3.31039
-3.21583
-2.97465
-3.40523
-3.98326
-4.42328
-4.79223
-5.15171
-5.49531
-5.8011
-6.05921
-6.26637
-6.41938
-6.51754
-6.56633
-6.57561
-6.56066
-6.53527
-6.50566
-6.4672
-6.42735
-6.38755
-6.32282
-6.26441
-6.20923
-6.14685
-6.07192
-5.98087
-5.86534
-5.70916
-5.50005
1.10637
1.74414
2.44663
3.13903
3.74917
4.18072
4.52446
4.49942
4.48468
5.45456
6.20806
6.60072
6.86024
7.0884
7.29008
7.46655
7.61965
7.74582
7.84301
7.91441
7.96749
8.01118
8.0534
8.09764
8.14048
8.17627
8.2022
8.21668
8.21795
8.20499
8.17819
8.13912
8.08996
8.03246
7.96707
7.89182
7.80166
7.68366
7.54243
0.449735
-0.194161
-0.882123
-1.51712
-2.03653
-2.46078
-2.7506
-2.87659
-2.88121
-2.68295
-2.38999
-2.75347
-3.27825
-3.68787
-4.03532
-4.37525
-4.70347
-5.00126
-5.26047
-5.47842
-5.65213
-5.78074
-5.86892
-5.92498
-5.95671
-5.97208
-5.98005
-5.97784
-5.97613
-5.97536
-5.94278
-5.91236
-5.88289
-5.84378
-5.79094
-5.72431
-5.64823
-5.57371
-5.55522
1.08322
1.69485
2.36464
3.01885
3.57655
3.93564
4.20658
4.0212
3.89806
4.86522
5.66663
6.11071
6.40639
6.64696
6.83672
6.98882
7.121
7.23966
7.34273
7.42769
7.49588
7.55229
7.60343
7.653
7.69902
7.73858
7.77127
7.79661
7.81283
7.81819
7.81165
7.7933
7.76393
7.72448
7.67543
7.61636
7.54719
7.46775
7.40458
0.456729
-0.160106
-0.814644
-1.41001
-1.88561
-2.25864
-2.49005
-2.55207
-2.49853
-2.19037
-1.84284
-2.12951
-2.58782
-2.95603
-3.27569
-3.59007
-3.89187
-4.16392
-4.39975
-4.59729
-4.75222
-4.85834
-4.91228
-4.9178
-4.89627
-4.86929
-4.84102
-4.80464
-4.76604
-4.72591
-4.66346
-4.6123
-4.56989
-4.52715
-4.47914
-4.4199
-4.33094
-4.1753
-3.8918
1.06533
1.65306
2.29336
2.91396
3.4222
3.72385
3.92235
3.53348
3.28231
4.23566
5.05329
5.52637
5.87016
6.17298
6.42101
6.61016
6.75414
6.86686
6.95839
7.03468
7.09969
7.15762
7.21345
7.26849
7.31646
7.35153
7.37376
7.38473
7.38478
7.37318
7.34937
7.31402
7.26899
7.21659
7.15822
7.09189
7.00738
6.87637
6.66767
0.46657
-0.133003
-0.764014
-1.32793
-1.76649
-2.09383
-2.26978
-2.27497
-2.15891
-1.7235
-1.32617
-1.5411
-1.91839
-2.22487
-2.50434
-2.79513
-3.08973
-3.37291
-3.63905
-3.88765
-4.11853
-4.33264
-4.53077
-4.70822
-4.84481
-4.93637
-5.00719
-5.06333
-5.1265
-5.19464
-5.2109
-5.21266
-5.21523
-5.21152
-5.19691
-5.17703
-5.17617
-5.2387
-5.47827
1.05958
1.63109
2.24774
2.83448
3.28701
3.52812
3.60803
2.96442
2.62643
3.6251
4.45922
4.90716
5.19502
5.43694
5.6572
5.86896
6.07787
6.27672
6.45549
6.60854
6.7351
6.83791
6.92487
7.01049
7.10631
7.20541
7.29781
7.38193
7.45766
7.52361
7.57667
7.61314
7.63053
7.62801
7.60784
7.57737
7.5574
7.59243
7.77242
0.475794
-0.132128
-0.765383
-1.31699
-1.72664
-2.00196
-2.10029
-2.01528
-1.77836
-1.19584
-0.8061
-0.983574
-1.28735
-1.51343
-1.70042
-1.8817
-2.05723
-2.21991
-2.36577
-2.49084
-2.58502
-2.63157
-2.61782
-2.55015
-2.48187
-2.44306
-2.41674
-2.3766
-2.3181
-2.27527
-2.20773
-2.15012
-2.11011
-2.07678
-2.04334
-2.00113
-1.90969
-1.6965
-1.20043
1.07658
1.65071
2.25758
2.80823
3.18223
3.30319
3.11874
2.18347
1.84983
3.01949
4.05848
4.72355
5.13358
5.34056
5.36894
5.28546
5.16289
5.06156
5.00905
5.01002
5.05777
5.14326
5.25007
5.3415
5.37834
5.37433
5.35846
5.33693
5.31085
5.28105
5.25056
5.22279
5.1999
5.18245
5.16679
5.13884
5.0557
4.82908
4.314
0.476795
-0.159444
-0.817137
-1.377
-1.77004
-1.99374
-2.00138
-1.79304
-1.37613
-0.64403
-0.265337
-0.406323
-0.676142
-0.935271
-1.1984
-1.47373
-1.76347
-2.06901
-2.3947
-2.74845
-3.14095
-3.5776
-4.03836
-4.4717
-4.78558
-4.97902
-5.16875
-5.31995
-5.56999
-5.93438
-5.84057
-5.86754
-5.985
-6.07495
-6.12543
-6.17736
-6.29676
-6.57896
-7.20365
1.10202
1.69264
2.30363
2.82616
3.12022
3.08516
2.55375
1.36244
0.840463
1.90079
3.05942
4.19175
5.28406
6.31437
7.18477
7.84593
8.31398
8.60471
8.75963
8.82556
8.84373
8.84738
8.88386
9.02851
9.31063
9.62029
9.87163
10.074
10.2459
10.3915
10.5056
10.5856
10.633
10.6532
10.6594
10.679
10.781
11.0697
11.7191
28.9748
29.1232
30.8387
32.8906
35.0174
36.2178
36.1072
34.8772
32.3742
29.2726
26.0765
23.0639
20.3068
17.6884
14.9976
12.1459
9.1972
6.26619
3.46214
0.8588
-1.51121
-3.64423
-5.55694
-7.27365
-8.81926
-10.2159
-11.4814
-12.6302
-13.6721
-14.6145
-15.4615
-16.2148
-16.8779
-17.4555
-17.9545
-18.3821
-18.7456
-19.0527
-19.3094
-19.5192
-19.6814
-19.7923
-19.8449
-19.8308
-19.7426
-19.576
-19.3308
-19.0113
-18.6264
-18.1875
-17.7075
-17.1987
-16.6717
-16.135
-15.5945
-15.0539
-14.5153
-13.9796
-13.4467
-12.9162
-12.3875
-11.8597
-11.3323
-10.805
-10.2783
-9.7514
-9.22838
-8.77525
-8.36348
-7.94514
-7.48563
-7.06545
-6.50454
-6.19917
-5.32992
-5.56029
-3.66883
-5.65183
-0.883153
-7.63804
33.2777
34.3679
35.1217
38.2086
45.2228
51.5168
53.7936
53.9033
53.1534
51.9989
50.6394
49.185
47.6958
46.1957
44.6946
43.2036
41.7338
40.2951
38.8952
37.54
36.2342
34.9809
33.7821
32.6385
31.5502
30.5169
29.5379
28.6125
27.74
26.9197
26.1512
25.4336
24.7659
24.1469
23.5744
23.0453
22.5554
22.0997
21.6723
21.2669
20.8774
20.4984
20.1256
19.7562
19.3885
19.022
18.6566
18.292
17.9272
17.5601
17.1878
16.8068
16.4136
16.0054
15.5804
15.1389
14.6823
14.2136
13.7367
13.2554
12.7734
12.2944
11.8211
11.3549
10.8986
10.4535
10.0241
9.66475
9.35349
9.03815
8.71964
8.40017
8.07753
7.79313
7.4147
7.34927
6.48348
7.89604
3.9543
11.9863
33.5423
32.5016
32.7656
33.1741
33.4061
33.5072
33.3968
32.9441
32.1032
31.0815
30.0096
28.9279
27.8064
26.5436
25.0287
23.2394
21.2322
19.0903
16.8902
14.6822
12.4915
10.3329
8.21678
6.15595
4.16518
2.25824
0.446525
-1.26341
-2.86651
-4.3602
-5.74506
-7.02539
-8.20527
-9.28633
-10.2722
-11.1693
-11.9852
-12.7276
-13.4027
-14.0132
-14.5582
-15.033
-15.4302
-15.7417
-15.9607
-16.0844
-16.1136
-16.0546
-15.9172
-15.7139
-15.4576
-15.1603
-14.8322
-14.4808
-14.1114
-13.7273
-13.3307
-12.9228
-12.5047
-12.0771
-11.6407
-11.1959
-10.7434
-10.2838
-9.81841
-9.3471
-8.87396
-8.46091
-8.08209
-7.69704
-7.26572
-6.87641
-6.33855
-6.06164
-5.2148
-5.45872
-3.62171
-5.54274
-0.968294
-7.47513
35.9305
38.0442
39.2495
40.2116
42.0868
44.4602
45.9234
46.378
46.2921
45.8951
45.3369
44.7164
44.0419
43.2989
42.4893
41.6158
40.6832
39.698
38.668
37.6026
36.5119
35.4065
34.2968
33.1933
32.105
31.04
30.0048
29.005
28.0447
27.1273
26.2555
25.4315
24.6572
23.9338
23.2617
22.6403
22.0672
21.5388
21.0496
20.5935
20.1636
19.7535
19.3578
18.9725
18.5952
18.2248
17.861
17.5035
17.1513
16.8023
16.4534
16.1004
15.739
15.3652
14.9763
14.5712
14.1507
13.7171
13.274
12.8254
12.3751
11.9268
11.4833
11.0462
10.6175
10.1982
9.79323
9.45313
9.15759
8.85801
8.55502
8.25189
7.94505
7.67949
7.31756
7.264
6.41812
7.79211
4.00702
11.6908
31.4894
30.9464
30.5141
30.416
31.2621
31.6842
31.2881
30.3972
29.2266
27.8947
26.4946
25.0896
23.7389
22.4719
21.2826
20.1456
19.0276
17.9031
16.7629
15.6054
14.4239
13.2059
11.9378
10.6148
9.2437
7.83959
6.42175
5.00587
3.6039
2.22338
0.871527
-0.444581
-1.71857
-2.94404
-4.11675
-5.23516
-6.29911
-7.30871
-8.26268
-9.15725
-9.986
-10.7401
-11.4092
-11.9835
-12.4558
-12.8234
-13.0881
-13.2567
-13.3397
-13.3493
-13.298
-13.1969
-13.0549
-12.8783
-12.6712
-12.4365
-12.1759
-11.891
-11.5832
-11.2542
-10.906
-10.5403
-10.159
-9.76387
-9.35699
-8.93911
-8.51411
-8.14016
-7.79407
-7.44142
-7.03965
-6.67895
-6.17042
-5.91153
-5.10745
-5.33174
-3.60339
-5.3852
-1.10108
-7.22013
32.3015
33.5007
35.0493
36.8265
38.9938
41.2226
42.8074
43.4974
43.4007
42.7625
41.8546
40.8674
39.8956
38.9636
38.0595
37.1783
36.3151
35.4649
34.6229
33.7856
32.95
32.1146
31.2789
30.4437
29.6109
28.7827
27.9622
27.1528
26.3579
25.5812
24.8266
24.098
23.3992
22.7341
22.1059
21.5167
20.9675
20.4573
19.9835
19.542
19.1274
18.7343
18.3576
17.9933
17.6389
17.2929
16.955
16.6248
16.3015
15.9834
15.6675
15.3497
15.0254
14.6903
14.341
13.9755
13.594
13.1983
12.7916
12.3777
11.9608
11.5447
11.1323
10.7253
10.3255
9.93334
9.55409
9.23501
8.9571
8.67457
8.38765
8.10078
7.80975
7.56003
7.21845
7.16659
6.36517
7.64877
4.10363
11.3492
39.1776
39.0117
38.9606
39.2442
40.005
40.6841
40.6376
40.1148
39.312
38.2565
36.9574
35.4334
33.7369
31.9441
30.1398
28.3886
26.7117
25.0951
23.5148
21.9568
20.4195
18.9008
17.3942
15.8961
14.4101
12.9418
11.4955
10.0722
8.67245
7.29527
5.93994
4.60658
3.29599
2.01032
0.751838
-0.477716
-1.67618
-2.84028
-3.96454
-5.04077
-6.05839
-7.00507
-7.86805
-8.63603
-9.30143
-9.86137
-10.3181
-10.6784
-10.9521
-11.1506
-11.2846
-11.3633
-11.3937
-11.3803
-11.326
-11.2325
-11.1009
-10.9328
-10.7297
-10.4942
-10.2291
-9.93742
-9.62233
-9.28677
-8.93373
-8.56497
-8.18415
-7.84576
-7.52887
-7.20502
-6.82981
-6.4951
-6.01216
-5.77207
-5.0004
-5.22031
-3.56443
-5.27037
-1.15995
-7.05854
39.384
39.6833
39.9835
40.2404
40.5408
40.9399
41.3174
41.524
41.4709
41.1206
40.464
39.5524
38.5068
37.4253
36.3505
35.2885
34.2444
33.2226
32.2273
31.2618
30.3287
29.4296
28.5653
27.7354
26.939
26.1743
25.439
24.7308
24.0474
23.3871
22.7491
22.1335
21.5413
20.9745
20.4352
19.9258
19.4475
19.0008
18.5844
18.1959
17.8316
17.4873
17.1588
16.8425
16.5359
16.2374
15.9462
15.662
15.3838
15.11
14.8378
14.5636
14.283
13.9916
13.6858
13.3634
13.024
12.6689
12.3011
11.9243
11.5426
11.1601
10.7797
10.4035
10.0331
9.669
9.31624
9.01874
8.75878
8.49335
8.22227
7.9508
7.6743
7.4383
7.11366
7.06956
6.29566
7.53324
4.12522
11.1217
39.0473
39.5301
39.8159
40.0047
40.5032
41.3806
42.0292
41.9376
41.5024
40.9868
40.3111
39.4048
38.2704
36.9436
35.4885
33.9881
32.5054
31.0509
29.5892
28.073
26.4778
24.8108
23.0973
21.3652
19.6391
17.9387
16.2775
14.6603
13.0868
11.5555
10.0656
8.61685
7.20707
5.83356
4.49343
3.18421
1.9049
0.656721
-0.556052
-1.72591
-2.84232
-3.89299
-4.86543
-5.74902
-6.53705
-7.22739
-7.8226
-8.32902
-8.7551
-9.10995
-9.40178
-9.63698
-9.81998
-9.95333
-10.0382
-10.075
-10.0639
-10.006
-9.90279
-9.75694
-9.57192
-9.35175
-9.10056
-8.82241
-8.52112
-8.19952
-7.86106
-7.55643
-7.26738
-6.97104
-6.62143
-6.31205
-5.85286
-5.63326
-4.88791
-5.11343
-3.50927
-5.17427
-1.17902
-6.9415
38.2677
37.2562
36.2366
35.0894
33.7962
32.5641
31.5705
30.814
30.2498
29.8758
29.674
29.5132
29.2673
28.933
28.5502
28.1289
27.6714
27.1803
26.6599
26.1153
25.5523
24.9774
24.397
23.817
23.2429
22.6794
22.1294
21.5951
21.0777
20.5774
20.0943
19.6284
19.1797
18.7491
18.3375
17.9462
17.5763
17.2283
16.9019
16.5959
16.3082
16.0362
15.7769
15.5279
15.2868
15.0524
14.8233
14.599
14.3783
14.1596
13.9402
13.7169
13.4857
13.2425
12.9841
12.7081
12.4139
12.1027
11.7769
11.4402
11.0967
10.7504
10.4045
10.061
9.72198
9.38775
9.06332
8.78862
8.54768
8.30047
8.0464
7.79107
7.52954
7.30693
6.99809
6.96523
6.21307
7.42178
4.10722
10.9315
26.9633
28.3293
29.5614
30.804
32.5275
34.9049
36.4125
36.0956
35.2593
34.4219
33.6552
32.8419
31.9786
31.1138
30.2623
29.4122
28.5536
27.6815
26.7808
25.8202
24.7723
23.6361
22.4375
21.2064
19.9567
18.6892
17.4048
16.1073
14.7998
13.4836
12.1612
10.8391
9.5242
8.22156
6.93379
5.66193
4.40739
3.17315
1.96479
0.790545
-0.338965
-1.41208
-2.41753
-3.34636
-4.19345
-4.95761
-5.64128
-6.24955
-6.78851
-7.26414
-7.68138
-8.04363
-8.35275
-8.60931
-8.81298
-8.963
-9.05874
-9.10031
-9.08888
-9.02688
-8.91786
-8.76622
-8.57673
-8.35423
-8.10319
-7.82738
-7.53012
-7.2584
-6.99687
-6.72788
-6.4042
-6.12026
-5.68549
-5.48646
-4.76908
-4.99862
-3.44964
-5.06898
-1.19618
-6.8097
25.4989
24.1857
23.0037
21.7219
20.2318
18.677
17.2671
16.0964
15.2076
14.6675
14.5346
14.7441
15.1064
15.4864
15.8473
16.1825
16.486
16.7533
16.9806
17.1652
17.3052
17.4002
17.4507
17.4587
17.4271
17.3593
17.2596
17.1322
16.9815
16.8116
16.6265
16.4296
16.2245
16.0142
15.8017
15.5897
15.3807
15.1765
14.9786
14.7877
14.604
14.427
14.2559
14.0897
13.9276
13.7685
13.6117
13.4561
13.3007
13.1436
12.9825
12.8144
12.6358
12.4435
12.2343
12.0065
11.7594
11.4939
11.2124
10.9183
10.6155
10.3079
9.99865
9.69008
9.38425
9.08174
8.78736
8.53685
8.31624
8.08885
7.85363
7.61612
7.37117
7.16277
6.87083
6.84832
6.12441
7.29359
4.08596
10.7206
20.5703
21.9059
23.1041
24.2298
25.4305
26.6343
27.3035
27.029
26.3527
25.7158
25.2206
24.7206
24.1645
23.6184
23.1402
22.7178
22.2951
21.823
21.2812
20.6658
19.9765
19.2237
18.438
17.6578
16.9031
16.165
15.4206
14.6523
13.8509
13.0095
12.1212
11.1828
10.1973
9.17218
8.11559
7.03457
5.93575
4.8268
3.71774
2.62058
1.54853
0.514566
-0.469996
-1.39683
-2.26142
-3.06246
-3.80109
-4.47986
-5.10142
-5.66796
-6.18085
-6.64064
-7.0472
-7.39978
-7.69726
-7.93829
-8.12168
-8.24691
-8.31451
-8.32635
-8.28559
-8.19648
-8.06392
-7.89317
-7.68907
-7.45611
-7.19754
-6.95698
-6.72176
-6.47908
-6.18093
-5.9219
-5.51219
-5.33294
-4.64606
-4.87644
-3.38776
-4.95407
-1.21263
-6.66084
19.0474
17.4752
15.9622
14.5102
13.1145
11.7861
10.5461
9.42587
8.48254
7.80117
7.45739
7.43961
7.62613
7.89693
8.19787
8.51833
8.85471
9.20337
9.56022
9.92033
10.2784
10.629
10.9668
11.2871
11.5856
11.8587
12.1039
12.3197
12.5051
12.6601
12.7851
12.8814
12.9506
12.9946
13.0156
13.0162
12.9991
12.9671
12.9229
12.869
12.8078
12.7413
12.6708
12.5975
12.5219
12.4443
12.3642
12.281
12.1936
12.1002
11.9988
11.8867
11.7613
11.6196
11.4595
11.2795
11.0792
10.8597
10.623
10.3723
10.1112
9.84339
9.57194
9.29921
9.02736
8.75718
8.49341
8.26771
8.06812
7.86153
7.64649
7.42822
7.20138
7.00811
6.73433
6.7201
6.03117
7.15138
4.06167
10.4948
16.6841
17.7329
18.6856
19.5562
20.4277
21.2618
21.798
21.8446
21.6167
21.3948
21.2847
21.1952
21.0348
20.8142
20.5975
20.4162
20.2391
20.0059
19.6718
19.2236
18.6686
18.0258
17.328
16.6186
15.9316
15.2746
14.6319
13.9849
13.3243
12.646
11.9443
11.2098
10.4338
9.61252
8.74728
7.84173
6.90073
5.931
4.94217
3.94645
2.95721
1.98715
1.04678
0.143524
-0.718344
-1.53678
-2.31079
-3.03952
-3.72157
-4.35507
-4.93793
-5.46831
-5.94477
-6.36612
-6.73129
-7.0391
-7.28836
-7.47829
-7.60885
-7.68119
-7.69775
-7.66223
-7.57925
-7.45408
-7.29163
-7.0969
-6.873
-6.66062
-6.44945
-6.23097
-5.95693
-5.72144
-5.33653
-5.17606
-4.5205
-4.75063
-3.32198
-4.83611
-1.22076
-6.50923
15.4471
14.0846
12.7236
11.4066
10.1581
8.99158
7.92367
6.98636
6.22766
5.69643
5.41432
5.34556
5.4057
5.52077
5.65672
5.80847
5.97674
6.16237
6.3657
6.58635
6.82332
7.07495
7.33907
7.6132
7.89449
8.17979
8.46598
8.74989
9.02832
9.29803
9.55584
9.79874
10.024
10.2292
10.4123
10.5723
10.7087
10.822
10.9135
10.9852
11.0396
11.0794
11.107
11.1247
11.134
11.1358
11.1304
11.1173
11.0955
11.0634
11.0193
10.9611
10.8865
10.7935
10.6804
10.5465
10.3916
10.2168
10.0241
9.81636
9.59682
9.36886
9.13527
8.89838
8.66035
8.42217
8.18858
7.98754
7.80895
7.62338
7.4291
7.23078
7.02307
6.84551
6.59076
6.58299
5.9324
7.00215
4.02736
10.2685
14.074
14.9488
15.7701
16.5295
17.2913
18.0465
18.6571
18.9781
19.0709
19.1009
19.1872
19.3266
19.4443
19.4977
19.5096
19.5179
19.5254
19.4945
19.3784
19.1481
18.7986
18.3414
17.8014
17.2148
16.6159
16.0189
15.4109
14.7688
14.0828
13.3592
12.6097
11.8406
11.0515
10.2393
9.40148
8.53783
7.64974
6.74057
5.81626
4.88531
3.95727
3.04098
2.14328
1.26862
0.41959
-0.401901
-1.19333
-1.95096
-2.66984
-3.34462
-3.97044
-4.5437
-5.06231
-5.52526
-5.93209
-6.28229
-6.5751
-6.80972
-6.98571
-7.10351
-7.16471
-7.17218
-7.12992
-7.04288
-6.91577
-6.75385
-6.55996
-6.37223
-6.1824
-5.98559
-5.73378
-5.52002
-5.15911
-5.01625
-4.39192
-4.62161
-3.25081
-4.71587
-1.2189
-6.35875
13.064
11.9383
10.7939
9.67636
8.62625
7.66867
6.8248
6.12078
5.58269
5.22242
5.0259
4.95242
4.94979
4.9783
5.0203
5.07308
5.13707
5.21295
5.30127
5.40247
5.51687
5.64468
5.78597
5.9408
6.10922
6.29111
6.4862
6.69395
6.91338
7.14285
7.37995
7.62171
7.86449
8.1041
8.3364
8.55747
8.764
8.95366
9.12517
9.27837
9.41407
9.5337
9.63897
9.73157
9.81276
9.88328
9.94315
9.99189
10.0284
10.0513
10.059
10.0498
10.0219
9.97411
9.90526
9.81495
9.70342
9.57174
9.42175
9.25596
9.07729
8.88868
8.69261
8.49124
8.28661
8.07987
7.87577
7.69886
7.54091
7.37619
7.20272
7.02456
6.8365
6.67498
6.43997
6.43724
5.82656
6.84692
3.98277
10.0423
11.2954
12.0156
12.7542
13.4864
14.2451
15.0192
15.7232
16.2227
16.4871
16.6566
16.9299
17.35
17.6971
17.8777
17.9489
17.9867
18.0247
18.051
18.0289
17.9237
17.7212
17.4271
17.0605
16.6503
16.227
15.8074
15.3796
14.9085
14.361
13.7284
13.0243
12.2686
11.4759
10.6542
9.80809
8.94173
8.05947
7.16648
6.26892
5.37374
4.48748
3.61497
2.75885
1.91985
1.09794
0.293977
-0.489114
-1.24603
-1.96971
-2.65266
-3.28844
-3.87258
-4.40295
-4.87901
-5.30105
-5.6693
-5.98342
-6.24271
-6.44636
-6.5941
-6.68661
-6.72584
-6.71492
-6.65822
-6.55994
-6.42537
-6.25693
-6.09042
-5.91931
-5.7417
-5.51014
-5.31617
-4.97823
-4.85167
-4.25827
-4.48714
-3.17275
-4.59038
-1.20798
-6.20657
10.5279
9.72406
8.9071
8.11406
7.38204
6.72691
6.15828
5.68832
5.32525
5.06586
4.89401
4.78559
4.71651
4.66987
4.63839
4.62061
4.61624
4.62519
4.64726
4.68219
4.72974
4.78969
4.86194
4.94656
5.0439
5.15448
5.27901
5.41821
5.57259
5.74219
5.92636
6.12375
6.33208
6.54819
6.76845
6.98898
7.20601
7.41628
7.61729
7.80746
7.98604
8.15294
8.30847
8.45301
8.58674
8.70945
8.82049
8.91881
9.00308
9.07179
9.12344
9.15664
9.17017
9.16309
9.13483
9.08525
9.01475
8.92433
8.81557
8.69062
8.55194
8.40203
8.24301
8.07681
7.90523
7.7295
7.55429
7.40098
7.26329
7.11907
6.96619
6.80807
6.63983
6.49451
6.27988
6.28112
5.7115
6.68284
3.92959
9.81152
8.66034
9.1858
9.72198
10.2829
10.8963
11.5588
12.2167
12.7617
13.1403
13.4823
14.0318
14.8129
15.5202
15.9935
16.2391
16.3121
16.2831
16.2028
16.0915
15.942
15.7302
15.4495
15.1168
14.7624
14.4181
14.1042
13.8161
13.5203
13.1697
12.7306
12.1963
11.5803
10.9006
10.171
9.4012
8.5995
7.77477
6.93653
6.09441
5.25707
4.43109
3.61998
2.82434
2.04284
1.27392
0.517707
-0.222818
-0.94179
-1.63138
-2.28353
-2.89154
-3.45117
-3.96073
-4.42038
-4.83101
-5.1933
-5.5071
-5.77158
-5.9855
-6.14789
-6.25852
-6.31835
-6.32951
-6.29554
-6.21992
-6.10766
-5.96058
-5.81229
-5.65765
-5.49706
-5.28393
-5.10784
-4.79175
-4.68008
-4.1172
-4.34467
-3.08597
-4.45691
-1.18757
-6.05015
8.13214
7.61107
7.08582
6.5825
6.12099
5.70511
5.33804
5.02422
4.76492
4.55616
4.38954
4.25533
4.14519
4.05358
3.97817
3.91859
3.87469
3.8463
3.83313
3.83479
3.85083
3.88078
3.92422
3.98085
4.0506
4.13362
4.23027
4.34105
4.46649
4.60685
4.76199
4.93131
5.11357
5.30675
5.50841
5.71572
5.92577
6.13584
6.34357
6.54717
6.74532
6.93707
7.12174
7.29863
7.46689
7.62541
7.77275
7.90734
8.0275
8.13162
8.21828
8.2863
8.33482
8.36322
8.37122
8.35884
8.3265
8.275
8.20558
8.11991
8.01997
7.90779
7.78507
7.65345
7.51449
7.36937
7.22259
7.09242
6.97458
6.85047
6.7178
6.57938
6.43089
6.30172
6.10795
6.11242
5.58483
6.50684
3.86739
9.5738
5.87766
6.17517
6.43123
6.68344
6.96479
7.29124
7.64805
7.99307
8.34036
8.82579
9.64691
10.6996
11.7426
12.6492
13.354
13.8049
13.9909
13.9735
13.8082
13.5404
13.2204
12.8664
12.4882
12.1043
11.7462
11.4393
11.1872
10.9665
10.7345
10.4498
10.0896
9.65144
9.14369
8.57711
7.96077
7.30275
6.61216
5.89967
5.17639
4.45218
3.73418
3.02606
2.32829
1.63956
0.958604
0.286064
-0.374524
-1.01689
-1.63326
-2.21607
-2.75952
-3.26041
-3.71807
-4.13339
-4.50767
-4.84165
-5.13501
-5.38652
-5.5944
-5.757
-5.87322
-5.94305
-5.96756
-5.94927
-5.89071
-5.79631
-5.66717
-5.53469
-5.39474
-5.24937
-5.05314
-4.89326
-4.59794
-4.49979
-3.9669
-4.19239
-2.98891
-4.31395
-1.15659
-5.88888
5.56639
5.25752
4.95492
4.66942
4.40512
4.16227
3.94285
3.74853
3.57929
3.43325
3.30752
3.19931
3.10653
3.02786
2.96282
2.91148
2.87388
2.84998
2.83969
2.84282
2.85915
2.88841
2.93031
2.98465
3.05135
3.13046
3.22221
3.32696
3.44507
3.57678
3.72206
3.88061
4.05163
4.23382
4.42552
4.62473
4.82936
5.03737
5.24687
5.45626
5.66417
5.86934
6.0706
6.26668
6.45609
6.63716
6.80802
6.9668
7.11165
7.241
7.35355
7.44838
7.52489
7.58273
7.6218
7.6422
7.64421
7.62838
7.5955
7.54674
7.48354
7.40739
7.31957
7.22144
7.11421
6.99902
6.88003
6.77247
6.67404
6.5695
6.45654
6.33734
6.20827
6.09504
5.92239
5.92959
5.44474
6.31703
3.79464
9.32825
3.66559
3.82316
3.92478
4.00977
4.08979
4.17773
4.28409
4.41726
4.61156
4.98893
5.69767
6.59892
7.49601
8.30761
9.00612
9.55788
9.90017
10.0125
9.94709
9.77909
9.56014
9.2571
8.89441
8.54785
8.24214
7.98741
7.78497
7.6206
7.46626
7.29031
7.07132
6.80033
6.47495
6.09645
5.66873
5.19743
4.6899
4.15521
3.60315
3.04249
2.47952
1.91742
1.35681
0.797137
0.238418
-0.317263
-0.865223
-1.3987
-1.91019
-2.39317
-2.84325
-3.25875
-3.64019
-3.98914
-4.30711
-4.59457
-4.85078
-5.07393
-5.2617
-5.41179
-5.52242
-5.59271
-5.6227
-5.6138
-5.56741
-5.48716
-5.37324
-5.25475
-5.12816
-4.99669
-4.81623
-4.67122
-4.39577
-4.30992
-3.80649
-4.02941
-2.88076
-4.16087
-1.11516
-5.72242
3.48634
3.31542
3.15262
3.00008
2.8574
2.72488
2.6032
2.493
2.39441
2.30705
2.23038
2.16396
2.10759
2.06113
2.02463
1.99826
1.98212
1.97625
1.98066
1.99534
2.02028
2.05541
2.1007
2.15617
2.22191
2.29814
2.3852
2.48352
2.59358
2.71578
2.85035
2.99734
3.15644
3.32693
3.50776
3.6976
3.8949
4.09804
4.30541
4.51547
4.72673
4.93772
5.14692
5.3527
5.55326
5.74666
5.93087
6.10394
6.2641
6.40989
6.54023
6.65442
6.75212
6.83321
6.89773
6.94576
6.97745
6.99304
6.99289
6.97764
6.94815
6.90538
6.85019
6.7836
6.70651
6.61995
6.52763
6.44185
6.36217
6.2765
6.18253
6.08191
5.97173
5.87407
5.72251
5.73207
5.29042
6.1126
3.71053
9.07335
2.22342
2.31118
2.36593
2.42125
2.46737
2.49977
2.52882
2.57404
2.64013
2.77022
3.08115
3.54171
4.01352
4.42613
4.7742
5.07164
5.30428
5.42801
5.45856
5.42027
5.30727
5.09078
4.80248
4.55348
4.37173
4.22859
4.11192
4.01371
3.91971
3.81545
3.69191
3.54573
3.37258
3.16568
2.92045
2.63732
2.32087
1.97796
1.61593
1.24101
0.857207
0.466113
0.0676981
-0.338273
-0.750736
-1.16633
-1.57934
-1.98266
-2.36924
-2.73369
-3.07321
-3.3876
-3.67843
-3.94775
-4.19694
-4.42602
-4.63358
-4.81724
-4.97419
-5.10176
-5.19769
-5.26049
-5.28929
-5.28443
-5.24612
-5.17695
-5.07614
-4.97035
-4.85621
-4.73774
-4.57226
-4.44115
-4.18494
-4.11037
-3.63592
-3.85566
-2.76166
-3.99744
-1.06411
-5.54947
2.11506
2.01871
1.92739
1.84178
1.76157
1.68716
1.61851
1.55603
1.50006
1.45073
1.40811
1.37237
1.34368
1.32221
1.30818
1.3018
1.30318
1.31241
1.32952
1.35455
1.38749
1.42831
1.47702
1.53365
1.59834
1.67133
1.75298
1.84379
1.9443
2.05508
2.17662
2.3093
2.45326
2.60833
2.77405
2.94967
3.13417
3.32633
3.52482
3.72818
3.93487
4.14326
4.35162
4.55813
4.7608
4.95759
5.14647
5.32555
5.49317
5.64803
5.78923
5.91628
6.029
6.12744
6.2117
6.28186
6.33795
6.37993
6.40778
6.42162
6.4218
6.40875
6.38292
6.34498
6.29553
6.23547
6.16804
6.10275
6.04076
5.97293
5.89697
5.81404
5.72199
5.63936
5.50857
5.52021
5.12201
5.89339
3.61545
8.80623
0.926729
0.955185
0.970632
1.00013
1.02946
1.04755
1.0568
1.07023
1.07342
1.04803
1.06757
1.1954
1.35401
1.47007
1.52788
1.54988
1.5666
1.57822
1.56352
1.51513
1.41405
1.31339
1.19729
1.03068
0.882039
0.780765
0.710546
0.655118
0.598976
0.531782
0.453444
0.373064
0.29426
0.209592
0.107763
-0.0179587
-0.167699
-0.337546
-0.522644
-0.719355
-0.926244
-1.1439
-1.37383
-1.61696
-1.87226
-2.13617
-2.40293
-2.66575
-2.91848
-3.15699
-3.37986
-3.58801
-3.78365
-3.96884
-4.14448
-4.30986
-4.46283
-4.60049
-4.71973
-4.81776
-4.89223
-4.94134
-4.96355
-4.9583
-4.92461
-4.86398
-4.77463
-4.68053
-4.57814
-4.47198
-4.32101
-4.20311
-3.96572
-3.90163
-3.45602
-3.67164
-2.6328
-3.82357
-1.00551
-5.36818
0.878544
0.835476
0.794295
0.756075
0.72073
0.688557
0.659682
0.634739
0.614127
0.598088
0.586849
0.580662
0.57976
0.584367
0.594723
0.611038
0.633476
0.662163
0.697189
0.738612
0.786439
0.840637
0.901151
0.96795
1.04106
1.12059
1.20678
1.29997
1.40063
1.50928
1.62646
1.75268
1.88834
2.03357
2.18832
2.35225
2.52479
2.7051
2.89215
3.08477
3.28159
3.48111
3.68171
3.88164
4.07904
4.27199
4.4586
4.63712
4.80602
4.96413
5.11065
5.24517
5.36761
5.47804
5.5766
5.66336
5.73825
5.80104
5.85139
5.88905
5.91391
5.92596
5.92524
5.91209
5.88686
5.8503
5.80516
5.75842
5.71259
5.66111
5.60179
5.53533
5.46033
5.39196
5.28134
5.29479
4.94022
5.65951
3.51102
8.52279
-0.445201
-0.45733
-0.472492
-0.474761
-0.475896
-0.481724
-0.490345
-0.496768
-0.502296
-0.555052
-0.747277
-0.958585
-1.03652
-1.06492
-1.12626
-1.23861
-1.37823
-1.50761
-1.61065
-1.695
-1.77583
-1.83634
-1.85629
-1.89404
-1.99792
-2.12345
-2.22642
-2.29866
-2.35068
-2.40095
-2.45431
-2.50086
-2.52736
-2.53442
-2.5343
-2.53921
-2.55482
-2.58096
-2.61529
-2.65631
-2.70463
-2.76279
-2.83388
-2.92001
-3.02101
-3.13411
-3.25444
-3.37644
-3.49539
-3.60868
-3.71618
-3.81965
-3.92153
-4.02351
-4.12571
-4.22649
-4.32293
-4.41164
-4.48942
-4.5536
-4.60202
-4.63287
-4.64426
-4.63495
-4.60291
-4.5485
-4.46902
-4.38565
-4.29429
-4.19982
-4.06289
-3.95761
-3.7388
-3.68442
-3.26791
-3.47789
-2.49607
-3.63899
-0.94175
-5.17546
-0.442152
-0.440409
-0.438222
-0.435329
-0.431444
-0.426204
-0.419051
-0.409255
-0.396335
-0.379886
-0.359505
-0.334823
-0.30554
-0.271395
-0.232165
-0.187681
-0.137822
-0.0825013
-0.0216729
0.0446748
0.116503
0.193729
0.276237
0.363904
0.456627
0.55436
0.657138
0.76509
0.878455
0.997557
1.12278
1.25455
1.39321
1.539
1.692
1.85208
2.01892
2.19197
2.37052
2.55368
2.74042
2.92958
3.11989
3.30997
3.49833
3.68342
3.86365
4.03755
4.20378
4.36127
4.50926
4.64734
4.77538
4.89341
5.00156
5.09984
5.18812
5.26607
5.33318
5.38896
5.43294
5.46477
5.48419
5.49125
5.48604
5.46922
5.44299
5.41228
5.38057
5.3435
5.29898
5.2474
5.18803
5.13292
5.04152
5.0564
4.74594
5.41019
3.40021
8.21794
-1.83424
-1.88149
-1.93172
-1.96363
-1.98935
-2.01625
-2.04238
-2.06665
-2.0854
-2.13724
-2.35412
-2.78646
-3.13199
-3.31327
-3.44547
-3.60155
-3.80307
-4.02581
-4.22595
-4.38074
-4.49722
-4.5753
-4.58983
-4.58086
-4.57923
-4.65401
-4.79009
-4.9221
-5.01808
-5.07239
-5.09791
-5.09902
-5.07008
-5.00596
-4.91576
-4.81444
-4.71273
-4.61461
-4.52012
-4.42892
-4.34231
-4.26336
-4.19579
-4.14247
-4.10416
-4.07927
-4.06442
-4.05578
-4.05044
-4.04737
-4.04771
-4.05379
-4.06801
-4.0915
-4.12351
-4.16157
-4.2021
-4.24137
-4.27623
-4.30435
-4.324
-4.33353
-4.33104
-4.31473
-4.28176
-4.23148
-4.16027
-4.08654
-4.00543
-3.92193
-3.79861
-3.70517
-3.50516
-3.45897
-3.07333
-3.27422
-2.35484
-3.44107
-0.87777
-4.96608
-1.7888
-1.74274
-1.69652
-1.65073
-1.60522
-1.55962
-1.51345
-1.4662
-1.41741
-1.36657
-1.31315
-1.25663
-1.19654
-1.13245
-1.06402
-0.990978
-0.913139
-0.830385
-0.742668
-0.650008
-0.552486
-0.450237
-0.343431
-0.232251
-0.11688
0.00252841
0.125874
0.253128
0.384337
0.519623
0.659158
0.803145
0.951767
1.10512
1.26321
1.42589
1.59288
1.76377
1.93801
2.11499
2.29398
2.47421
2.65482
2.83491
3.01348
3.18942
3.3616
3.52884
3.69008
3.84436
3.99097
4.12945
4.25956
4.38128
4.49465
4.59961
4.69602
4.78352
4.86153
4.92943
4.98662
5.03246
5.06653
5.08861
5.09864
5.09715
5.08582
5.06809
5.04799
5.02288
4.99088
4.95215
4.90654
4.86335
4.78997
4.8053
4.54075
5.14299
3.28962
7.88205
-2.50496
-2.56654
-2.60138
-2.62534
-2.6482
-2.6697
-2.6872
-2.70232
-2.70914
-2.73119
-2.94689
-3.76353
-4.64286
-5.06279
-5.28121
-5.47751
-5.71251
-5.99246
-6.27883
-6.519
-6.69102
-6.80555
-6.86652
-6.85959
-6.87242
-6.94051
-7.02832
-7.11303
-7.18021
-7.1974
-7.15178
-7.04929
-6.91228
-6.77299
-6.63571
-6.49725
-6.35513
-6.20651
-6.04904
-5.88276
-5.71064
-5.53765
-5.36934
-5.21013
-5.06225
-4.92583
-4.79923
-4.68067
-4.56915
-4.46529
-4.37137
-4.29026
-4.22438
-4.1746
-4.13971
-4.11672
-4.10176
-4.09115
-4.08201
-4.07247
-4.06117
-4.04683
-4.0276
-4.00133
-3.96462
-3.91596
-3.85098
-3.78527
-3.71336
-3.63963
-3.5295
-3.44637
-3.26604
-3.22498
-2.87438
-3.05885
-2.21311
-3.22692
-0.820487
-4.73444
-2.42105
-2.34841
-2.27705
-2.20775
-2.13958
-2.07255
-2.0065
-1.94124
-1.87652
-1.81194
-1.74705
-1.68131
-1.61411
-1.54484
-1.47289
-1.39767
-1.31868
-1.23545
-1.14764
-1.05498
-0.957314
-0.854597
-0.746857
-0.634198
-0.51676
-0.394681
-0.268101
-0.137158
-0.00195813
0.137456
0.281093
0.428906
0.580861
0.736798
0.896565
1.05983
1.22615
1.39503
1.56594
1.73829
1.91147
2.0849
2.25799
2.43014
2.6007
2.76891
2.93398
3.09504
3.2512
3.40166
3.54572
3.68292
3.81293
3.93561
4.05092
4.15878
4.25903
4.35131
4.4351
4.50981
4.57478
4.62927
4.67275
4.70492
4.72553
4.73497
4.73448
4.72652
4.71543
4.69971
4.67782
4.64977
4.61588
4.58297
4.52646
4.54017
4.32625
4.85321
3.18724
7.50813
-3.81236
-3.94009
-4.04222
-4.10641
-4.15547
-4.20697
-4.26275
-4.32313
-4.39199
-4.45242
-4.51765
-4.89585
-5.38579
-5.57494
-5.68721
-5.90576
-6.22365
-6.60851
-7.02302
-7.4135
-7.72832
-7.95255
-8.10224
-8.18998
-8.2434
-8.32636
-8.44868
-8.54058
-8.5908
-8.62085
-8.60978
-8.54744
-8.45333
-8.33936
-8.19648
-8.02805
-7.8394
-7.63243
-7.40878
-7.17134
-6.92404
-6.67157
-6.41868
-6.16948
-5.9267
-5.69176
-5.46498
-5.24668
-5.03767
-4.8399
-4.65628
-4.48997
-4.3435
-4.21787
-4.11212
-4.02367
-3.94916
-3.8854
-3.82984
-3.78092
-3.73754
-3.6986
-3.66234
-3.62636
-3.58696
-3.54154
-3.48543
-3.43016
-3.37087
-3.30894
-3.21746
-3.1451
-2.99411
-2.95357
-2.65629
-2.80869
-2.06947
-2.97874
-0.779033
-4.47395
-3.66956
-3.52474
-3.3815
-3.23998
-3.09989
-2.9614
-2.82469
-2.68993
-2.55718
-2.42665
-2.29833
-2.17213
-2.04796
-1.92562
-1.80478
-1.68513
-1.5663
-1.44777
-1.32914
-1.20994
-1.08982
-0.968422
-0.845422
-0.720592
-0.593818
-0.464963
-0.333949
-0.200683
-0.065167
0.072603
0.21266
0.355017
0.499566
0.64625
0.794909
0.945297
1.09713
1.25003
1.40364
1.55757
1.71147
1.86497
2.01773
2.16943
2.31963
2.46796
2.61387
2.75679
2.89609
3.03118
3.16149
3.28656
3.40604
3.51971
3.62749
3.72918
3.82461
3.91353
3.99544
4.06985
4.13614
4.1936
4.24169
4.27991
4.30793
4.32593
4.33442
4.33542
4.33306
4.32648
4.31477
4.29791
4.27676
4.25506
4.21942
4.22841
4.08466
4.50314
3.09805
7.05382
-3.32436
-3.47891
-3.63728
-3.73197
-3.78229
-3.82153
-3.86774
-3.92424
-3.99011
-4.05869
-4.11523
-4.18877
-4.78154
-5.77757
-6.41167
-6.76398
-7.10981
-7.49443
-7.90439
-8.31266
-8.67554
-8.95148
-9.13019
-9.22757
-9.27947
-9.4014
-9.65486
-9.84036
-9.89004
-9.91806
-9.94314
-9.93509
-9.8787
-9.75645
-9.57391
-9.34268
-9.07348
-8.77758
-8.46352
-8.13728
-7.80422
-7.46915
-7.13611
-6.8086
-6.48894
-6.1783
-5.87723
-5.58628
-5.3065
-5.03992
-4.78942
-4.55825
-4.34906
-4.16292
-3.99929
-3.85616
-3.73081
-3.62064
-3.52381
-3.43937
-3.36678
-3.3054
-3.25372
-3.20927
-3.16806
-3.12672
-3.08019
-3.03653
-2.98991
-2.94228
-2.86887
-2.81356
-2.68699
-2.66262
-2.40049
-2.55883
-1.8769
-2.76337
-0.670612
-4.30854
-3.16633
-2.97118
-2.77817
-2.58785
-2.40037
-2.21558
-2.03367
-1.85479
-1.67916
-1.50708
-1.33871
-1.1743
-1.01406
-0.858213
-0.706854
-0.56015
-0.418099
-0.280598
-0.147515
-0.0185929
0.106411
0.227735
0.345814
0.460984
0.573495
0.683676
0.791763
0.89803
1.00268
1.10588
1.20778
1.30853
1.40818
1.50686
1.60463
1.70156
1.79762
1.89285
1.98726
2.0809
2.17383
2.2661
2.35782
2.44899
2.5396
2.6296
2.71881
2.80697
2.8938
2.97893
3.06206
3.14292
3.22129
3.29706
3.37017
3.44049
3.50787
3.57207
3.63264
3.68907
3.74072
3.78688
3.82683
3.8599
3.88564
3.90397
3.91485
3.91995
3.92226
3.92133
3.91675
3.9086
3.89813
3.88755
3.87
3.88305
3.78978
4.16357
2.89313
6.7627
0.4902
0.370201
0.261085
0.205168
0.182849
0.167489
0.148051
0.125798
0.104133
0.0859217
0.0622147
-0.00292916
-0.2049
-0.914141
-3.36714
-6.40809
-8.10828
-8.80077
-9.15275
-9.44526
-9.71331
-9.92196
-10.0473
-10.0936
-10.0721
-10.0316
-10.0505
-10.1554
-10.3211
-10.4358
-10.4045
-10.3018
-10.1683
-9.98284
-9.7489
-9.47905
-9.18265
-8.86704
-8.53644
-8.195
-7.84833
-7.50143
-7.15801
-6.82098
-6.49196
-6.17163
-5.86017
-5.55785
-5.26537
-4.98422
-4.71681
-4.46608
-4.23441
-4.023
-3.83188
-3.65972
-3.5047
-3.36518
-3.24026
-3.12988
-3.03436
-2.95384
-2.88735
-2.83279
-2.7864
-2.74464
-2.70241
-2.66545
-2.62688
-2.58917
-2.52939
-2.48775
-2.38127
-2.37209
-2.13943
-2.30837
-1.67286
-2.55371
-0.543377
-4.15298
0.612265
0.753506
0.890261
1.02299
1.15154
1.27588
1.39594
1.51169
1.6229
1.72946
1.83126
1.92818
2.02007
2.10672
2.18795
2.26353
2.33337
2.39734
2.45542
2.50762
2.55403
2.5948
2.63027
2.66076
2.68667
2.70847
2.72663
2.74169
2.75417
2.76456
2.77337
2.78106
2.78801
2.79468
2.80139
2.80847
2.8162
2.82485
2.83465
2.84585
2.85864
2.87324
2.88978
2.90837
2.92906
2.95181
2.97647
3.00283
3.03063
3.0596
3.08945
3.11998
3.15103
3.18251
3.21438
3.24657
3.27895
3.31129
3.34322
3.37426
3.40383
3.43119
3.4556
3.47636
3.49291
3.50497
3.512
3.51597
3.51859
3.51909
3.51754
3.5142
3.51054
3.50805
3.50462
3.5221
3.47186
3.81807
2.65745
6.47916
2.9281
2.87509
2.80559
2.77022
2.7643
2.77047
2.77513
2.77266
2.76362
2.75065
2.73658
2.71165
2.64685
2.47829
2.11579
1.43716
0.0610974
-2.73752
-5.83723
-7.41533
-7.84512
-7.94221
-7.97894
-7.99452
-7.98329
-7.93965
-7.89164
-7.92182
-8.07972
-8.26824
-8.31581
-8.16832
-7.99918
-7.84571
-7.67481
-7.48922
-7.29156
-7.08509
-6.87088
-6.64962
-6.42325
-6.19461
-5.96626
-5.74005
-5.51667
-5.29584
-5.0769
-4.85947
-4.64371
-4.43062
-4.22218
-4.0209
-3.8291
-3.64828
-3.47918
-3.32145
-3.17438
-3.0376
-2.91146
-2.79707
-2.69582
-2.60893
-2.53639
-2.47694
-2.42758
-2.38522
-2.34537
-2.31242
-2.27894
-2.24783
-2.19831
-2.16695
-2.0775
-2.08019
-1.87532
-2.05109
-1.46384
-2.33233
-0.4135
-3.96459
2.9749
3.03537
3.09496
3.15253
3.20802
3.26149
3.31276
3.36174
3.4083
3.45239
3.4939
3.53279
3.569
3.60243
3.63292
3.66037
3.68463
3.70549
3.72279
3.7363
3.74584
3.75124
3.7524
3.74924
3.74175
3.72998
3.71405
3.69418
3.67062
3.64369
3.61379
3.58131
3.54668
3.51041
3.47294
3.43478
3.39643
3.35835
3.32103
3.28492
3.25044
3.218
3.18792
3.16046
3.13577
3.11394
3.09495
3.07867
3.06496
3.05364
3.04454
3.03756
3.03266
3.0298
3.02904
3.03038
3.03376
3.0391
3.04611
3.05444
3.06362
3.07303
3.08205
3.09003
3.09642
3.10079
3.10232
3.10349
3.10483
3.1051
3.10475
3.10424
3.10525
3.10902
3.11697
3.13849
3.12721
3.44583
2.40369
6.12177
3.54344
3.49204
3.45416
3.43532
3.42831
3.42228
3.41211
3.39735
3.37913
3.35804
3.33439
3.30761
3.2671
3.18782
3.03695
2.81679
2.56237
2.2856
1.92548
1.15819
-1.18995
-3.56965
-4.24716
-4.34931
-4.37587
-4.39323
-4.39595
-4.39818
-4.45368
-4.61352
-4.80817
-4.81748
-4.60587
-4.41556
-4.32044
-4.26166
-4.2044
-4.15313
-4.10641
-4.05815
-4.0054
-3.94853
-3.88892
-3.8275
-3.76416
-3.69782
-3.62678
-3.54963
-3.46569
-3.37505
-3.27886
-3.17883
-3.07686
-2.97433
-2.87226
-2.77098
-2.67065
-2.5719
-2.47605
-2.38515
-2.30161
-2.22755
-2.16408
-2.11099
-2.06645
-2.02834
-1.99326
-1.9648
-1.93604
-1.91046
-1.86954
-1.84657
-1.7718
-1.78406
-1.60445
-1.78463
-1.24417
-2.0962
-0.272924
-3.74387
3.59227
3.61849
3.64431
3.66941
3.69371
3.71713
3.73951
3.76073
3.78064
3.79916
3.81616
3.83157
3.84532
3.85735
3.86764
3.87617
3.8829
3.88776
3.89073
3.89172
3.89062
3.88725
3.88145
3.87305
3.86184
3.84763
3.83023
3.80952
3.78539
3.75782
3.72683
3.69248
3.65499
3.61458
3.57154
3.52626
3.4792
3.4308
3.38155
3.33198
3.28257
3.23384
3.18624
3.14012
3.09578
3.05345
3.01328
2.9753
2.93951
2.90594
2.87457
2.84542
2.8186
2.79418
2.7723
2.75311
2.73663
2.72289
2.71175
2.70303
2.69642
2.69154
2.68789
2.68501
2.68248
2.67982
2.67609
2.67427
2.67392
2.67331
2.6732
2.67428
2.67828
2.68658
2.70286
2.72725
2.7486
3.03857
2.11242
5.69798
3.30322
3.27803
3.24527
3.2236
3.21206
3.20468
3.19603
3.18273
3.16348
3.13843
3.10836
3.07458
3.036
2.97856
2.86215
2.66393
2.45566
2.29096
2.15029
1.99964
1.80967
1.50308
0.812266
-0.341951
-0.970872
-1.06366
-1.09518
-1.13006
-1.16607
-1.21935
-1.32795
-1.49324
-1.53652
-1.3566
-1.25441
-1.27462
-1.33781
-1.40614
-1.48029
-1.55875
-1.63666
-1.7113
-1.78237
-1.85033
-1.9149
-1.9747
-2.02751
-2.07128
-2.1047
-2.12721
-2.13909
-2.14113
-2.13437
-2.11968
-2.0976
-2.06837
-2.03223
-1.98992
-1.94294
-1.89358
-1.84451
-1.7983
-1.75672
-1.72048
-1.68888
-1.66095
-1.63461
-1.61271
-1.58965
-1.56988
-1.53709
-1.52165
-1.45992
-1.48013
-1.32317
-1.50612
-1.00851
-1.84186
-0.112489
-3.48646
3.32419
3.34318
3.36244
3.38149
3.40023
3.41862
3.43657
3.45394
3.47062
3.48648
3.50135
3.51507
3.52751
3.53854
3.54809
3.55605
3.56237
3.56703
3.57004
3.57141
3.57113
3.56921
3.56563
3.56033
3.55325
3.54424
3.53311
3.51972
3.50387
3.48533
3.4639
3.43942
3.4118
3.38097
3.34693
3.30981
3.26981
3.22716
3.18222
3.13537
3.08701
3.03762
2.98766
2.93747
2.88747
2.838
2.78933
2.74168
2.69522
2.65017
2.60665
2.56488
2.52511
2.48751
2.45233
2.41981
2.39006
2.36318
2.33918
2.31801
2.29955
2.28356
2.26981
2.258
2.24789
2.23905
2.2306
2.22595
2.22371
2.22176
2.2211
2.22258
2.22789
2.23873
2.25986
2.28487
2.33126
2.59131
1.76959
5.20689
3.08031
3.05844
3.04617
3.03873
3.03334
3.02726
3.01896
3.00746
2.99197
2.97224
2.94884
2.92287
2.89571
2.86779
2.83332
2.76441
2.55384
2.31484
2.18817
2.108
2.03615
1.95768
1.86286
1.72961
1.45063
0.842244
0.451662
0.423125
0.415776
0.38233
0.336526
0.276573
0.194169
0.144055
0.192522
0.23674
0.208979
0.141891
0.0611334
-0.0315273
-0.132712
-0.238085
-0.345391
-0.45388
-0.562862
-0.670827
-0.775418
-0.874146
-0.965124
-1.04727
-1.12022
-1.18403
-1.23889
-1.28488
-1.32184
-1.34941
-1.36726
-1.37551
-1.37503
-1.3675
-1.35508
-1.34004
-1.32418
-1.30864
-1.29344
-1.27852
-1.26297
-1.24892
-1.23231
-1.21864
-1.19375
-1.18526
-1.13526
-1.16208
-1.02529
-1.20903
-0.751062
-1.55915
0.0711629
-3.15349
3.10199
3.1095
3.11669
3.12375
3.13069
3.13748
3.14409
3.15046
3.15655
3.16226
3.16749
3.1721
3.17598
3.17897
3.18091
3.18163
3.18101
3.17896
3.17541
3.1703
3.16361
3.1554
3.14574
3.13464
3.1222
3.10848
3.09347
3.07719
3.0596
3.0406
3.02007
2.99785
2.97378
2.94767
2.91937
2.8888
2.85588
2.82055
2.7829
2.74307
2.7012
2.65751
2.61227
2.56573
2.51823
2.47002
2.42141
2.37267
2.32407
2.27589
2.2284
2.18192
2.13678
2.09326
2.05171
2.01238
1.97549
1.94122
1.90966
1.88088
1.85488
1.83161
1.81107
1.7931
1.77765
1.7644
1.75261
1.7459
1.7423
1.73933
1.73807
1.7394
1.7447
1.75586
1.77759
1.79869
1.85984
2.08763
1.34978
4.59907
2.40081
2.39377
2.38264
2.37495
2.37137
2.36922
2.36536
2.3581
2.34725
2.33331
2.31682
2.29808
2.27735
2.25525
2.23226
2.20811
2.18216
2.14929
2.09158
2.02731
1.98316
1.94827
1.91437
1.87883
1.83607
1.76594
1.55716
1.1175
0.988431
1.03384
1.02539
0.981384
0.923181
0.859245
0.798884
0.803629
0.870237
0.879189
0.830226
0.756276
0.667887
0.568812
0.463053
0.353537
0.241974
0.130037
0.0197278
-0.0870419
-0.188855
-0.284844
-0.374622
-0.458129
-0.535349
-0.60607
-0.669779
-0.725723
-0.773049
-0.811221
-0.840309
-0.861121
-0.874959
-0.883412
-0.88789
-0.889472
-0.888499
-0.885393
-0.880006
-0.87373
-0.863619
-0.856017
-0.838697
-0.836806
-0.797519
-0.830255
-0.711144
-0.894149
-0.472625
-1.24314
0.272669
-2.69942
2.40488
2.40529
2.40613
2.40705
2.40802
2.40911
2.41028
2.41156
2.41297
2.41449
2.41607
2.41768
2.41927
2.42074
2.42197
2.4228
2.42311
2.42277
2.42161
2.41948
2.41627
2.41193
2.40645
2.39976
2.3919
2.38294
2.37295
2.36198
2.35012
2.3374
2.32381
2.30933
2.29389
2.27735
2.25957
2.24041
2.2197
2.19724
2.17286
2.14651
2.11808
2.08753
2.0549
2.02028
1.98377
1.94553
1.90579
1.86479
1.82281
1.78013
1.73711
1.69412
1.65152
1.60969
1.56902
1.5298
1.49232
1.45682
1.42348
1.39245
1.36386
1.33782
1.31449
1.29387
1.2761
1.26094
1.2478
1.24058
1.23636
1.23265
1.2306
1.23106
1.23514
1.24507
1.26492
1.27945
1.34496
1.53915
0.86512
3.82222
1.63204
1.62845
1.63009
1.63116
1.63124
1.6304
1.62819
1.62428
1.61877
1.612
1.60429
1.5958
1.58648
1.57627
1.56527
1.55375
1.54218
1.53093
1.52022
1.50661
1.4793
1.4489
1.43078
1.41683
1.40186
1.38572
1.37678
1.39421
1.38817
1.11213
0.797404
0.776013
0.800001
0.793739
0.75829
0.702765
0.66528
0.731022
0.821284
0.848766
0.845558
0.819078
0.765143
0.686204
0.590687
0.489257
0.388806
0.292572
0.201911
0.11714
0.0379857
-0.0360474
-0.105385
-0.170128
-0.229918
-0.284038
-0.33157
-0.371758
-0.404308
-0.429556
-0.448327
-0.461745
-0.470928
-0.47682
-0.479846
-0.480634
-0.479368
-0.477011
-0.470892
-0.467329
-0.455787
-0.458837
-0.429067
-0.464866
-0.365538
-0.534542
-0.175181
-0.831304
0.419024
-1.89076
1.63642
1.63247
1.6283
1.62399
1.61961
1.61508
1.61043
1.60569
1.60088
1.59598
1.59099
1.58593
1.5808
1.57556
1.57018
1.56459
1.55873
1.55251
1.54579
1.53845
1.53041
1.52155
1.51178
1.50104
1.48932
1.47664
1.46307
1.44868
1.43359
1.41797
1.40193
1.38562
1.36913
1.35255
1.33591
1.31924
1.3025
1.28558
1.26839
1.25082
1.23267
1.21384
1.19422
1.17368
1.15213
1.12955
1.10593
1.08131
1.05577
1.02944
1.00251
0.975167
0.947646
0.9202
0.893083
0.86653
0.840746
0.815965
0.792315
0.769961
0.749062
0.729819
0.712437
0.697023
0.683837
0.67273
0.663328
0.658691
0.656857
0.655585
0.655869
0.658004
0.661812
0.668097
0.678831
0.674425
0.715127
0.868496
0.258053
2.61284
0.562443
0.560311
0.556714
0.552407
0.54712
0.54092
0.53398
0.526259
0.517474
0.507443
0.496303
0.484384
0.471925
0.458937
0.445317
0.431044
0.416256
0.401196
0.3861
0.37109
0.356407
0.341237
0.324805
0.306723
0.287067
0.266028
0.24424
0.224388
0.216446
0.253313
0.395838
0.477558
0.337692
0.44596
0.531786
0.562952
0.558827
0.524154
0.495183
0.580942
0.628373
0.537865
0.443295
0.374255
0.327398
0.295637
0.270116
0.245447
0.220148
0.194217
0.167738
0.14062
0.112814
0.0845131
0.056276
0.0289045
0.0033181
-0.0196618
-0.0395166
-0.0561476
-0.0698101
-0.0809631
-0.0900744
-0.0975752
-0.103602
-0.108604
-0.112789
-0.116382
-0.116041
-0.117949
-0.114481
-0.122436
-0.106735
-0.137985
-0.0759583
-0.191204
0.0268747
-0.352453
0.351455
-0.81696
0.564395
0.566057
0.567773
0.56958
0.571506
0.573535
0.575683
0.577991
0.580467
0.583122
0.585978
0.589062
0.592397
0.595988
0.599843
0.603956
0.608314
0.612872
0.617549
0.622281
0.626954
0.631421
0.635552
0.639212
0.642258
0.644555
0.646003
0.646504
0.646014
0.644517
0.642004
0.638501
0.634041
0.628693
0.622504
0.615513
0.607755
0.599246
0.590005
0.579997
0.569179
0.557526
0.545012
0.531601
0.51729
0.502113
0.486104
0.469353
0.451969
0.434103
0.415926
0.397592
0.379288
0.361168
0.343385
0.326062
0.309305
0.293239
0.277915
0.263432
0.249906
0.237493
0.226335
0.216553
0.208371
0.201494
0.195717
0.19449
0.192892
0.18984
0.186333
0.183237
0.181823
0.185078
0.196701
0.203901
0.236772
0.316691
-0.00505356
1.09424
)
;

boundaryField
{
    inlet
    {
        type            freestreamPressure;
        freestreamValue uniform 0;
        value           nonuniform List<scalar> 
134
(
0.474474
-0.158668
-0.813158
-1.3703
-1.76142
-1.98403
-1.99163
-1.78431
-1.36943
-0.640894
-0.114261
-0.175054
-0.29149
-0.403512
-0.517472
-0.636945
-0.762921
-0.896036
-1.03821
-1.19292
1.09665
-1.36483
-1.55629
-1.75856
-1.94907
-2.08754
-2.15563
-2.2746
-2.27838
-2.32393
-2.7778
-2.55747
-2.57058
-2.62331
-2.66397
-2.68729
-2.71126
-2.76494
-2.8904
-3.04075
1.6844
2.29241
2.8124
3.10502
3.07014
2.54132
1.3558
-3.35827
-3.28683
-3.17483
-3.104
-3.05281
-2.99515
-2.92999
-2.86365
-2.79781
-2.73122
-2.66276
-2.59215
-2.51924
-2.44345
-2.36395
-2.27938
-2.18743
-2.08562
-1.97103
-1.89828
-1.82983
-1.74684
-1.64954
-1.53599
-1.3891
-1.18879
-0.832401
-0.359487
0.478354
1.08116
1.73905
2.3812
3.00005
3.5834
4.07585
4.44958
4.71383
4.87759
4.9644
5.00079
5.01012
5.01118
5.03074
5.11147
5.26997
5.44405
5.58512
5.6985
5.79468
5.87598
5.93954
5.98383
6.00976
6.02033
6.02302
6.03327
6.09005
6.2523
6.61867
6.76959
6.60287
6.41019
6.28186
6.17458
6.05556
5.92811
5.80042
5.67274
5.54244
5.40825
5.26964
5.12576
4.975
4.81503
4.643
4.45344
4.24241
3.98596
3.8218
3.662
3.46053
3.22158
2.94461
2.60162
2.16294
1.47913
0.619832
)
;
    }
    outlet
    {
        type            freestreamPressure;
        freestreamValue uniform 0;
        value           nonuniform List<scalar> 
160
(
0.0017142
0.00172039
0.00170751
0.00172574
0.00169615
0.00173128
0.00168261
0.00173718
0.00166615
0.00174357
0.00164697
0.00175037
0.00162552
0.00175765
0.00160168
0.00176553
0.00157468
0.00177406
0.00154402
0.00178327
0.0015101
0.00179323
0.00147387
0.00180404
0.001436
0.00181577
0.00139651
0.00182845
0.00135514
0.00184212
0.00131182
0.00185678
0.00126694
0.00187238
0.00122119
0.00188881
0.00117528
0.00190585
0.00112973
0.00192329
0.00108515
0.00194082
0.00103915
0.00195797
0.000989482
0.00197435
0.000934745
0.00198952
0.000874946
0.00200304
0.000810308
0.00201445
0.000742707
0.00202342
0.000680402
0.00202959
0.00065458
0.00203279
0.000766182
0.00203292
0.00119877
0.0020299
0.00144767
0.00202377
0.0010247
0.00201462
0.00135193
0.00200259
0.00160658
0.00198786
0.00169579
0.0019705
0.00168146
0.00195062
0.00157677
0.00192827
0.00149523
0.00190349
0.00175356
0.00187618
0.00189343
0.00184617
0.00161906
0.00181338
0.00133118
0.0017777
0.00112027
0.001739
0.000977766
0.00169722
0.000881937
0.00165248
0.000805512
0.00160482
0.000731818
0.00155452
0.000656152
0.00150191
0.000578498
0.00144745
0.000499207
0.00139169
0.00041809
0.00133514
0.000335017
0.00127838
0.000250514
0.00122195
0.000166158
0.00116636
8.42495e-05
0.00111202
7.46947e-06
0.00105932
-6.17466e-05
0.00100869
-0.000121824
0.000960321
-0.000172422
0.000914587
-0.00021426
0.000871919
-0.00024869
0.000832894
-0.000277111
0.000798079
-0.000300828
0.00076797
-0.000320264
0.000743431
-0.000336769
0.000723537
-0.000351019
0.000707602
-0.000363442
0.000707421
-0.000363683
0.000705531
-0.000370855
0.000698632
-0.000361875
0.0006904
-0.00038805
0.000684028
-0.000341525
0.000684406
-0.000440665
0.000703015
-0.0002479
0.00075467
-0.000611174
0.000791857
9.11567e-05
0.000930555
-0.00109705
0.00126306
0.00130626
-2.10891e-05
-0.00224941
0.0042753
)
;
    }
    walls
    {
        type            zeroGradient;
    }
    frontAndBack
    {
        type            empty;
    }
}


// ************************************************************************* //
