/*--------------------------------*- C++ -*----------------------------------*\
| =========                 |                                                 |
| \\      /  F ield         | OpenFOAM: The Open Source CFD Toolbox           |
|  \\    /   O peration     | Version:  2312                                  |
|   \\  /    A nd           | Website:  www.openfoam.com                      |
|    \\/     M anipulation  |                                                 |
\*---------------------------------------------------------------------------*/
FoamFile
{
    version     2.0;
    format      ascii;
    arch        "LSB;label=32;scalar=64";
    class       volScalarField;
    location    "500";
    object      p;
}
// * * * * * * * * * * * * * * * * * * * * * * * * * * * * * * * * * * * * * //

dimensions      [0 2 -2 0 0 0 0];

internalField   nonuniform List<scalar> 
10720
(
-18.8024
-86.5215
-166.54
-246.223
-320.813
-397.253
-465.828
-524.244
-575.631
-616.66
-648.911
-673.342
-690.878
-702.749
-709.158
-709.677
-705.238
-694.907
-679.949
-659.441
-634.394
-603.32
-565.078
-517.915
-464.587
-422.276
-394.242
-344.344
-287.088
-251.534
-223.095
-189.143
-150.661
-110.241
-73.493
-57.3371
-34.1165
24.9937
18.0284
48.1841
108.845
172.384
230.78
279.53
314.516
332.325
336.19
329.848
312.416
288.527
263.266
238.451
214.819
193.035
172.753
153.862
135.845
118.43
101.093
83.7957
66.2509
48.585
31.3079
16.2433
4.55791
-4.8479
-12.5074
-18.4973
-22.7317
-25.2261
-26.1415
-25.6322
-23.8963
-21.2427
-17.6016
-13.5026
-6.58644
6.66463
72.275
21.1751
-36.4966
-98.2364
-162.1
-227.859
-292.133
-352.876
-409.36
-459.845
-503.907
-541.53
-572.803
-597.7
-616.192
-627.835
-633.285
-632.474
-626.225
-614.177
-596.553
-571.545
-537.196
-492.187
-443.079
-400.463
-363.127
-329.451
-297.199
-262.811
-226.805
-189.61
-150.45
-110.155
-73.4313
-57.2561
-34.3069
24.759
17.6783
117.972
161.245
203.991
244.632
279.674
306.455
322.033
326.762
321.59
307.417
287.79
265.887
243.307
220.967
199.574
179.245
159.984
141.517
123.607
105.935
88.4234
70.867
53.3403
36.3347
21.3553
9.28017
-0.672223
-8.86122
-15.2929
-19.9137
-22.7617
-24.0175
-23.8335
-22.4027
-20.022
-16.588
-12.6909
-4.67455
8.62152
83.0353
37.2556
-14.683
-72.3545
-132.543
-194.657
-257.157
-317.483
-374.088
-425.945
-471.797
-511.259
-543.892
-569.557
-588.611
-601.343
-607.997
-608.537
-603.312
-592.204
-575.19
-551.272
-519.464
-478.711
-433.664
-392.65
-356.228
-326.25
-296.044
-261.327
-224.802
-187.678
-149.335
-110.116
-73.8298
-56.923
-34.2618
25.3351
18.9638
124.051
163.532
202.41
238.753
269.49
292.974
307.406
312.874
309.725
298.799
282.476
263.058
242.174
220.926
200.098
180.044
160.858
142.425
124.561
107.007
89.6343
72.3192
55.1498
38.4814
23.5244
11.1637
0.962795
-7.42432
-14.0199
-18.7963
-21.7963
-23.1882
-23.1188
-21.7822
-19.4586
-16.0543
-11.9236
-3.83038
9.70488
100.466
62.1542
18.0978
-30.6554
-82.1258
-136.295
-191.569
-246.244
-299.048
-348.846
-394.529
-435.388
-470.861
-500.698
-524.743
-543.175
-555.784
-562.29
-562.697
-556.884
-544.681
-525.443
-498.51
-463.534
-424.253
-386.766
-353.527
-323.7
-292.741
-258.539
-222.779
-186.239
-148.575
-110.241
-74.5161
-56.4943
-33.6383
26.5132
20.9046
134.577
167.099
199.445
230.263
256.695
277.434
291.019
297.094
295.698
287.563
274.367
257.877
239.475
220.192
200.783
181.681
163.082
145.004
127.347
109.942
92.694
75.5401
58.5605
42.1148
27.1953
14.6296
4.19574
-4.43181
-11.2922
-16.3572
-19.6565
-21.3321
-21.5273
-20.4317
-18.3135
-15.0525
-10.9404
-2.85311
11.2077
103.788
69.7721
30.4735
-13.3053
-59.6392
-108.962
-159.961
-211.097
-261.41
-309.774
-355.067
-396.492
-433.344
-465.083
-491.35
-511.99
-526.599
-535.144
-537.491
-533.625
-523.394
-506.404
-482.217
-450.748
-414.671
-379.37
-347.694
-318.249
-287.897
-254.902
-220.175
-184.461
-147.615
-110.154
-75.1107
-56.145
-32.6776
27.9709
21.6532
134.144
162.936
191.671
219.078
242.638
261.45
274.387
280.908
280.941
275.118
264.626
250.801
234.754
217.394
199.444
181.377
163.474
145.856
128.514
111.368
94.3575
77.4621
60.7771
44.6363
29.8469
17.1588
6.5153
-2.33945
-9.43952
-14.7522
-18.282
-20.1647
-20.5399
-19.5976
-17.5949
-14.399
-10.244
-2.20339
11.4076
104.976
74.905
39.9999
1.14584
-39.9687
-84.0525
-129.893
-176.267
-222.479
-267.509
-310.41
-350.428
-386.814
-418.942
-446.351
-468.699
-485.678
-497.124
-502.763
-502.377
-495.694
-482.357
-462.056
-434.856
-402.87
-370.447
-340.375
-311.834
-282.562
-250.797
-217.067
-182.227
-146.359
-109.871
-75.6091
-55.8516
-31.7541
29.2506
21.1144
131.826
157.211
182.745
207.29
228.528
245.801
258.175
264.987
266.119
262.132
253.898
242.45
228.663
213.304
197.022
180.272
163.363
146.48
129.688
112.976
96.3299
79.7706
63.4102
47.5662
32.9185
20.1472
9.32511
0.274201
-7.03897
-12.5814
-16.3444
-18.4583
-19.0568
-18.3225
-16.4964
-13.4337
-9.31057
-1.35608
11.0162
102.952
75.8661
44.3494
9.24365
-27.8209
-67.7688
-109.528
-152.032
-194.822
-236.996
-277.739
-316.376
-352.157
-384.42
-412.625
-436.302
-455.034
-468.409
-476.083
-477.78
-473.275
-462.347
-444.842
-420.935
-392.243
-362.234
-333.596
-305.977
-277.617
-246.872
-214.061
-180.071
-145.146
-109.62
-76.0844
-55.5413
-30.8909
29.9671
20.603
127.167
149.996
173.09
195.399
214.791
230.832
242.693
249.655
251.632
249.093
242.717
233.313
221.57
208.111
193.493
178.121
162.305
146.268
130.127
113.933
97.7217
81.5522
65.5547
50.0333
35.5707
22.7808
11.8269
2.60652
-4.90525
-10.6726
-14.6717
-17.0124
-17.8199
-17.2686
-15.5886
-12.6238
-8.51261
-0.653136
10.9539
99.6462
75.0995
46.4842
14.6425
-18.8749
-55.1068
-93.0705
-131.838
-171.116
-210.137
-248.197
-284.735
-319.064
-350.538
-378.585
-402.678
-422.304
-437.06
-446.572
-450.489
-448.503
-440.377
-425.99
-405.528
-380.21
-352.823
-325.924
-299.479
-272.168
-242.567
-210.815
-177.777
-143.838
-109.324
-76.4926
-55.2512
-30.0925
29.8851
20.0912
121.63
142.317
163.371
183.818
201.679
216.686
228.062
235.074
237.683
236.278
231.408
223.733
213.795
202.096
189.099
175.145
160.522
145.461
130.111
114.565
98.8988
83.2044
67.6297
52.467
38.2323
25.4817
14.4411
5.08185
-2.60408
-8.57653
-12.7944
-15.3522
-16.3694
-16.0131
-14.4996
-11.6624
-7.60111
0.0991898
11.2033
95.4221
72.9823
46.7967
17.6852
-12.8548
-45.9183
-80.6182
-116.118
-152.262
-188.381
-223.888
-258.33
-291.087
-321.561
-349.191
-373.417
-393.691
-409.545
-420.508
-426.144
-426.097
-420.184
-408.342
-390.772
-368.39
-343.416
-318.191
-292.901
-266.622
-238.156
-207.472
-175.399
-142.436
-108.939
-76.8205
-55.0485
-29.5032
28.7563
18.2167
115.553
134.472
153.828
172.711
189.277
203.393
214.308
221.303
224.373
223.851
220.2
213.969
205.597
195.485
184.01
171.446
158.047
144.028
129.55
114.733
99.6845
84.5249
69.4155
54.6419
40.6705
28.0096
16.9261
7.4583
-0.379746
-6.54192
-10.9718
-13.7449
-14.9712
-14.8066
-13.4535
-10.7374
-6.72656
0.794917
11.5682
90.7569
70.1229
46.0313
19.2843
-8.67874
-38.9718
-70.7711
-103.323
-136.565
-169.912
-202.881
-235.11
-266.052
-295.185
-321.972
-345.851
-366.269
-382.711
-394.699
-401.777
-403.528
-399.757
-390.399
-375.616
-356.07
-333.509
-310.046
-286.029
-260.863
-233.57
-203.991
-172.921
-140.954
-108.464
-77.0884
-54.9301
-29.2228
26.6656
14.9295
109.303
126.714
144.62
162.161
177.614
190.938
201.417
208.341
211.738
211.904
209.235
204.201
197.171
188.465
178.388
167.155
154.975
142.037
128.495
114.483
100.129
85.5696
70.9795
56.6366
42.9722
30.4563
19.3811
9.84245
1.88132
-4.44843
-9.07475
-12.053
-13.4835
-13.5117
-12.3253
-9.74336
-5.80571
1.51204
11.9707
85.8769
66.8021
44.5248
19.8273
-5.8979
-33.7725
-63.0233
-92.964
-123.587
-154.386
-184.966
-215.048
-244.153
-271.826
-297.582
-320.887
-341.192
-357.973
-370.708
-378.935
-382.17
-380.21
-373.002
-360.668
-343.669
-323.371
-301.65
-278.946
-254.923
-228.814
-200.367
-170.335
-139.385
-107.897
-77.2999
-54.8401
-29.2215
23.9443
11.3508
103.054
119.169
135.819
152.193
166.674
179.284
189.339
196.161
199.783
200.48
198.6
194.557
188.667
181.192
172.379
162.392
151.391
139.537
126.966
113.81
100.205
86.3011
72.2753
58.3994
45.0811
32.7591
21.7394
12.1662
4.10918
-2.36744
-7.1766
-10.3529
-11.984
-12.2037
-11.1838
-8.73843
-4.88493
2.22416
12.3683
80.9505
63.2423
42.5589
19.663
-4.09977
-29.8407
-56.8284
-84.4295
-112.683
-141.137
-169.471
-197.471
-224.729
-250.857
-275.421
-297.926
-317.848
-334.67
-347.851
-356.939
-361.422
-361.069
-355.812
-345.718
-331.083
-312.954
-292.978
-271.638
-248.798
-223.892
-196.606
-167.644
-137.726
-107.239
-77.4485
-54.738
-29.4251
20.9143
8.42553
96.931
111.914
127.462
142.804
156.427
168.384
178.029
184.724
188.491
189.596
188.35
185.125
180.198
173.791
166.107
157.264
147.384
136.592
125.002
112.735
99.9245
86.7224
73.3041
59.9346
47.003
34.9239
24.0094
14.4421
6.32127
-0.276942
-5.25061
-8.61276
-10.4374
-10.8465
-9.99535
-7.69431
-3.94181
2.9459
12.7557
76.0812
59.5787
40.307
19.0061
-3.02233
-26.8707
-51.8442
-77.3503
-103.464
-129.783
-156.033
-182.066
-207.527
-232.095
-255.391
-276.966
-296.332
-312.988
-326.396
-336.106
-341.602
-342.609
-339.047
-330.939
-318.442
-302.347
-284.079
-264.126
-242.498
-218.809
-192.707
-164.843
-135.974
-106.487
-77.5293
-54.6223
-29.7732
17.7513
6.37905
91.001
104.989
119.555
133.977
146.832
158.19
167.441
173.985
177.838
179.253
178.516
175.963
171.849
166.363
159.675
151.87
143.037
133.267
122.648
111.283
99.2947
86.8285
74.0546
61.2277
48.7211
36.93
26.1681
16.6473
8.49472
1.80075
-3.31855
-6.85449
-8.8656
-9.46108
-8.7788
-6.62699
-2.98865
3.66801
13.1273
71.3349
55.906
37.8955
18.0186
-2.46422
-24.6227
-47.7947
-71.4181
-95.5981
-119.969
-144.296
-168.478
-192.215
-215.239
-237.23
-257.787
-276.456
-292.767
-306.2
-316.307
-322.6
-324.752
-322.67
-316.328
-305.772
-291.582
-274.979
-256.425
-236.031
-213.569
-188.67
-161.931
-134.124
-105.64
-77.537
-54.5134
-30.216
14.5372
4.97522
85.3075
98.4075
112.097
125.688
137.847
148.65
157.524
163.903
167.793
169.443
169.112
167.113
163.681
158.986
153.171
146.299
138.43
129.628
119.953
109.485
98.3324
86.6265
74.527
62.2753
50.2295
38.7696
28.2065
18.7737
10.6239
3.86238
-1.38101
-5.0758
-7.26393
-8.04126
-7.52795
-5.53133
-2.02138
4.39244
13.4843
66.752
52.2884
35.412
16.8159
-2.28194
-22.9241
-44.474
-66.403
-88.8304
-111.421
-133.979
-156.436
-178.541
-200.073
-220.758
-240.246
-258.126
-273.963
-287.265
-297.587
-304.477
-307.57
-306.751
-301.957
-293.143
-280.718
-265.716
-248.557
-229.409
-208.181
-184.499
-158.906
-132.175
-104.697
-77.4662
-54.431
-30.7063
11.3062
3.91127
79.8729
92.1739
105.069
117.909
129.43
139.717
148.23
154.431
158.323
160.145
160.138
158.594
155.736
151.718
146.666
140.626
133.637
125.737
116.965
107.376
97.0578
86.1259
74.7233
63.0736
51.5206
40.4313
30.1109
20.8073
12.6954
5.89573
0.551209
-3.28616
-5.64082
-6.59444
-6.24917
-4.41267
-1.04405
5.1157
13.8259
62.3571
48.7686
32.9191
15.4826
-2.36684
-21.6384
-41.7221
-62.1184
-82.9546
-103.922
-124.855
-145.713
-166.28
-186.381
-205.784
-224.184
-241.216
-256.481
-269.521
-279.901
-287.21
-291.059
-291.307
-287.858
-280.598
-269.8
-256.326
-240.543
-222.645
-202.651
-180.196
-155.766
-130.125
-103.658
-77.313
-54.3834
-31.2132
8.06546
2.97609
74.707
86.285
98.4584
110.609
121.543
131.347
139.515
145.532
149.397
151.341
151.593
150.423
148.047
144.607
140.217
134.914
128.719
121.653
113.733
104.992
95.4965
85.3406
74.6479
63.6222
52.5911
41.9079
31.8711
22.737
14.6989
7.89166
2.47079
-1.49095
-3.99994
-5.12272
-4.94377
-3.27192
-0.0571209
5.83696
14.1518
58.1653
45.3733
30.4589
14.0792
-2.6388
-20.6655
-39.42
-58.4236
-77.8115
-97.2985
-116.739
-136.115
-155.244
-173.985
-192.147
-209.465
-225.617
-240.242
-252.919
-263.231
-270.801
-275.239
-276.373
-274.077
-268.193
-258.879
-246.85
-232.409
-215.755
-196.991
-175.766
-152.513
-127.971
-102.524
-77.0754
-54.3679
-31.7266
4.82552
2.04896
69.8115
80.7318
92.2422
103.759
114.15
123.499
131.336
137.165
140.981
143.01
143.465
142.603
140.63
137.684
133.869
129.215
123.734
117.432
110.307
102.374
93.6778
84.2898
74.3116
63.9246
53.4383
43.1928
33.4773
24.5515
16.6228
9.83946
4.36828
0.301883
-2.34784
-3.63132
-3.61599
-2.11248
0.937098
6.55416
14.4618
54.1832
42.1196
28.0641
12.6488
-3.0354
-19.9294
-37.4709
-55.2067
-73.2727
-91.4049
-109.475
-127.482
-145.272
-162.732
-179.704
-195.961
-211.221
-225.161
-237.397
-247.538
-255.234
-260.111
-261.964
-260.648
-255.971
-248.004
-237.327
-224.184
-208.757
-191.211
-171.214
-149.146
-125.713
-101.293
-76.7529
-54.3748
-32.2525
1.61657
1.0735
65.1831
75.5003
86.4004
97.3325
107.216
116.137
123.657
129.296
133.047
135.129
135.743
135.133
133.501
130.976
127.659
123.575
118.73
113.121
106.732
99.5612
91.632
82.9951
73.7281
63.9877
54.0638
44.2825
34.9218
26.2409
18.4566
11.729
6.23455
2.08472
-0.690755
-2.12502
-2.26962
-0.937232
1.93659
7.26594
14.7568
50.4112
39.0186
25.7525
11.2257
-3.51351
-19.3685
-35.8009
-52.3763
-69.2347
-86.1253
-102.936
-119.681
-136.226
-152.482
-168.322
-183.55
-197.924
-211.155
-222.895
-232.784
-240.492
-245.676
-248.1
-247.602
-243.973
-237.218
-227.796
-215.896
-201.671
-185.325
-166.549
-145.669
-123.35
-99.9664
-76.3446
-54.3929
-32.8009
-1.51757
0.0297963
60.8157
70.5769
80.9128
91.3015
100.71
109.227
116.443
121.891
125.564
127.675
128.413
128.01
126.663
124.499
121.612
118.029
113.75
108.765
103.051
96.5916
89.3915
81.4802
72.9125
63.8204
54.4717
45.1759
36.1992
27.7966
20.1906
13.5501
8.06017
3.84919
0.964321
-0.609613
-0.909329
0.250128
2.93891
7.97059
15.0372
46.848
36.0758
23.5391
9.83179
-4.03703
-18.9379
-34.3508
-49.8631
-65.6134
-81.3646
-97.0162
-112.595
-127.983
-143.113
-157.883
-172.126
-185.63
-198.143
-209.35
-218.924
-226.552
-231.927
-234.79
-234.965
-232.238
-226.564
-218.298
-207.577
-194.519
-179.347
-161.779
-142.084
-120.883
-98.5439
-75.8505
-54.4108
-33.3769
-4.53298
-1.08593
56.7004
65.9475
75.7594
85.6413
94.6034
102.737
109.661
114.921
118.507
120.626
121.459
121.227
120.12
118.264
115.75
112.604
108.827
104.403
99.3044
93.5027
86.9882
79.7717
71.8852
63.4361
54.6682
45.8736
37.3057
29.2115
21.8155
15.2932
9.83564
5.5867
2.61003
0.908678
0.45982
1.44571
3.94139
8.66665
15.3031
43.4889
33.2924
21.4331
8.48513
-4.58072
-18.6008
-33.0751
-47.6093
-62.3403
-77.0434
-91.6296
-106.131
-120.449
-134.528
-148.29
-161.592
-174.252
-186.048
-196.7
-205.911
-213.385
-218.853
-222.038
-222.758
-220.8
-216.081
-208.871
-199.257
-187.323
-173.294
-156.914
-138.397
-118.315
-97.026
-75.2707
-54.4179
-33.978
-7.39443
-2.27215
52.8289
61.5974
70.9206
80.3276
88.8704
96.6419
103.285
108.358
111.851
113.963
114.867
114.774
113.871
112.278
110.087
107.324
103.989
100.068
95.5263
90.3289
84.4542
77.8966
70.6675
62.8491
54.6616
46.3789
38.2393
30.48
23.3235
16.9489
11.5516
7.28839
4.23855
2.42305
1.83223
2.6451
4.94104
9.35267
15.5552
40.3282
30.6679
19.4385
7.19692
-5.12464
-18.3298
-31.9363
-45.5685
-59.3584
-73.0962
-86.6997
-100.208
-113.533
-126.635
-139.451
-151.861
-163.709
-174.8
-184.886
-193.698
-200.962
-206.439
-209.846
-210.996
-209.684
-205.804
-199.549
-190.97
-180.107
-167.185
-151.967
-134.615
-115.648
-95.4138
-74.605
-54.4046
-34.596
-10.0788
-3.52321
49.1901
57.5123
66.3776
75.3385
83.486
90.9144
97.2869
102.177
105.571
107.664
108.621
108.642
107.91
106.544
104.632
102.204
99.261
95.7872
91.7476
87.1022
81.8201
75.8817
69.2805
62.0757
54.4634
46.6976
39.0009
31.5983
24.7076
18.5088
13.1988
8.94532
5.84169
3.92627
3.2018
3.84355
5.93459
10.027
15.7944
37.3591
28.199
17.5583
5.97541
-5.65608
-18.1036
-30.9063
-43.7036
-56.6251
-69.4702
-82.1666
-94.7564
-107.162
-119.354
-131.286
-142.854
-153.925
-164.33
-173.849
-182.241
-189.25
-194.666
-198.21
-199.692
-198.915
-195.764
-190.368
-182.743
-172.898
-161.039
-146.95
-130.744
-112.887
-93.708
-73.8539
-54.3612
-35.2192
-12.5737
-4.82842
45.7731
53.6789
62.1141
70.6542
78.4289
85.5311
91.6439
96.3536
99.646
101.711
102.705
102.819
102.232
101.061
99.3926
97.2571
94.6591
91.5832
87.9946
83.8508
79.1141
73.7537
67.7478
61.1346
54.0864
46.8372
39.5929
32.5644
25.9623
19.9652
14.7686
10.5486
7.41116
5.4108
4.56206
5.0359
6.91862
10.6882
16.0212
34.574
25.8821
15.7922
4.82535
-6.16284
-17.9057
-29.9614
-41.9848
-54.1013
-66.1222
-77.9798
-89.7197
-101.272
-112.619
-123.724
-134.5
-144.833
-154.575
-163.533
-171.491
-178.214
-183.513
-187.122
-188.85
-188.511
-185.987
-181.358
-174.61
-165.722
-154.876
-141.879
-126.794
-110.036
-91.9108
-73.0172
-54.2791
-35.8343
-14.8738
-6.17323
42.568
50.0826
58.1135
66.2569
73.6785
80.4697
86.3328
90.8666
94.0567
96.0864
97.1045
97.2945
96.8305
95.8275
94.3701
92.4915
90.1975
87.4752
84.2907
80.6006
76.3629
71.5384
66.0927
60.0451
53.5455
46.8072
40.0195
33.3783
27.0841
21.3114
16.253
12.0897
8.9383
6.86865
5.90617
6.21669
7.88939
11.3347
16.2362
31.9644
23.7124
14.1395
3.74946
-6.6374
-17.7232
-29.0828
-40.3868
-51.7569
-63.0135
-74.0942
-85.0465
-95.8094
-106.371
-116.705
-126.737
-136.371
-145.478
-153.887
-161.405
-167.822
-172.959
-176.574
-178.472
-178.486
-176.497
-172.547
-166.596
-158.601
-148.717
-136.768
-122.776
-107.101
-90.0237
-72.0958
-54.1487
-36.4281
-16.9789
-7.54192
39.564
46.7111
54.3604
62.1281
69.2148
75.7099
81.3337
85.6968
88.7838
90.7723
91.8047
92.0565
91.6972
90.8393
89.566
87.9125
85.8868
83.4781
80.6544
77.3733
73.59
69.2593
64.3369
58.8266
52.8559
46.6189
40.2874
34.0415
28.0705
22.5425
17.6446
13.5602
10.4149
8.29195
7.22693
7.38016
8.84293
11.9647
16.44
29.5227
21.6847
12.5976
2.74893
-7.07506
-17.5465
-28.2566
-38.8906
-49.5667
-60.1134
-70.4742
-80.6963
-90.7259
-100.559
-110.173
-119.508
-128.483
-136.984
-144.86
-151.941
-158.036
-162.979
-166.551
-168.559
-168.849
-167.313
-163.958
-158.729
-151.562
-142.584
-131.637
-118.702
-104.09
-88.0509
-71.0889
-53.9626
-36.9873
-18.8921
-8.91902
36.7508
43.5515
50.8402
58.2512
65.0199
71.2334
76.6268
80.8246
83.8091
85.7528
86.7915
87.0934
86.8234
86.0911
84.9787
83.5227
81.7336
79.6029
77.1013
74.1877
70.8166
66.9384
62.5021
57.4977
52.0339
46.2844
40.4042
34.5574
28.9206
23.6539
18.9369
14.9524
11.833
9.67272
8.51706
8.52035
9.77507
12.5765
16.6332
27.241
19.7926
11.1637
1.82395
-7.47199
-17.3679
-27.4709
-37.4798
-47.5094
-57.3957
-67.0881
-76.6328
-85.9827
-95.1369
-104.082
-112.766
-121.119
-129.044
-136.407
-143.058
-148.823
-153.549
-157.038
-159.102
-159.606
-158.448
-155.614
-151.032
-144.627
-136.497
-126.501
-114.585
-101.009
-85.9942
-69.9984
-53.7123
-37.4996
-20.6197
-10.2894
34.118
40.5915
47.5391
54.612
61.0777
67.0233
72.1956
76.2327
79.116
81.0123
82.051
82.3934
82.1994
81.5764
80.6053
79.3232
77.7431
75.8589
73.6442
71.0598
68.0609
64.596
60.6086
56.0786
51.0963
45.8169
40.3789
34.9309
29.6353
24.6431
20.1243
16.2593
13.1844
11.003
9.76932
9.6311
10.6816
13.1681
16.8159
25.1109
18.0307
9.83346
0.9739
-7.8264
-17.1821
-26.7162
-36.1418
-45.5679
-54.8397
-63.9104
-72.8264
-81.5442
-90.0685
-98.3896
-106.464
-114.234
-121.613
-128.485
-134.716
-140.15
-144.642
-148.019
-150.097
-150.758
-149.914
-147.53
-143.527
-137.819
-130.479
-121.378
-110.438
-97.8696
-83.8592
-68.8236
-53.3915
-37.9541
-22.1684
-11.6395
31.6558
37.8203
44.4449
51.196
57.3735
63.0634
68.0234
71.9051
74.6889
76.5361
77.5702
77.9451
77.8167
77.2891
76.4418
75.313
73.9176
72.2518
70.2923
68.0025
65.3388
62.2498
58.6755
54.587
50.0592
45.2299
40.222
35.1681
30.2167
25.5084
21.2029
17.4743
14.4617
12.2751
10.9765
10.7064
11.5581
13.7377
16.9883
23.1246
16.3925
8.6033
0.19684
-8.13715
-16.9855
-25.9858
-34.8652
-43.7277
-52.4268
-60.9181
-69.2494
-77.3805
-85.3183
-93.0588
-100.565
-107.788
-114.652
-121.056
-126.88
-131.984
-136.233
-139.474
-141.533
-142.306
-141.717
-139.721
-136.231
-131.157
-124.548
-116.286
-106.275
-94.679
-81.6513
-67.5659
-52.9938
-38.3388
-23.5465
-12.9561
29.3553
35.2268
41.5447
47.9898
53.893
59.3386
64.0952
67.8266
70.5132
72.3103
73.3359
73.7371
73.6651
73.2213
72.4828
71.4895
70.2575
68.7855
67.053
65.0264
62.6643
59.9156
56.719
53.0397
48.9385
44.5371
39.944
35.2764
30.6684
26.25
22.169
18.5923
15.6583
13.4818
12.1315
11.7401
12.4004
14.2828
17.1501
21.2746
14.8718
7.46898
-0.509564
-8.404
-16.7745
-25.2737
-33.6408
-41.9762
-50.1403
-58.0923
-65.8788
-73.4641
-80.8569
-88.0568
-95.0328
-101.743
-108.123
-114.082
-119.515
-124.295
-128.297
-131.386
-133.398
-134.244
-133.862
-132.197
-129.16
-124.659
-118.722
-111.244
-102.112
-91.4491
-79.3757
-66.2271
-52.5139
-38.6451
-24.761
-14.2275
27.2072
32.8007
38.8274
44.9814
50.623
55.8351
60.3969
63.9832
66.575
68.3218
69.3361
69.7585
69.7349
69.365
68.723
67.8496
66.7625
65.4622
63.9315
62.1398
60.048
57.6067
54.7547
51.4527
47.7496
43.7526
39.5565
35.2639
30.9953
26.8691
23.0212
19.6087
16.7683
14.6163
13.2277
12.7264
13.204
14.8014
17.3009
19.5534
13.4628
6.42584
-1.14771
-8.62752
-16.5479
-24.5756
-32.4623
-40.304
-47.9683
-55.4169
-62.696
-69.7732
-76.6586
-83.3551
-89.8367
-96.0682
-101.993
-107.531
-112.589
-117.054
-120.808
-123.734
-125.678
-126.566
-126.348
-124.964
-122.326
-118.341
-113.019
-106.267
-97.9626
-88.1904
-77.0405
-64.8086
-51.9484
-38.8641
-25.8197
-15.4431
25.2031
30.5327
36.2823
42.1592
47.5511
52.5402
56.9148
60.362
62.8618
64.5583
65.5589
65.9981
66.017
65.712
65.1557
64.3887
63.4302
62.2824
60.9311
59.3488
57.4992
55.3348
52.7958
49.8401
46.5068
42.8896
39.0708
35.1397
31.203
27.3681
23.7584
20.5204
17.7865
15.6728
14.2588
13.6596
13.965
15.2911
17.44
17.9538
12.1595
5.46948
-1.7206
-8.80885
-16.3045
-23.8884
-31.324
-38.703
-45.8994
-52.8782
-59.684
-66.2878
-72.7008
-78.9286
-84.9493
-90.733
-96.2303
-101.371
-106.073
-110.233
-113.743
-116.499
-118.361
-119.265
-119.174
-118.028
-115.738
-112.215
-107.454
-101.371
-93.8422
-84.9148
-74.6528
-63.3136
-51.2949
-38.9888
-26.7289
-16.5907
23.3346
28.4137
33.8994
39.5118
44.6659
49.4417
53.6369
56.9503
59.3606
61.0077
61.9933
62.4461
62.502
62.2543
61.774
61.102
60.2576
59.2456
58.0537
56.6579
55.0247
53.1093
50.8539
48.2152
45.2235
41.961
38.4986
34.913
31.2983
27.7506
24.3815
21.3253
18.7087
16.646
15.219
14.5346
14.6793
15.7496
17.5667
16.4689
10.9559
4.59533
-2.23129
-8.94926
-16.0438
-23.2093
-30.2204
-37.1653
-43.9235
-50.4635
-56.8278
-62.9905
-68.964
-74.7551
-80.3462
-85.7117
-90.8092
-95.5765
-99.9393
-103.806
-107.078
-109.662
-111.43
-112.331
-112.337
-111.389
-109.403
-106.292
-102.041
-96.5722
-89.7641
-81.6342
-72.2213
-61.7461
-50.5516
-39.0138
-27.4938
-17.6577
21.594
26.4348
31.6692
37.0293
41.9562
46.5282
50.5518
53.7361
56.0605
57.6589
58.6284
59.0916
59.1799
58.9837
58.5712
57.9836
57.2412
56.3494
55.2996
54.0698
52.6299
50.938
48.9388
46.5888
43.9117
40.9786
37.8508
34.5933
31.2883
28.0213
24.8918
22.0221
19.5318
17.5313
16.1033
15.3464
15.3434
16.1746
17.6799
15.0921
9.84638
3.79883
-2.68298
-9.05041
-15.766
-22.5367
-29.1486
-35.6851
-42.0329
-48.1622
-54.1143
-59.8657
-65.4298
-70.8146
-76.0055
-80.981
-85.7045
-90.1204
-94.1632
-97.7502
-100.791
-103.202
-104.87
-105.753
-105.83
-105.048
-103.325
-100.58
-96.7894
-91.8824
-85.7422
-78.3603
-69.755
-60.1108
-49.7198
-38.9347
-28.1189
-18.6343
19.9739
24.5878
29.5827
34.7023
39.4122
43.7893
47.6481
50.7087
52.95
54.5009
55.4535
55.9251
56.0418
55.8914
55.5399
55.0278
54.376
53.5918
52.6681
51.5861
50.3186
48.8267
47.0583
44.9708
42.5821
39.9539
37.1382
34.1902
31.1808
28.1853
25.2921
22.6112
20.2538
18.3251
16.9073
16.091
15.954
16.5638
17.7785
13.817
8.82548
3.07551
-3.07902
-9.11449
-15.4716
-21.8697
-28.1053
-34.2585
-40.221
-45.9659
-51.5331
-56.901
-62.0833
-67.0895
-71.9076
-76.5194
-80.8933
-84.9801
-88.721
-92.042
-94.8604
-97.1016
-98.6654
-99.5178
-99.6464
-99.0015
-97.5063
-95.0855
-91.7092
-87.3136
-81.7886
-75.1049
-67.2633
-58.4136
-48.8008
-38.7503
-28.6089
-19.5116
18.4671
22.8649
27.6314
32.5212
37.0239
41.2146
44.9157
47.8577
50.0189
51.5233
52.459
52.9368
53.0788
52.9697
52.6728
52.2281
51.6575
50.9691
50.1575
49.2071
48.0931
46.7802
45.2195
43.3697
41.2443
38.8967
36.3709
33.713
30.9836
28.2488
25.5863
23.0938
20.8737
19.0251
17.6278
16.7647
16.5081
16.9152
17.8615
12.6375
7.88796
2.42095
-3.42268
-9.14348
-15.1613
-21.2072
-27.0882
-32.8809
-38.4818
-43.8667
-49.0739
-54.0837
-58.9105
-63.5642
-68.0352
-72.308
-76.3554
-80.1341
-83.5913
-86.6605
-89.2666
-91.3423
-92.8005
-93.6139
-93.7772
-93.2455
-91.9469
-89.8121
-86.8075
-82.8756
-77.9145
-71.8791
-64.7556
-56.6614
-47.798
-38.4604
-28.9676
-20.2835
17.067
21.2589
25.8074
30.478
34.7827
38.7949
42.3449
45.1728
47.2572
48.7166
49.6351
50.1177
50.2822
50.2099
49.9622
49.5783
49.0803
48.4771
47.7656
46.9322
45.9548
44.8017
43.4274
41.7925
39.9067
37.8162
35.5582
33.1706
30.7049
28.2183
25.7786
23.4722
21.3919
19.6299
18.2623
17.3647
17.0035
17.2271
17.9278
11.5479
7.0287
1.83089
-3.71735
-9.13972
-14.8363
-20.5494
-26.096
-31.549
-36.8104
-41.8577
-46.7284
-51.4038
-55.899
-60.2244
-64.3723
-68.3295
-72.0726
-75.5631
-78.7545
-81.5861
-83.9902
-85.9063
-87.2596
-88.0283
-88.2129
-87.7737
-86.6445
-84.7616
-82.0898
-78.5766
-74.1297
-68.693
-62.2412
-54.8611
-46.7157
-38.0661
-29.1996
-20.9461
15.7672
19.7628
24.1032
28.5643
32.6797
36.5212
39.9264
42.645
44.6554
46.0712
46.9725
47.4588
47.6433
47.6044
47.4009
47.0716
46.6386
46.1117
45.4892
44.7598
43.9041
42.8935
41.6861
40.2449
38.5763
36.7206
34.7088
32.5717
30.3525
28.1005
25.8744
23.7497
21.8098
20.139
18.8093
17.8889
17.4382
17.4979
17.9764
10.5426
6.24287
1.30122
-3.9661
-9.10545
-14.4976
-19.8961
-25.1269
-30.2598
-35.2023
-39.9334
-44.4891
-48.8525
-53.0384
-57.0581
-60.9048
-64.5684
-68.028
-71.2497
-74.1918
-76.8004
-79.0134
-80.777
-82.0272
-82.7471
-82.9429
-82.5794
-81.5959
-79.9343
-77.5593
-74.4232
-70.4431
-65.5567
-59.7291
-53.0207
-45.5595
-37.5711
-29.309
-21.4971
14.5614
18.37
22.5114
26.7725
30.7071
34.3853
37.6516
40.2654
42.2046
43.5782
44.4622
44.9512
45.1536
45.1448
44.9814
44.7014
44.3266
43.8678
43.3246
42.6877
41.9404
41.0565
39.9984
38.7313
37.2593
35.617
33.8304
31.9243
29.9343
27.9025
25.8795
23.9304
22.1295
20.5532
19.2684
18.336
17.8107
17.7262
18.0062
9.61643
5.52559
0.828009
-4.17218
-9.04305
-14.1464
-19.2472
-24.1801
-29.0117
-33.6542
-38.0887
-42.3494
-46.4212
-50.319
-54.0537
-57.6203
-61.0106
-64.2063
-67.1775
-69.8869
-72.286
-74.3191
-75.9378
-77.0879
-77.7574
-77.9564
-77.6542
-76.7961
-75.3289
-73.2179
-70.42
-66.8622
-62.4788
-57.2285
-51.1481
-44.3352
-36.9797
-29.301
-21.9364
13.444
17.074
21.0257
25.0954
28.8572
32.379
35.5123
38.0255
39.8963
41.2292
42.0961
42.5867
42.8051
42.8236
42.6965
42.4608
42.1385
41.7406
41.2681
40.7134
40.0622
39.2913
38.3664
37.2553
35.9605
34.5116
32.9301
31.2358
29.4577
27.6313
25.7998
24.019
22.3544
20.8744
19.6401
18.7059
18.1204
17.9113
18.0164
8.76428
4.87258
0.407332
-4.33872
-8.95463
-13.7843
-18.6033
-23.2547
-27.8022
-32.1628
-36.3187
-40.3034
-44.1028
-47.7316
-51.2011
-54.5072
-57.6433
-60.5936
-63.3316
-65.8239
-68.0271
-69.8914
-71.3733
-72.4274
-73.0458
-73.2417
-72.9894
-72.2391
-70.9425
-69.0662
-66.5712
-63.3932
-59.4673
-54.7478
-49.2516
-43.0497
-36.2972
-29.1808
-22.2646
12.4094
15.8691
19.6394
23.5264
27.1227
30.495
33.5008
35.9175
37.7226
39.016
39.8659
40.3574
40.5899
40.6331
40.5388
40.3433
40.0681
39.7247
39.3152
38.8337
38.2679
37.5973
36.7912
35.8196
34.6839
33.4095
32.0141
30.513
28.9298
27.2938
25.6417
24.021
22.4886
21.1051
19.9259
18.9989
18.367
18.0523
18.0059
7.9814
4.27948
0.035596
-4.46871
-8.84263
-13.4127
-17.9649
-22.3505
-26.6301
-30.7254
-34.6201
-38.3463
-41.8909
-45.2689
-48.4912
-51.5549
-54.4547
-57.177
-59.6982
-61.9885
-64.0091
-65.7153
-67.0687
-68.0312
-68.5989
-68.7876
-68.5756
-67.9178
-66.7709
-65.1028
-62.8784
-60.0414
-56.5297
-52.2955
-47.3397
-41.7105
-35.53
-28.9541
-22.4834
11.4526
14.7496
18.3467
22.0588
25.4971
28.726
31.6096
33.9338
35.6758
36.931
37.7641
38.2557
38.5007
38.5662
38.5017
38.3422
38.1094
37.8149
37.4615
37.0451
36.555
35.9735
35.2728
34.426
33.4328
32.3152
31.0878
29.7623
28.3572
26.8968
25.4117
23.9421
22.5369
21.2491
20.1282
19.2164
18.5509
18.1491
17.9738
7.26321
3.74227
-0.290736
-4.56501
-8.70904
-13.0331
-17.3325
-21.467
-25.4941
-29.3397
-32.9891
-36.473
-39.7797
-42.9235
-45.9157
-48.754
-51.4342
-53.9447
-56.2646
-58.3672
-60.2179
-61.7765
-63.0098
-63.8858
-64.404
-64.5822
-64.4027
-63.8246
-62.809
-61.3256
-59.3426
-56.8109
-53.6726
-49.8796
-45.4208
-40.3254
-34.6852
-28.6269
-22.5958
10.5684
13.7102
17.1416
20.6866
23.9736
27.0652
29.8319
32.0671
33.7484
34.9666
35.7832
36.274
36.5303
36.6157
36.5781
36.4513
36.2565
36.0057
35.7024
35.3436
34.9208
34.4183
33.8113
33.0753
32.2095
31.2324
30.1561
28.9893
27.7463
26.4468
25.1164
23.7884
22.5044
21.3105
20.2503
19.3604
18.6731
18.2015
17.9189
6.60551
3.25701
-0.574936
-4.63043
-8.55596
-12.6466
-16.7069
-20.6041
-24.3928
-28.0035
-31.4226
-34.6796
-37.7638
-40.6892
-43.467
-46.0957
-48.5722
-50.8862
-53.0192
-54.9477
-56.6404
-58.062
-59.1831
-59.9778
-60.4483
-60.6138
-60.4604
-59.9512
-59.0509
-57.7312
-55.9634
-53.7045
-50.9016
-47.508
-43.5041
-38.9031
-33.7706
-28.2062
-22.6056
9.75227
12.7459
16.0189
19.4041
22.5462
25.5065
28.1608
30.3107
31.9335
33.116
33.9162
34.4056
34.6715
34.775
34.7615
34.6641
34.5036
34.2917
34.0331
33.7257
33.3625
32.9297
32.4057
31.7683
31.0159
30.1643
29.2232
28.1991
27.1029
25.9502
24.762
23.5659
22.3967
21.2941
20.2958
19.4338
18.7353
18.2098
17.8403
6.0042
2.82014
-0.820276
-4.66749
-8.38564
-12.2548
-16.0885
-19.7614
-23.3255
-26.7151
-29.9179
-32.9622
-35.8385
-38.5602
-41.1383
-43.5721
-45.8594
-47.9911
-49.9512
-51.7183
-53.2647
-54.5591
-55.5761
-56.2949
-56.7197
-56.8712
-56.7384
-56.2888
-55.4898
-54.3156
-52.7395
-50.7242
-48.2218
-45.1882
-41.5982
-37.4528
-32.7949
-27.6997
-22.5178
8.99977
11.8518
14.9734
18.2056
21.2092
24.0435
26.59
28.658
30.2245
31.3723
32.1562
32.6436
32.9179
33.0375
33.0458
32.9748
32.8449
32.6679
32.4489
32.187
31.8764
31.5055
31.0551
30.505
29.8532
29.1131
28.2927
27.3965
26.4325
25.413
24.3549
23.2808
22.2198
21.2051
20.2693
19.4398
18.7395
18.1747
17.7369
5.45548
2.42822
-1.02973
-4.67871
-8.1999
-11.8589
-15.4781
-18.939
-22.2913
-25.4728
-28.4725
-31.3175
-33.9994
-36.531
-38.9234
-41.176
-43.2878
-45.2507
-47.0504
-48.6682
-50.0794
-51.2562
-52.1767
-52.8246
-53.2062
-53.343
-53.2267
-52.8283
-52.1186
-51.0733
-49.6684
-47.8704
-45.637
-42.9269
-39.712
-35.9841
-31.7677
-27.1158
-22.3388
8.30677
11.0235
14.0003
17.0861
19.957
22.6706
25.1137
27.1028
28.615
29.7292
30.4969
30.9817
31.2631
31.3971
31.4248
31.3777
31.2752
31.1291
30.9453
30.7237
30.4597
30.1434
29.7577
29.2848
28.7222
28.0811
27.3679
26.5856
25.7401
24.8408
23.9011
22.9395
21.9795
21.0489
20.1754
19.3822
18.6882
18.0971
17.6079
4.95573
2.07799
-1.20605
-4.66639
-8.00044
-11.4601
-14.8762
-18.1368
-21.2893
-24.2749
-27.084
-29.7424
-32.2424
-34.5968
-36.8163
-38.9007
-40.8496
-42.6561
-44.3077
-45.7875
-47.0738
-48.1421
-48.9735
-49.5558
-49.8968
-50.0186
-49.9151
-49.5609
-48.9295
-47.9988
-46.7466
-45.1428
-43.1498
-40.73
-37.8539
-34.507
-30.6989
-26.4641
-22.0761
7.66926
10.2567
13.095
16.0407
18.7845
21.3823
23.726
25.6393
27.0991
28.1806
28.9322
29.4138
29.7012
29.8478
29.893
29.867
29.7889
29.6705
29.5179
29.3319
29.1089
28.8405
28.512
28.1072
27.6234
27.0697
26.4514
25.7703
25.0305
24.2391
23.4068
22.548
21.6819
20.8313
20.0192
19.2652
18.5843
17.9784
17.4527
4.50149
1.76636
-1.35198
-4.63275
-7.789
-11.0596
-14.2833
-17.3547
-20.3187
-23.1201
-25.7502
-28.2337
-30.5639
-32.7531
-34.8115
-36.7398
-38.5377
-40.1996
-41.7142
-43.0669
-44.238
-45.2064
-45.9558
-46.4774
-46.7805
-46.8872
-46.7937
-46.4774
-45.9149
-45.086
-43.9699
-42.5397
-40.7619
-38.6023
-36.0315
-33.0308
-29.5989
-25.7541
-21.7378
7.08353
9.54741
12.253
15.0647
17.6867
20.1734
22.4216
24.2619
25.6711
26.7206
27.4562
27.9339
28.2262
28.3839
28.4446
28.4375
28.3812
28.2874
28.1623
28.0076
27.8207
27.5945
27.3161
26.9713
26.5568
26.0801
25.5455
24.9539
24.3081
23.6132
22.8775
22.1124
21.3331
20.5581
19.806
19.093
18.4309
17.82
17.2709
4.08951
1.4904
-1.46997
-4.57986
-7.56718
-10.6584
-13.7001
-16.5927
-19.3789
-22.0069
-24.4691
-26.7889
-28.9604
-30.9955
-32.9043
-34.6876
-36.3457
-37.8738
-39.262
-40.4974
-41.5626
-42.4391
-43.1134
-43.5793
-43.8471
-43.939
-43.8531
-43.5693
-43.0672
-42.3284
-41.3338
-40.059
-38.4738
-36.5473
-34.2513
-31.5645
-28.4774
-24.996
-21.3325
6.54594
8.89172
11.4703
14.1535
16.659
19.039
21.1954
22.9653
24.3254
25.3438
26.0633
26.5366
26.8327
27.0001
27.0746
27.0842
27.0473
26.9751
26.8744
26.7472
26.5919
26.4026
26.1682
25.876
25.5223
25.1133
24.6522
24.1395
23.5768
22.9678
22.3188
21.6386
20.9391
20.235
19.5411
18.8703
18.2317
17.6241
17.0626
3.71663
1.24729
-1.56248
-4.50967
-7.33649
-10.2575
-13.1268
-15.8504
-18.4691
-20.9341
-23.2385
-25.4052
-27.4284
-29.32
-31.0896
-32.7384
-34.2671
-35.6716
-36.9433
-38.0708
-39.0388
-39.8311
-40.4366
-40.8514
-41.0866
-41.1644
-41.0839
-40.828
-40.3788
-39.7197
-38.8334
-37.6974
-36.2849
-34.5676
-32.5186
-30.1158
-27.3437
-24.1991
-20.8684
6.05302
8.2859
10.7429
13.3031
15.6967
17.9744
20.0424
21.7444
23.057
24.045
24.7483
25.2165
25.5153
25.6911
25.7778
25.8023
25.7824
25.7294
25.6501
25.5471
25.4195
25.2624
25.0664
24.8201
24.5197
24.17
23.7734
23.33
22.8405
22.3076
21.736
21.1324
20.5059
19.8678
19.2299
18.6018
17.9904
17.3929
16.8283
3.37983
1.03434
-1.63183
-4.42416
-7.09846
-9.85794
-12.5639
-15.1278
-17.5885
-19.9002
-22.0567
-24.0798
-25.9646
-27.7226
-29.3629
-30.8871
-32.2961
-33.5866
-34.7509
-35.7792
-36.6582
-37.3735
-37.9162
-38.2844
-38.4899
-38.5541
-38.4774
-38.2454
-37.8423
-37.2536
-36.4635
-35.4516
-34.1937
-32.6641
-30.8373
-28.6911
-26.2061
-23.3722
-20.3536
5.60153
7.72646
10.0671
12.5095
14.7957
16.9752
18.9582
20.5947
21.8613
22.8193
23.5064
23.9688
24.2693
24.4521
24.5493
24.587
24.5823
24.5462
24.4857
24.4039
24.3003
24.1713
24.0087
23.8025
23.5487
23.2506
22.9104
22.5276
22.1025
21.6369
21.1341
20.5993
20.0392
19.4624
18.8778
18.2924
17.7108
17.1292
16.569
3.0763
0.848992
-1.68023
-4.32515
-6.8545
-9.46068
-12.0118
-14.4249
-16.7366
-18.9039
-20.9216
-22.8104
-24.5661
-26.1996
-27.7198
-29.1285
-30.427
-31.6123
-32.6781
-33.6154
-34.4129
-35.058
-35.5435
-35.8695
-36.0477
-36.0992
-36.0254
-35.8138
-35.4508
-34.9241
-34.2193
-33.3181
-32.1986
-30.8372
-29.2103
-27.2955
-25.0717
-22.5233
-19.7958
5.18845
7.21014
9.43941
11.769
13.9524
16.0374
17.9386
19.5118
20.7336
21.6622
22.3329
22.7889
23.0901
23.2785
23.3848
23.434
23.4426
23.4215
23.3775
23.3141
23.2316
23.1269
22.9935
22.822
22.6086
22.3556
22.0645
21.7346
21.366
20.9595
20.5177
20.0444
19.5445
19.0244
18.4902
17.947
17.397
16.8357
16.2862
2.8034
0.688876
-1.70987
-4.21442
-6.60601
-9.06674
-11.4713
-13.7417
-15.9127
-17.9442
-19.8316
-21.5947
-23.2298
-24.7474
-26.1562
-27.4579
-28.6543
-29.7428
-30.718
-31.5721
-32.2951
-32.8764
-33.3102
-33.5979
-33.7516
-33.7915
-33.7197
-33.5255
-33.1976
-32.7252
-32.0959
-31.2932
-30.2973
-29.0868
-27.6394
-25.9335
-23.9465
-21.6597
-19.2019
4.81091
6.73401
8.8568
11.0783
13.1631
15.1575
16.9798
18.4918
19.6701
20.5697
21.2237
21.6727
21.9735
22.1663
22.2802
22.3394
22.3596
22.3515
22.322
22.2747
22.2104
22.1269
22.0186
21.8774
21.6991
21.4852
21.2367
20.9529
20.6335
20.279
19.8912
19.4727
19.0272
18.559
18.0724
17.5703
17.0532
16.5155
15.9817
2.55873
0.551767
-1.72259
-4.09359
-6.35433
-8.67704
-10.9428
-13.0782
-15.1166
-17.0202
-18.7853
-20.4305
-21.953
-23.3627
-24.668
-25.8709
-26.9729
-27.9724
-28.8645
-29.6425
-30.2977
-30.8211
-31.2082
-31.4616
-31.5933
-31.6227
-31.5523
-31.3733
-31.076
-30.6514
-30.0887
-29.3735
-28.4878
-27.4121
-26.1259
-24.6081
-22.8357
-20.7879
-18.579
4.46641
6.29534
8.31636
10.4344
12.4247
14.332
16.0783
17.5312
18.667
19.538
20.1751
20.6163
20.9156
21.1116
21.2318
21.2993
21.3296
21.3328
21.3159
21.2826
21.2342
21.169
21.0824
20.9673
20.8195
20.6394
20.4278
20.1841
19.9077
19.5988
19.2585
18.8888
18.4922
18.0716
17.6294
17.167
16.6834
16.1719
15.6577
2.34013
0.435695
-1.72018
-3.96415
-6.10058
-8.29234
-10.4266
-12.4346
-14.3478
-16.131
-17.7811
-19.3161
-20.7333
-22.0425
-23.2517
-24.3629
-25.378
-26.2956
-27.1116
-27.8201
-28.4137
-28.8847
-29.2299
-29.4525
-29.5646
-29.5848
-29.5157
-29.35
-29.0797
-28.6971
-28.1933
-27.5555
-26.7678
-25.8125
-24.6707
-23.3222
-21.7439
-19.9138
-17.9335
4.15259
5.89161
7.81543
9.83453
11.7342
13.5578
15.2308
16.6263
17.7207
18.5634
19.1834
19.6162
19.9132
20.1111
20.2362
20.3106
20.3494
20.3623
20.3562
20.3351
20.3004
20.251
20.1832
20.0907
19.969
19.8182
19.6386
19.4297
19.1907
18.9215
18.6231
18.2967
17.944
17.5667
17.1659
16.7416
16.2914
15.808
15.3163
2.14559
0.338894
-1.70416
-3.82733
-5.84573
-7.91332
-9.92314
-11.8106
-13.6059
-15.2758
-16.818
-18.2496
-19.5684
-20.7839
-21.9037
-22.9301
-23.865
-24.7072
-25.4535
-26.0987
-26.6364
-27.0601
-27.3677
-27.563
-27.658
-27.6701
-27.6024
-27.4486
-27.2022
-26.8568
-26.4049
-25.8358
-25.1351
-24.2871
-23.2744
-22.078
-20.6748
-19.0427
-17.2719
3.86722
5.52044
7.35139
9.27578
11.0885
12.8316
14.4338
15.7738
16.8277
17.6425
18.2452
18.6691
18.9629
19.1617
19.2903
19.3704
19.4162
19.4372
19.4404
19.4296
19.4066
19.3708
19.3192
19.2461
19.1471
19.0216
18.8696
18.6907
18.4842
18.2499
17.9882
17.7002
17.3867
17.0488
16.6864
16.2982
15.8811
15.4269
14.9601
1.97324
0.259736
-1.67587
-3.68413
-5.59047
-7.54038
-9.4324
-11.2061
-12.8901
-14.4534
-15.8943
-17.2291
-18.4561
-19.5842
-20.6211
-21.5689
-22.4296
-23.2026
-23.8849
-24.4724
-24.9594
-25.3406
-25.6146
-25.7857
-25.8657
-25.8711
-25.805
-25.6622
-25.4371
-25.1248
-24.7191
-24.2108
-23.5873
-22.8348
-21.9373
-20.8772
-19.632
-18.1795
-16.5999
3.60817
5.17938
6.92152
8.75519
10.4844
12.1501
13.684
14.9701
15.9844
16.7717
17.3571
17.7716
18.0616
18.2603
18.3915
18.4759
18.5273
18.5551
18.5659
18.5639
18.5509
18.5267
18.4889
18.4325
18.353
18.2492
18.1211
17.9683
17.79
17.586
17.3566
17.1025
16.8241
16.5218
16.1947
15.8408
15.4559
15.0314
14.5911
1.82117
0.196631
-1.63657
-3.53552
-5.33546
-7.17374
-8.95428
-10.6206
-12.1997
-13.6628
-15.0086
-16.2528
-17.3939
-18.4408
-19.4005
-20.2755
-21.0678
-21.7771
-22.4009
-22.9357
-23.3768
-23.7197
-23.9637
-24.1136
-24.1807
-24.1805
-24.1163
-23.9837
-23.778
-23.4955
-23.131
-22.6766
-22.1218
-21.4542
-20.6594
-19.7211
-18.6181
-17.3282
-15.9228
3.37321
4.86595
6.52302
8.26963
9.91862
11.5098
12.9777
14.2117
15.1874
15.9475
16.5157
16.9205
17.2061
17.4039
17.5368
17.6245
17.6805
17.7136
17.7308
17.736
17.7313
17.7169
17.6909
17.6487
17.586
17.5009
17.3935
17.2632
17.1094
16.9319
16.7308
16.5066
16.2595
15.9892
15.6946
15.3728
15.0191
14.6244
14.2116
1.68744
0.147945
-1.58756
-3.38247
-5.08129
-6.81368
-8.48866
-10.0535
-11.5337
-12.9026
-14.1592
-15.3185
-16.3795
-17.3506
-18.2388
-19.0464
-19.7756
-20.4263
-20.9966
-21.4834
-21.8829
-22.1913
-22.4087
-22.54
-22.5961
-22.5915
-22.5295
-22.4065
-22.2186
-21.9629
-21.6353
-21.2292
-20.7354
-20.1433
-19.44
-18.6106
-17.6351
-16.4921
-15.2448
3.1601
4.57757
6.15305
7.81597
9.38768
10.907
12.3114
13.495
14.4331
15.1667
15.7178
16.1127
16.3933
16.5897
16.7235
16.8137
16.8733
16.9109
16.9331
16.9442
16.9464
16.9401
16.9239
16.8938
16.8453
16.7764
16.6868
16.5761
16.4436
16.2892
16.113
15.9151
15.6958
15.4544
15.1894
14.8975
14.5736
14.2082
13.8234
1.57
0.111877
-1.53031
-3.22611
-4.82874
-6.46057
-8.03551
-9.50432
-10.8913
-12.1714
-13.3444
-14.4242
-15.4103
-16.311
-17.1327
-17.8779
-18.549
-19.1459
-19.6672
-20.1103
-20.4722
-20.7497
-20.9435
-21.0585
-21.1052
-21.0973
-21.0379
-20.924
-20.7525
-20.5212
-20.2268
-19.8639
-19.4247
-18.8998
-18.278
-17.5458
-16.6843
-15.6735
-14.5692
2.96658
4.31185
5.80894
7.39127
8.88846
10.3386
11.6816
12.817
13.7186
14.4265
14.9607
15.3453
15.6203
15.8146
15.9488
16.0409
16.1033
16.1445
16.1709
16.1868
16.1946
16.195
16.1869
16.167
16.1306
16.0755
16.0013
15.9075
15.7937
15.6595
15.505
15.3304
15.1357
14.9202
14.682
14.4177
14.122
13.7852
13.4283
1.46685
0.0865478
-1.46653
-3.06785
-4.57889
-6.11513
-7.59512
-8.97304
-10.2718
-11.4683
-12.5625
-13.5678
-14.484
-15.3189
-16.0788
-16.7663
-17.3837
-17.9313
-18.408
-18.8115
-19.1394
-19.3892
-19.562
-19.6629
-19.7018
-19.6915
-19.6351
-19.53
-19.3737
-19.1647
-18.9004
-18.5763
-18.1857
-17.7208
-17.1715
-16.5259
-15.7664
-14.8743
-13.8987
2.79055
4.06655
5.48839
6.9931
8.41842
9.80187
11.0858
12.1748
13.0411
13.7242
14.242
14.6161
14.8848
15.0762
15.2099
15.3032
15.3679
15.4121
15.4421
15.462
15.4744
15.4802
15.4789
15.4674
15.4412
15.3979
15.3369
15.2579
15.1604
15.0439
14.9085
14.7545
14.5816
14.3891
14.1752
13.9363
13.6669
13.3575
13.0277
1.37624
0.0702522
-1.39779
-2.90907
-4.33293
-5.7783
-7.16807
-8.45974
-9.67482
-10.7923
-11.8123
-12.7476
-13.5984
-14.372
-15.0744
-15.7082
-16.276
-16.7783
-17.2142
-17.5819
-17.8791
-18.1043
-18.2586
-18.3472
-18.3796
-18.3678
-18.3147
-18.2181
-18.0762
-17.8877
-17.6507
-17.3615
-17.0146
-16.6032
-16.1185
-15.55
-14.8815
-14.0954
-13.2354
2.63024
3.83991
5.1896
6.61954
7.97562
9.29484
10.5218
11.5663
12.3982
13.0577
13.5599
13.9232
14.1848
14.3723
14.5045
14.5981
14.6644
14.711
14.744
14.7675
14.7838
14.7943
14.7986
14.7941
14.7766
14.7432
14.6936
14.6275
14.5442
14.4433
14.3249
14.189
14.0355
13.8636
13.6715
13.4557
13.2107
12.9271
12.6235
1.29673
0.0616463
-1.32539
-2.75086
-4.09173
-5.4507
-6.75475
-7.96459
-9.10025
-10.1429
-11.0929
-11.9623
-12.7518
-13.4682
-14.1169
-14.7006
-15.2222
-15.6827
-16.0812
-16.4162
-16.6861
-16.8893
-17.0274
-17.1056
-17.1328
-17.1202
-17.0706
-16.9824
-16.854
-16.6845
-16.4726
-16.2151
-15.9074
-15.5437
-15.1165
-14.6165
-14.0289
-13.3374
-12.5807
2.48422
3.63043
4.91105
6.26916
7.55869
8.8161
9.98805
10.9897
11.7879
12.4254
12.9127
13.2652
13.5191
13.7017
13.8312
13.9239
13.9907
14.0389
14.0742
14.1007
14.1206
14.1351
14.1444
14.146
14.1358
14.111
14.0712
14.0161
13.9453
13.8582
13.7548
13.6351
13.499
13.3456
13.1732
12.9783
12.7558
12.4963
12.2174
1.22725
0.0597278
-1.25018
-2.59394
-3.85593
-5.13269
-6.35531
-7.48751
-8.54762
-9.5196
-10.4031
-11.2105
-11.943
-12.6061
-13.2045
-13.7413
-14.2199
-14.6413
-15.0051
-15.3101
-15.555
-15.7387
-15.8627
-15.9321
-15.9553
-15.9427
-15.897
-15.817
-15.7015
-15.5499
-15.3611
-15.1325
-14.8602
-14.5392
-14.1632
-13.7239
-13.2081
-12.6007
-11.9359
2.35136
3.43707
4.65186
5.9411
7.16696
8.365
9.48362
10.4436
11.2079
11.825
12.2987
12.6404
12.8863
13.0634
13.1892
13.2796
13.3454
13.3939
13.4306
13.4593
13.4822
13.5005
13.5143
13.5215
13.5179
13.5006
13.4693
13.4237
13.3636
13.2885
13.1984
13.0932
12.9727
12.8362
12.6817
12.506
12.3042
12.0671
11.8114
1.16714
0.0637003
-1.17291
-2.43905
-3.62594
-4.82483
-5.97006
-7.02852
-8.01669
-8.92202
-9.74167
-10.49
-11.1695
-11.7832
-12.3347
-12.828
-13.2666
-13.6516
-13.9828
-14.2597
-14.4815
-14.6473
-14.7588
-14.8208
-14.841
-14.829
-14.7874
-14.7155
-14.6124
-14.4777
-14.3107
-14.109
-13.869
-13.5866
-13.2563
-12.8708
-12.4184
-11.8856
-11.3023
2.23096
3.25919
4.41146
5.63516
6.80056
7.94182
9.00882
9.9276
10.6551
11.2533
11.715
12.0461
12.2842
12.4559
12.5776
12.6646
12.728
12.7753
12.812
12.8419
12.8671
12.8887
12.9068
12.9194
12.9221
12.9117
12.8879
12.8506
12.7995
12.7347
12.6561
12.5637
12.4573
12.336
12.1979
12.04
11.8573
11.6411
11.4071
1.11623
0.0736142
-1.0934
-2.28588
-3.40156
-4.52679
-5.59863
-6.58746
-7.50745
-8.35059
-9.10756
-9.79868
-10.4287
-10.9963
-11.5041
-11.9572
-12.3593
-12.7108
-13.0115
-13.2618
-13.4615
-13.6106
-13.7109
-13.7666
-13.7847
-13.7738
-13.7366
-13.6724
-13.581
-13.4624
-13.3159
-13.1395
-12.9296
-12.6826
-12.3935
-12.056
-11.6597
-11.1924
-10.681
2.12259
3.09606
4.18904
5.35018
6.45826
7.54517
8.56305
9.44163
10.1285
10.7087
11.159
11.4795
11.7103
11.8772
11.995
12.0781
12.1378
12.1823
12.2174
12.2469
12.2732
12.2975
12.3197
12.3377
12.3467
12.3434
12.3267
12.2968
12.2537
12.1976
12.1287
12.0474
11.9534
11.8459
11.723
11.5815
11.4167
11.2199
11.0062
1.07491
0.0905669
-1.00977
-2.13193
-3.17987
-4.23514
-5.23787
-6.16154
-7.01786
-7.80239
-8.50015
-9.13886
-9.72276
-10.2456
-10.7112
-11.1272
-11.4962
-11.8169
-12.0889
-12.3135
-12.4916
-12.6243
-12.7138
-12.7638
-12.7806
-12.7715
-12.7388
-12.6822
-12.6018
-12.4982
-12.3711
-12.2184
-12.0371
-11.823
-11.5717
-11.2775
-10.931
-10.5216
-10.0734
2.02604
2.94686
3.98211
5.08244
6.13488
7.16822
8.13908
8.9796
9.63097
10.1966
10.6337
10.941
11.164
11.327
11.4413
11.5202
11.5755
11.6156
11.6471
11.6743
11.7
11.7256
11.7512
11.7744
11.7901
11.794
11.7847
11.762
11.7261
11.6774
11.6167
11.5446
11.4613
11.3661
11.257
11.1309
10.9829
10.8044
10.6095
1.0422
0.113764
-0.922134
-1.9768
-2.95946
-3.94722
-4.88341
-5.74565
-6.54194
-7.27091
-7.91311
-8.51133
-9.05575
-9.53226
-9.95474
-10.3362
-10.676
-10.9692
-11.2146
-11.4143
-11.5707
-11.6863
-11.7641
-11.8083
-11.8239
-11.8172
-11.7896
-11.7404
-11.6702
-11.5805
-11.4712
-11.3407
-11.1862
-11.0033
-10.7872
-10.5325
-10.2307
-9.87261
-9.48004
1.94027
2.81013
3.78889
4.82892
5.82583
6.80403
7.72778
8.5281
9.15563
9.72065
10.1423
10.4303
10.6443
10.8046
10.9168
10.9927
11.0439
11.0791
11.1055
11.1284
11.1513
11.1761
11.2034
11.2309
11.2529
11.2643
11.2627
11.2475
11.2186
11.1766
11.1228
11.0583
10.9838
10.899
10.8022
10.6901
10.5577
10.3965
10.2191
1.01948
0.134052
-0.852758
-1.85119
-2.77617
-3.69912
-4.56216
-5.34961
-6.06087
-6.71549
-7.25173
-7.84138
-8.39243
-8.84924
-9.25156
-9.62386
-9.95949
-10.2477
-10.486
-10.6768
-10.8237
-10.9306
-11.0018
-11.0426
-11.0587
-11.0551
-11.0327
-10.9898
-10.9277
-10.8486
-10.7505
-10.6356
-10.5007
-10.3408
-10.1507
-9.92476
-9.655
-9.3331
-8.97918
1.87712
2.70633
3.64102
4.62663
5.56855
6.48142
7.33241
8.04453
8.60529
9.24326
9.68468
9.96719
10.1843
10.3535
10.4732
10.5537
10.6069
10.6419
10.6664
10.6868
10.7076
10.7316
10.7601
10.7911
10.8187
10.837
10.8428
10.8346
10.8121
10.7756
10.7267
10.6671
10.5978
10.5193
10.4302
10.3273
10.2058
10.0568
9.89211
1.00313
0.152544
-0.793155
-1.74329
-2.61537
-3.47435
-4.26181
-4.96553
-5.57606
-6.13946
-6.53236
-7.14277
-7.73178
-8.18746
-8.58493
-8.96384
-9.31084
-9.60888
-9.85367
-10.0474
-10.1941
-10.2992
-10.3687
-10.4092
-10.4272
-10.4275
-10.4104
-10.3733
-10.3181
-10.2475
-10.1558
-10.0511
-9.93011
-9.78696
-9.61584
-9.41111
-9.16483
-8.86878
-8.54191
1.82786
2.62358
3.51899
4.45364
5.33931
6.17844
6.94031
7.54376
8.01238
8.7598
9.24812
9.53706
9.76448
9.94917
10.0824
10.173
10.2332
10.2724
10.2986
10.3188
10.3387
10.3624
10.3917
10.4253
10.4575
10.4815
10.4937
10.492
10.4755
10.4443
10.3998
10.3438
10.2781
10.2034
10.119
10.0221
9.90783
9.76728
9.61146
0.988122
0.172702
-0.73159
-1.63339
-2.45314
-3.24894
-3.9632
-4.58538
-5.10089
-5.57475
-5.83323
-6.45179
-7.07048
-7.52264
-7.91091
-8.29133
-8.64675
-8.95399
-9.20618
-9.40442
-9.55253
-9.65634
-9.72407
-9.76339
-9.78229
-9.78568
-9.77407
-9.74342
-9.69592
-9.63475
-9.54985
-9.45531
-9.34831
-9.22196
-9.07029
-8.88757
-8.66568
-8.39638
-8.09925
1.77933
2.54136
3.39692
4.28047
5.11078
5.87614
6.55251
7.05381
7.42972
8.26607
8.80384
9.10032
9.33448
9.53224
9.67899
9.781
9.8504
9.89609
9.92597
9.94746
9.96702
9.98962
10.0184
10.0529
10.0877
10.116
10.1339
10.1388
10.1291
10.1043
10.0653
10.0139
9.95213
9.88124
9.80103
9.70933
9.60165
9.4693
9.32285
0.974159
0.19374
-0.669202
-1.52317
-2.29144
-3.0253
-3.66925
-4.21186
-4.63835
-5.02018
-5.15903
-5.77169
-6.40817
-6.85571
-7.23268
-7.60956
-7.96925
-8.28382
-8.54349
-8.74768
-8.89906
-9.00311
-9.06945
-9.10708
-9.12565
-9.13084
-9.12368
-9.09887
-9.05894
-9.00665
-8.92772
-8.84179
-8.74683
-8.63552
-8.50217
-8.34115
-8.14393
-7.9011
-7.62857
1.73183
2.46061
3.27627
4.10911
4.88497
5.57606
6.17098
6.57327
6.86115
7.76232
8.34984
8.65802
8.8969
9.10462
9.26342
9.37705
9.457
9.51147
9.54762
9.57265
9.59334
9.61544
9.64318
9.67726
9.71295
9.74379
9.76594
9.77667
9.77375
9.75604
9.72371
9.67815
9.62128
9.55458
9.47845
9.39143
9.28964
9.16492
9.02771
0.961542
0.215523
-0.606448
-1.41319
-2.13083
-2.80401
-3.38041
-3.84538
-4.18903
-4.47582
-4.51199
-5.10542
-5.74608
-6.18682
-6.55137
-6.92042
-7.27945
-7.59819
-7.86424
-8.07508
-8.23151
-8.33822
-8.40473
-8.44184
-8.46079
-8.46844
-8.46678
-8.44963
-8.41978
-8.37912
-8.30923
-8.23408
-8.1523
-8.05651
-7.94155
-7.80215
-7.63015
-7.417
-7.18257
1.6862
2.38253
3.15875
3.94173
4.66408
5.2799
5.79706
6.09927
6.30512
7.24865
7.88339
8.20841
8.45289
8.6686
8.8371
8.96061
9.05062
9.11511
9.16009
9.19175
9.21644
9.24016
9.26783
9.3014
9.33701
9.36897
9.3939
9.40924
9.41251
9.40188
9.37681
9.33803
9.28701
9.22524
9.15351
9.07097
8.97458
8.85686
8.72853
0.950483
0.237853
-0.54404
-1.30418
-1.97194
-2.58531
-3.09655
-3.4859
-3.7531
-3.94257
-3.89267
-4.4541
-5.08456
-5.51552
-5.86732
-6.2253
-6.5788
-6.89761
-7.16773
-7.38496
-7.548
-7.65963
-7.72793
-7.76431
-7.78111
-7.78724
-7.78611
-7.77139
-7.74627
-7.7119
-7.64655
-7.57793
-7.50519
-7.42122
-7.32184
-7.20233
-7.05345
-6.86264
-6.63637
1.64322
2.30837
3.0459
3.78062
4.45016
4.98971
5.43241
5.62949
5.75738
6.72503
7.40238
7.74775
8.00013
8.22473
8.40311
8.53529
8.63325
8.7061
8.7599
8.79989
8.83136
8.85964
8.8897
8.92396
8.95948
8.99169
9.01821
9.0372
9.04622
9.04303
9.02638
8.99615
8.95301
8.89799
8.83193
8.75436
8.663
8.55099
8.42852
0.941254
0.260242
-0.483234
-1.19806
-1.81651
-2.37078
-2.81836
-3.13398
-3.33073
-3.42168
-3.30152
-3.81854
-4.42443
-4.84164
-5.18014
-5.52455
-5.8682
-6.18241
-6.45298
-6.67503
-6.84595
-6.96648
-7.04378
-7.08901
-7.11458
-7.1295
-7.13864
-7.13616
-7.12612
-7.10903
-7.0589
-7.00594
-6.94947
-6.88213
-6.80054
-6.70165
-6.57973
-6.4296
-6.27735
1.6039
2.23956
2.93962
3.62817
4.24457
4.70563
5.07506
5.15741
5.2085
6.19013
6.90798
7.27497
7.5339
7.76572
7.95541
8.09987
8.20883
8.29095
8.35309
8.40105
8.44
8.47463
8.50944
8.54637
8.5825
8.61401
8.63989
8.65958
8.67146
8.67355
8.66438
8.64323
8.61005
8.56513
8.50873
8.4403
8.35814
8.25728
8.15146
0.933719
0.281827
-0.426071
-1.09813
-1.66886
-2.16539
-2.54993
-2.79245
-2.9233
-2.91559
-2.73896
-3.19975
-3.7671
-4.16503
-4.48837
-4.81691
-5.14722
-5.45298
-5.72005
-5.94291
-6.11715
-6.24066
-6.31734
-6.35584
-6.37039
-6.37401
-6.37277
-6.36129
-6.34426
-6.32157
-6.26726
-6.2137
-6.16
-6.09914
-6.02857
-5.94512
-5.83792
-5.68682
-5.47505
1.56855
2.1766
2.84098
3.48611
4.0477
4.42754
4.72298
4.67525
4.64272
5.63468
6.40021
6.79923
7.06729
7.29802
7.48687
7.6362
7.75641
7.85332
7.93052
7.99212
8.043
8.08802
8.13164
8.17585
8.21764
8.2529
8.28102
8.3024
8.31623
8.32107
8.31554
8.29876
8.27038
8.23044
8.17904
8.11546
8.03724
7.93559
7.81591
0.927439
0.302726
-0.372534
-1.00595
-1.53314
-1.9768
-2.30114
-2.4732
-2.54259
-2.43411
-2.2067
-2.59891
-3.11495
-3.4864
-3.79075
-4.09949
-4.41183
-4.70601
-4.9705
-5.20068
-5.39227
-5.54305
-5.6563
-5.73911
-5.79776
-5.83905
-5.87223
-5.89458
-5.91486
-5.93246
-5.91321
-5.8908
-5.86475
-5.82707
-5.77652
-5.71464
-5.64528
-5.57791
-5.56613
1.53581
2.11733
2.74798
3.35363
3.86051
4.16447
4.38942
4.18429
4.0457
5.03711
5.85288
6.30561
6.61511
6.86838
7.05762
7.19243
7.29559
7.38254
7.45916
7.52727
7.5887
7.64596
7.70193
7.75704
7.80726
7.84944
7.88453
7.91413
7.93841
7.9567
7.96789
7.97071
7.96392
7.94626
7.91666
7.87432
7.82041
7.75859
7.71884
0.922275
0.323472
-0.321754
-0.921292
-1.41191
-1.81277
-2.08649
-2.20057
-2.21613
-1.99486
-1.70762
-2.02054
-2.47193
-2.80696
-3.08867
-3.37457
-3.66003
-3.9254
-4.16154
-4.36486
-4.52999
-4.64944
-4.71831
-4.73908
-4.73295
-4.72158
-4.70913
-4.68912
-4.66583
-4.63959
-4.58931
-4.5474
-4.51061
-4.47123
-4.42647
-4.37193
-4.28883
-4.13817
-3.85346
1.50508
2.06118
2.66038
3.23052
3.68621
3.93316
4.09205
3.68308
3.41612
4.39411
5.22581
5.70591
6.06475
6.38945
6.65468
6.84794
6.98112
7.07193
7.13718
7.18953
7.2375
7.28699
7.3421
7.40156
7.45564
7.49583
7.52131
7.53424
7.53659
7.52955
7.51398
7.49101
7.4619
7.42764
7.38803
7.33964
7.271
7.15272
6.94867
0.918373
0.336832
-0.287048
-0.860239
-1.32117
-1.68586
-1.91375
-1.97957
-1.93674
-1.58118
-1.23474
-1.47386
-1.84581
-2.12465
-2.37372
-2.64284
-2.92605
-3.20594
-3.47483
-3.73114
-3.97421
-4.2047
-4.42282
-4.6225
-4.77991
-4.88838
-4.9738
-5.04406
-5.12085
-5.20283
-5.23206
-5.24338
-5.25162
-5.25034
-5.23617
-5.21646
-5.21746
-5.2859
-5.54109
1.48432
2.02276
2.59694
3.13246
3.53297
3.72382
3.77013
3.09832
2.74216
3.76807
4.61748
5.06789
5.36114
5.61675
5.8562
6.08787
6.31254
6.51909
6.69646
6.84099
6.95578
7.04757
7.12739
7.21201
7.31372
7.42312
7.52689
7.62162
7.70692
7.78226
7.84575
7.89464
7.92667
7.94057
7.93776
7.92511
7.92489
7.98708
8.2109
0.913415
0.323367
-0.303847
-0.867605
-1.30417
-1.62307
-1.7799
-1.76211
-1.60022
-1.09361
-0.750139
-0.952681
-1.25556
-1.46146
-1.62362
-1.78293
-1.94068
-2.08921
-2.22396
-2.34048
-2.42784
-2.46816
-2.44817
-2.37512
-2.30593
-2.27096
-2.25031
-2.21608
-2.16149
-2.12353
-2.06319
-2.01404
-1.98214
-1.95539
-1.92713
-1.88952
-1.80171
-1.59001
-1.08768
1.48724
2.02901
2.5945
3.09536
3.41938
3.49337
3.27203
2.29238
1.93622
3.14001
4.20839
4.88958
5.30735
5.51511
5.53832
5.44728
5.318
5.21231
5.1569
5.15469
5.19798
5.27805
5.37919
5.46413
5.49267
5.48076
5.45956
5.43469
5.40624
5.37463
5.3435
5.3173
5.29915
5.28988
5.28514
5.26875
5.19284
4.9604
4.41181
0.902771
0.283477
-0.368622
-0.941053
-1.36152
-1.62933
-1.69537
-1.55361
-1.20799
-0.556238
-0.232677
-0.391044
-0.665507
-0.925388
-1.19039
-1.46924
-1.76364
-2.07478
-2.4072
-2.76919
-3.17188
-3.62078
-4.09481
-4.54018
-4.8619
-5.05964
-5.25488
-5.41076
-5.66894
-6.04457
-5.94059
-5.96405
-6.083
-6.17266
-6.21949
-6.26584
-6.37958
-6.65765
-7.28226
1.503
2.06401
2.63655
3.11203
3.35803
3.27502
2.69429
1.44194
0.88187
1.96887
3.16788
4.34757
5.49052
6.57142
7.48612
8.18229
8.67686
8.98654
9.15499
9.23107
9.25753
9.26879
9.31477
9.47517
9.78072
10.1148
10.387
10.6084
10.7988
10.9625
11.0936
11.1892
11.2511
11.2856
11.307
11.3451
11.4741
11.8072
12.5276
41.3742
41.8538
42.0799
41.244
40.7537
41.2272
41.4726
41.3679
41.2854
41.2175
40.6992
39.2936
36.8048
33.4326
29.6107
25.7306
22.0354
18.6352
15.5529
12.7646
10.2291
7.90511
5.75291
3.74019
1.84466
0.0504031
-1.65701
-3.29141
-4.86075
-6.36752
-7.80956
-9.18166
-10.4776
-11.6903
-12.8138
-13.8429
-14.7735
-15.6027
-16.3286
-16.9498
-17.466
-17.8778
-18.187
-18.3965
-18.5108
-18.5356
-18.4773
-18.3425
-18.1381
-17.8707
-17.5465
-17.1719
-16.7533
-16.2974
-15.8108
-15.2997
-14.7697
-14.2256
-13.6713
-13.1101
-12.5445
-11.977
-11.4096
-10.8441
-10.2827
-9.72708
-9.17929
-8.71167
-8.29568
-7.87834
-7.4229
-7.01203
-6.46028
-6.17516
-5.30125
-5.5775
-3.63003
-5.72967
-0.771655
-7.71943
42.8982
42.2553
41.2378
39.2567
35.9563
33.1045
31.334
30.3072
29.639
29.0714
28.5161
27.9702
27.4299
26.8951
26.3655
25.8427
25.3286
24.8257
24.3361
23.8616
23.4044
22.966
22.5479
22.151
21.7757
21.4226
21.0915
20.7817
20.4926
20.2227
19.9706
19.7345
19.5123
19.3022
19.1023
18.9109
18.7266
18.5479
18.3734
18.2018
18.0313
17.8599
17.6854
17.505
17.3162
17.1161
16.9025
16.6733
16.4272
16.1634
15.8821
15.5839
15.27
14.942
14.6015
14.2503
13.89
13.522
13.1477
12.768
12.384
11.997
11.6088
11.2209
10.835
10.4519
10.074
9.75619
9.48242
9.20198
8.91534
8.62511
8.32996
8.06918
7.71484
7.69204
6.77162
8.37466
4.03697
12.8292
26.3177
24.6653
23.5408
22.3587
21.738
21.8809
21.8
21.453
21.1486
20.9528
20.9173
20.9175
20.6777
20.0871
19.1937
18.0846
16.8371
15.5054
14.1232
12.7099
11.2784
9.83602
8.38411
6.92441
5.46047
3.99551
2.53302
1.07578
-0.3727
-1.80621
-3.21246
-4.57733
-5.8888
-7.13684
-8.31387
-9.4145
-10.4344
-11.3703
-12.2193
-12.9786
-13.6462
-14.2209
-14.7024
-15.0917
-15.3915
-15.6057
-15.7385
-15.7946
-15.7786
-15.6953
-15.5493
-15.3457
-15.0901
-14.7885
-14.4471
-14.0717
-13.6678
-13.2401
-12.7925
-12.3282
-11.8505
-11.3619
-10.8653
-10.3633
-9.85837
-9.35282
-8.84894
-8.41523
-8.02691
-7.63798
-7.2067
-6.82376
-6.29275
-6.03555
-5.18415
-5.47623
-3.58732
-5.62182
-0.868363
-7.55311
28.5561
29.8631
30.673
31.7992
33.3242
34.3163
34.42
34.0241
33.5007
32.9772
32.4616
31.9416
31.4139
30.8754
30.3247
29.7614
29.1852
28.5971
27.9989
27.3931
26.783
26.1726
25.5659
24.967
24.3801
23.8088
23.2564
22.7254
22.2176
21.7344
21.2763
20.8431
20.4342
20.0486
19.6852
19.3427
19.0198
18.7153
18.4279
18.1562
17.8986
17.6531
17.417
17.1872
16.9603
16.7324
16.5
16.2597
16.0087
15.7452
15.4681
15.1775
14.8739
14.5584
14.2324
13.8975
13.5547
13.2054
12.8503
12.4902
12.1257
11.7577
11.3876
11.0167
10.6468
10.2783
9.91397
9.60777
9.34445
9.07508
8.79973
8.52138
8.23672
7.98784
7.64167
7.62866
6.72354
8.28245
4.11483
12.5199
17.7665
15.9949
13.4783
10.6132
9.6605
10.2345
10.3607
10.1595
9.88806
9.62948
9.51457
9.45913
9.36257
9.18972
8.9591
8.69292
8.4048
8.09809
7.76691
7.40047
6.98728
6.51657
5.97875
5.36873
4.68347
3.92062
3.08119
2.17067
1.20069
0.185043
-0.861054
-1.92301
-2.98791
-4.04365
-5.07921
-6.08478
-7.05127
-7.97038
-8.83443
-9.63643
-10.3706
-11.0324
-11.6189
-12.1285
-12.5613
-12.9185
-13.2019
-13.4134
-13.5551
-13.6294
-13.639
-13.5874
-13.4789
-13.3184
-13.1114
-12.8631
-12.5784
-12.2615
-11.916
-11.5453
-11.1524
-10.7407
-10.3133
-9.87337
-9.42411
-8.96833
-8.50845
-8.10941
-7.7495
-7.38858
-6.98281
-6.62499
-6.1204
-5.87916
-5.07055
-5.34187
-3.56916
-5.45677
-1.00956
-7.2919
19.6653
21.9993
24.6326
27.861
31.4334
34.2392
35.782
36.2203
35.944
35.359
34.69
34.003
33.3044
32.6013
31.8962
31.1916
30.4891
29.79
29.0951
28.405
27.7206
27.043
26.3735
25.7136
25.0654
24.431
23.8127
23.2125
22.6324
22.0741
21.539
21.028
20.5414
20.0796
19.6425
19.2298
18.8412
18.4759
18.1335
17.8128
17.5126
17.2312
16.9663
16.7147
16.4728
16.2366
16.0017
15.7641
15.5202
15.2673
15.0035
14.7281
14.4413
14.1437
13.8364
13.5209
13.1982
12.8692
12.5347
12.1952
11.851
11.5028
11.1517
10.7987
10.4456
10.0926
9.74255
9.44833
9.19557
8.93712
8.67308
8.40689
8.13397
7.89622
7.56384
7.54897
6.68997
8.14313
4.24112
12.1641
13.5034
11.5601
9.88246
8.48674
7.87452
8.11114
8.57115
9.04134
9.32742
9.55259
9.70977
9.72536
9.58241
9.3191
8.99921
8.66655
8.33976
8.0237
7.71299
7.39366
7.04976
6.66773
6.23671
5.7509
5.20916
4.61159
3.95974
3.25695
2.51008
1.72643
0.913169
0.0762664
-0.779451
-1.64883
-2.5259
-3.40397
-4.2752
-5.13112
-5.96267
-6.76086
-7.51749
-8.22551
-8.87926
-9.47453
-10.0087
-10.4799
-10.8871
-11.2295
-11.5064
-11.718
-11.865
-11.9492
-11.9736
-11.9419
-11.8585
-11.7279
-11.5542
-11.341
-11.0916
-10.809
-10.4964
-10.1572
-9.79506
-9.41363
-9.01673
-8.60786
-8.18969
-7.82348
-7.48973
-7.15423
-6.77173
-6.43683
-5.95514
-5.73022
-4.95351
-5.21809
-3.52425
-5.33025
-1.06935
-7.12443
15.721
18.2917
21.5383
25.3952
29.2236
32.2727
34.3444
35.5075
35.8474
35.593
35.0493
34.4034
33.7179
33.0031
32.2651
31.509
30.7403
29.9646
29.1872
28.4128
27.646
26.8905
26.1497
25.4263
24.7224
24.0402
23.381
22.7462
22.137
21.5541
20.9983
20.4699
19.9689
19.4952
19.0481
18.6273
18.2321
17.8615
17.515
17.1916
16.8902
16.6094
16.3472
16.1008
15.8671
15.642
15.4212
15.2004
14.9757
14.7438
14.5023
14.2501
13.9868
13.7128
13.429
13.1366
12.8366
12.53
12.2175
11.8996
11.5764
11.2485
10.9166
10.5816
10.2453
9.90786
9.57223
9.28935
9.04595
8.79689
8.54262
8.28712
8.02502
7.79778
7.47765
7.4664
6.63774
8.03284
4.28234
11.9363
12.1717
10.5525
9.1506
7.92594
6.94492
6.73703
7.38836
7.89877
8.20966
8.54297
8.86271
9.12729
9.35726
9.57579
9.78861
9.97517
10.1009
10.1334
10.0542
9.86178
9.56548
9.17772
8.71018
8.17447
7.58166
6.94014
6.25662
5.53725
4.78929
4.01905
3.2313
2.42917
1.6144
0.788888
-0.0445861
-0.882378
-1.71971
-2.55092
-3.36957
-4.16892
-4.94229
-5.68348
-6.38687
-7.04759
-7.66154
-8.22495
-8.73439
-9.18675
-9.5792
-9.90971
-10.1773
-10.3823
-10.5262
-10.6117
-10.6421
-10.6209
-10.5514
-10.4365
-10.2789
-10.0812
-9.84638
-9.57783
-9.27947
-8.95537
-8.60987
-8.2472
-7.87032
-7.53654
-7.22889
-6.91893
-6.56007
-6.24859
-5.7889
-5.58242
-4.8313
-5.09868
-3.46067
-5.22182
-1.08535
-7.00169
14.0014
16.0724
18.4528
21.0072
23.4242
25.4111
26.8863
27.897
28.4866
28.6756
28.5766
28.341
28.059
27.7447
27.4009
27.0274
26.6249
26.1949
25.7398
25.2625
24.7665
24.2556
23.7341
23.2057
22.6747
22.1449
21.6199
21.103
20.5976
20.1064
19.632
19.1764
18.7413
18.3277
17.9364
17.5674
17.2204
16.8951
16.5906
16.3062
16.041
15.7937
15.5628
15.3461
15.1409
14.9437
14.7508
14.558
14.3617
14.1585
13.946
13.7226
13.4879
13.242
12.9857
12.72
12.4459
12.1645
11.8763
11.5819
11.2815
10.9753
10.6641
10.3486
10.0305
9.71007
9.39024
9.11949
8.88584
8.64624
8.40154
8.15621
7.90471
7.68799
7.38007
7.37562
6.57103
7.92983
4.2783
11.752
11.9455
10.8465
9.86634
8.88793
7.98907
7.81427
8.23477
8.07856
7.96663
8.11839
8.44403
8.8441
9.30712
9.80703
10.2795
10.6576
10.9024
11.0058
10.9808
10.8508
10.6406
10.3671
10.0356
9.64532
9.19636
8.69079
8.13219
7.52511
6.87529
6.18839
5.46935
4.72222
3.95035
3.15733
2.34732
1.52504
0.695805
-0.134762
-0.960633
-1.77588
-2.57474
-3.35183
-4.10205
-4.82058
-5.50289
-6.14425
-6.73986
-7.28507
-7.7754
-8.2073
-8.57838
-8.88771
-9.13584
-9.3245
-9.4562
-9.5336
-9.55924
-9.53533
-9.46387
-9.3469
-9.18692
-8.98704
-8.75117
-8.48367
-8.18921
-7.87268
-7.5373
-7.23636
-6.95573
-6.67252
-6.33905
-6.05245
-5.61673
-5.42966
-4.70609
-4.97454
-3.39417
-5.10566
-1.09973
-6.86371
13.0657
14.0578
15.0494
16.0397
16.9591
17.7087
18.2486
18.6047
18.8375
18.9855
19.0651
19.1086
19.1463
19.1827
19.2158
19.2424
19.259
19.2626
19.25
19.2185
19.1655
19.089
18.9879
18.8615
18.7102
18.5349
18.3376
18.1208
17.8879
17.6423
17.3879
17.1286
16.868
16.6093
16.3552
16.1079
15.8689
15.6395
15.4203
15.2118
15.0141
14.827
14.6499
14.4816
14.3202
14.1632
14.0077
13.8504
13.688
13.5178
13.3375
13.1458
12.9421
12.7266
12.5
12.2632
12.0172
11.7629
11.5009
11.2318
10.9559
10.6732
10.3845
10.0903
9.79232
9.4909
9.18888
8.93198
8.70953
8.48066
8.24642
8.01171
7.7712
7.56509
7.27076
7.27196
6.49726
7.8111
4.27114
11.5447
13.2611
13.1396
13.0267
12.912
12.9021
13.2879
13.7956
13.5362
13.3453
13.5418
13.9886
14.4722
14.9165
15.2876
15.5214
15.5539
15.367
14.9965
14.5072
13.9658
13.4236
12.9074
12.4165
11.9316
11.4306
10.8992
10.3318
9.72868
9.0916
8.42211
7.72122
6.99007
6.23027
5.44447
4.63634
3.81022
2.97108
2.12419
1.27521
0.429809
-0.406465
-1.22831
-2.03059
-2.80826
-3.55632
-4.26943
-4.94188
-5.56797
-6.14217
-6.65984
-7.1177
-7.51407
-7.849
-8.12382
-8.34073
-8.50204
-8.60984
-8.66576
-8.67112
-8.62726
-8.53608
-8.4002
-8.22328
-8.00971
-7.76429
-7.4924
-7.1975
-6.92891
-6.67524
-6.41893
-6.11164
-5.85057
-5.44061
-5.27324
-4.58051
-4.84707
-3.3288
-4.98225
-1.11571
-6.70828
13.3619
13.4133
13.5447
13.7129
13.8821
14.0091
14.0569
14.0269
13.9632
13.9107
13.8765
13.8586
13.8574
13.8749
13.9103
13.9631
14.032
14.1152
14.2104
14.314
14.4223
14.5308
14.6348
14.73
14.8121
14.8775
14.9236
14.9485
14.9517
14.9336
14.8952
14.8386
14.7663
14.6808
14.5847
14.4805
14.3704
14.2564
14.1402
14.0232
13.9067
13.7916
13.6783
13.5666
13.4557
13.3441
13.2299
13.1106
12.9839
12.8475
12.6999
12.5399
12.3673
12.1824
11.9857
11.7783
11.5609
11.3345
11.0996
10.8566
10.606
10.3478
10.0826
9.811
9.5344
9.25334
8.97061
8.729
8.51905
8.30219
8.07949
7.85596
7.62677
7.43095
7.15109
7.15554
6.41675
7.67615
4.26157
11.3186
16.6404
17.0754
17.4907
17.8749
18.3146
18.8415
19.2229
19.1769
19.1206
19.3841
19.9277
20.5059
20.9646
21.255
21.3454
21.197
20.7981
20.1874
19.4421
18.6449
17.8588
17.1168
16.4196
15.7438
15.0595
14.3462
13.598
12.8196
12.0195
11.2042
10.3761
9.5355
8.68138
7.81348
6.93268
6.04075
5.14038
4.23505
3.3289
2.42647
1.53244
0.651496
-0.211658
-1.0522
-1.86515
-2.64503
-3.38582
-4.0813
-4.72539
-5.3129
-5.84008
-6.30503
-6.70781
-7.04989
-7.33368
-7.56165
-7.73578
-7.85738
-7.92721
-7.94594
-7.91476
-7.83569
-7.71193
-7.54766
-7.34757
-7.11733
-6.86047
-6.62254
-6.39461
-6.16407
-5.88241
-5.6463
-5.26269
-5.11493
-4.45483
-4.71903
-3.26272
-4.85825
-1.1258
-6.55025
16.152
15.6032
15.0968
14.6089
14.1484
13.7337
13.3773
13.0938
12.8999
12.7884
12.7171
12.6527
12.5875
12.527
12.4743
12.4314
12.4004
12.3827
12.3793
12.3904
12.4157
12.4539
12.5032
12.5614
12.6256
12.6927
12.7596
12.8234
12.8815
12.9318
12.9725
13.0027
13.0219
13.0299
13.0271
13.0141
12.9916
12.9607
12.9223
12.8776
12.8278
12.7737
12.716
12.6549
12.5901
12.5205
12.4449
12.3615
12.2685
12.1643
12.0477
11.9182
11.7756
11.6203
11.4531
11.2747
11.086
10.8876
10.68
10.4636
10.2387
10.0055
9.7644
9.51598
9.26153
9.00158
8.73897
8.51355
8.31696
8.11304
7.90276
7.69095
7.47333
7.28724
7.02206
7.02754
6.32732
7.52984
4.24033
11.0897
16.0264
17.1098
18.1626
19.1553
20.1197
21.023
21.6818
21.9368
21.9688
22.05
22.3029
22.6442
22.9218
23.0457
22.9899
22.7473
22.3221
21.7445
21.0757
20.3869
19.7314
19.1295
18.5681
18.0086
17.4076
16.7373
15.9923
15.1834
14.3287
13.4447
12.5426
11.6282
10.7029
9.76739
8.82226
7.86888
6.9095
5.94725
4.98595
4.0299
3.08358
2.15149
1.2381
0.348009
-0.513991
-1.34258
-2.13182
-2.87543
-3.56722
-4.20189
-4.77564
-5.28667
-5.73532
-6.12351
-6.4541
-6.72988
-6.95296
-7.1245
-7.24482
-7.31399
-7.33248
-7.30163
-7.22401
-7.10335
-6.94401
-6.7517
-6.52978
-6.3202
-6.11625
-5.90969
-5.65235
-5.43983
-5.08222
-4.95347
-4.32677
-4.58925
-3.19334
-4.7341
-1.12788
-6.39389
14.9834
14.0884
13.3536
12.7131
12.1511
11.6934
11.3704
11.1946
11.1508
11.1937
11.2674
11.3375
11.3955
11.4434
11.4821
11.5129
11.5367
11.5549
11.569
11.5802
11.5898
11.5991
11.6091
11.6206
11.6342
11.65
11.6682
11.6885
11.7104
11.7334
11.7565
11.779
11.8
11.8184
11.8335
11.8447
11.8514
11.8533
11.8504
11.8428
11.8306
11.814
11.7933
11.768
11.7376
11.7012
11.6573
11.6044
11.5411
11.466
11.3784
11.2776
11.164
11.0378
10.8998
10.7507
10.5909
10.4211
10.2415
10.0524
9.85401
9.6465
9.43017
9.20563
8.97402
8.73588
8.49402
8.2854
8.10278
7.91254
7.71546
7.516
7.31039
7.13374
6.88339
6.88812
6.22753
7.37306
4.20572
10.8594
12.5602
13.9135
15.2741
16.6154
17.918
19.1267
20.1016
20.6695
20.8513
20.8478
20.8527
20.9439
20.9768
20.8494
20.5731
20.1853
19.7078
19.163
18.5944
18.0561
17.5922
17.2185
16.9163
16.6384
16.3268
15.9368
15.451
14.8753
14.2272
13.525
12.7822
12.0061
11.1993
10.3627
9.49768
8.60708
7.69528
6.76788
5.83117
4.89174
3.95596
3.0298
2.11884
1.2284
0.363756
-0.469502
-1.26531
-2.01734
-2.71938
-3.36614
-3.95394
-4.48111
-4.94824
-5.35753
-5.71208
-6.01489
-6.26807
-6.47256
-6.62826
-6.73467
-6.79156
-6.7995
-6.76031
-6.67707
-6.55356
-6.3952
-6.205
-6.02136
-5.8395
-5.65495
-5.4203
-5.22957
-4.89698
-4.7861
-4.193
-4.45415
-3.11796
-4.60623
-1.1224
-6.23653
11.3555
10.458
9.84063
9.41822
9.1172
8.90862
8.79714
8.78693
8.86079
8.98649
9.13355
9.28383
9.43091
9.57311
9.70877
9.83664
9.95571
10.0653
10.1649
10.2545
10.3342
10.4044
10.4656
10.5186
10.5641
10.6033
10.637
10.6662
10.692
10.715
10.736
10.7555
10.7739
10.7913
10.8078
10.8233
10.8377
10.8507
10.8622
10.872
10.8799
10.8855
10.8884
10.8878
10.8828
10.872
10.854
10.8272
10.7902
10.742
10.6817
10.609
10.524
10.4272
10.3189
10.1998
10.0701
9.93001
9.77969
9.61912
9.44837
9.26761
9.07709
8.87738
8.66953
8.45401
8.23364
8.04241
7.87431
7.69837
7.51522
7.32886
7.13597
6.96892
6.73382
6.73657
6.1165
7.20432
4.15966
10.6233
9.4464
10.4737
11.5194
12.5751
13.6229
14.629
15.5176
16.1544
16.4986
16.6628
16.8299
17.071
17.2073
17.141
16.881
16.4642
15.9417
15.3695
14.8047
14.3047
13.9001
13.6004
13.3925
13.2382
13.0851
12.8868
12.618
12.2759
11.8716
11.4189
10.9274
10.4001
9.83471
9.22708
8.57445
7.87708
7.13855
6.36515
5.56482
4.74612
3.91751
3.0868
2.26116
1.44714
0.6509
-0.121327
-0.86308
-1.56782
-2.22926
-2.84207
-3.40253
-3.90897
-4.36187
-4.7633
-5.11616
-5.42315
-5.68602
-5.90524
-6.08019
-6.20972
-6.29289
-6.32947
-6.32039
-6.26793
-6.17502
-6.04652
-5.88481
-5.72476
-5.56315
-5.39868
-5.18497
-5.01405
-4.70514
-4.61051
-4.05066
-4.31039
-3.03384
-4.47121
-1.1085
-6.07543
8.53669
7.88223
7.44955
7.19168
7.04211
6.9519
6.9067
6.90904
6.95459
7.03119
7.12739
7.23592
7.35333
7.4777
7.60715
7.74
7.87457
8.00936
8.14302
8.27442
8.40259
8.52672
8.64616
8.76042
8.8691
8.97192
9.0687
9.15934
9.24384
9.32229
9.39482
9.46173
9.52341
9.58023
9.63271
9.68134
9.72662
9.769
9.80883
9.84634
9.88157
9.91431
9.94408
9.97014
9.99148
10.0069
10.0149
10.0143
10.0039
9.98281
9.95037
9.90641
9.85101
9.78445
9.70706
9.6191
9.52068
9.41173
9.29202
9.16133
9.01956
8.86677
8.70317
8.5293
8.34612
8.15411
7.956
7.78276
7.62968
7.46856
7.29998
7.12741
6.94804
6.79109
6.57193
6.57204
5.99349
7.02247
4.10291
10.3791
6.7568
7.27632
7.80599
8.33149
8.84806
9.34593
9.80647
10.1907
10.5131
10.8706
11.3821
11.9438
12.413
12.7062
12.7842
12.6713
12.4015
12.0141
11.5366
11.0372
10.6141
10.3004
10.0812
9.92097
9.77525
9.60526
9.39049
9.12896
8.82951
8.50338
8.15819
7.79513
7.40919
6.99233
6.53714
6.03938
5.49893
4.91936
4.30675
3.66844
3.01199
2.34467
1.67315
1.00363
0.341974
-0.305899
-0.933821
-1.5355
-2.10488
-2.63682
-3.12766
-3.57561
-3.9808
-4.34478
-4.66977
-4.95768
-5.20947
-5.42487
-5.60254
-5.74063
-5.83745
-5.89196
-5.90417
-5.87538
-5.80749
-5.70455
-5.56806
-5.42935
-5.28621
-5.14003
-4.94561
-4.79254
-4.50581
-4.42558
-3.89813
-4.15591
-2.93882
-4.32681
-1.0845
-5.90971
6.27221
5.89508
5.63493
5.47442
5.37892
5.31816
5.27874
5.25969
5.26077
5.27961
5.31372
5.36139
5.42173
5.49406
5.57759
5.67151
5.77488
5.88676
6.00624
6.13242
6.26439
6.4013
6.54227
6.6864
6.83278
6.98042
7.12827
7.27525
7.42029
7.56229
7.70023
7.83327
7.96075
8.08219
8.19739
8.30635
8.40925
8.50636
8.59798
8.68437
8.76561
8.84159
8.91197
8.97617
9.03342
9.08283
9.12345
9.15442
9.17498
9.18464
9.18314
9.17045
9.14674
9.11226
9.06722
9.01172
8.94568
8.8688
8.78065
8.68078
8.56888
8.4449
8.30898
8.16164
8.00379
7.83592
7.66067
7.5059
7.36823
7.22236
7.06879
6.91052
6.74535
6.59911
6.39664
6.3939
5.85784
6.82709
4.03517
10.1257
4.92444
5.1702
5.38424
5.59576
5.79936
5.99281
6.17602
6.3453
6.49177
6.66085
6.90845
7.20773
7.5357
7.88904
8.2279
8.46865
8.54309
8.43728
8.20099
7.92475
7.67917
7.45452
7.26782
7.12102
6.98728
6.83402
6.63954
6.40147
6.13029
5.83913
5.53756
5.22925
4.91193
4.57952
4.22522
3.84422
3.43508
2.99958
2.54172
2.06644
1.57871
1.08302
0.58327
0.0829993
-0.414322
-0.904864
-1.38425
-1.84772
-2.29045
-2.70823
-3.098
-3.45818
-3.78874
-4.09067
-4.36533
-4.61369
-4.83571
-5.03023
-5.1951
-5.32778
-5.42589
-5.48762
-5.51208
-5.49953
-5.45077
-5.36884
-5.25419
-5.13455
-5.00821
-4.87867
-4.70205
-4.56508
-4.29909
-4.23139
-3.73519
-3.99007
-2.83185
-4.17178
-1.04986
-5.73868
4.68932
4.47368
4.31047
4.18955
4.09809
4.02645
3.96888
3.92343
3.88969
3.86745
3.85659
3.85729
3.86989
3.89457
3.9314
3.98039
4.04147
4.1145
4.1993
4.29563
4.4032
4.52162
4.65042
4.78903
4.9367
5.09253
5.25547
5.42427
5.59757
5.77387
5.95163
6.12936
6.30568
6.47933
6.64925
6.81461
6.97475
7.12918
7.27749
7.4193
7.55417
7.68157
7.80088
7.91143
8.01246
8.10326
8.18321
8.25182
8.30876
8.35391
8.38733
8.4092
8.41978
8.41933
8.40803
8.3859
8.35278
8.30826
8.25181
8.18284
8.1009
8.00582
7.89767
7.77695
7.64453
7.50094
7.34873
7.21261
7.09057
6.96015
6.82181
6.67813
6.52756
6.3925
6.20733
6.20179
5.70904
6.61801
3.95639
9.86174
3.6896
3.81856
3.89558
3.97748
4.05619
4.12991
4.20321
4.28112
4.35664
4.43234
4.5503
4.71179
4.88627
5.07131
5.27886
5.51087
5.7144
5.79494
5.77791
5.71659
5.61394
5.45223
5.27236
5.1225
4.98767
4.83891
4.65129
4.41569
4.14028
3.83962
3.52627
3.20759
2.88556
2.5584
2.22299
1.87716
1.52102
1.1569
0.788409
0.419321
0.0526218
-0.309816
-0.667142
-1.0191
-1.36548
-1.70556
-2.03781
-2.35998
-2.66945
-2.96376
-3.2412
-3.50106
-3.7436
-3.96967
-4.18011
-4.37511
-4.55382
-4.71433
-4.85386
-4.96932
-5.05779
-5.1169
-5.14494
-5.14128
-5.10563
-5.03993
-4.94354
-4.84063
-4.7294
-4.61495
-4.4548
-4.3324
-4.08591
-4.02902
-3.56274
-3.81336
-2.71316
-4.0055
-1.00475
-5.56073
3.57476
3.45651
3.36003
3.27489
3.19731
3.12668
3.06271
3.00588
2.95674
2.91533
2.88181
2.85679
2.84093
2.83468
2.83845
2.85264
2.87763
2.91376
2.96137
3.02079
3.0923
3.17617
3.27256
3.38146
3.50277
3.63613
3.78098
3.93654
4.10177
4.27546
4.45621
4.64258
4.8331
5.02629
5.22076
5.41523
5.60848
5.79937
5.98681
6.16967
6.34681
6.51706
6.67924
6.83223
6.97497
7.10659
7.22641
7.33399
7.4291
7.51173
7.58196
7.64001
7.68611
7.72044
7.74315
7.75419
7.7534
7.7404
7.71463
7.67551
7.62252
7.55542
7.47422
7.3794
7.27179
7.15197
7.0224
6.9047
6.79817
6.68311
6.55996
6.43086
6.29497
6.17134
6.00375
5.99559
5.54674
6.39484
3.86717
9.58411
2.75826
2.7954
2.84719
2.8958
2.9347
2.96768
3.00349
3.05033
3.10093
3.16801
3.30053
3.4729
3.63388
3.77551
3.90847
4.04862
4.19542
4.31228
4.36319
4.35316
4.28318
4.16868
4.01188
3.84693
3.67861
3.48389
3.25759
2.99485
2.69576
2.37013
2.0299
1.68416
1.33794
0.99293
0.649292
0.307489
-0.0305006
-0.361263
-0.680828
-0.985754
-1.27398
-1.54516
-1.80046
-2.04196
-2.27192
-2.49216
-2.70367
-2.90653
-3.10032
-3.28452
-3.45902
-3.62433
-3.78144
-3.93148
-4.07522
-4.21255
-4.34221
-4.46191
-4.56859
-4.65893
-4.72981
-4.7785
-4.80282
-4.80146
-4.7732
-4.71903
-4.63722
-4.54855
-4.45065
-4.34977
-4.20487
-4.09569
-3.86765
-3.82003
-3.38261
-3.62712
-2.5844
-3.82787
-0.950844
-5.37385
2.73739
2.68552
2.64217
2.59652
2.54815
2.49847
2.44926
2.40256
2.35951
2.32038
2.28565
2.25615
2.23262
2.21561
2.20565
2.20324
2.20883
2.22282
2.24566
2.27782
2.31982
2.37218
2.43545
2.51013
2.59666
2.69532
2.80624
2.92935
3.06432
3.2106
3.36741
3.53378
3.70866
3.89084
4.07909
4.27213
4.46867
4.66736
4.8668
5.06554
5.26203
5.45466
5.64182
5.82199
5.99375
6.15588
6.30743
6.44768
6.57616
6.69257
6.79675
6.88861
6.9681
7.03518
7.08977
7.13177
7.16097
7.17703
7.17948
7.1678
7.14152
7.10037
7.04432
6.97382
6.88965
6.79242
6.68445
6.58447
6.49293
6.39282
6.28446
6.16964
6.04817
5.93594
5.78589
5.7753
5.37082
6.15693
3.76894
9.28836
1.74915
1.76314
1.78443
1.79857
1.80196
1.80347
1.81234
1.83284
1.86455
1.92146
1.99694
2.09689
2.23324
2.37588
2.50024
2.60213
2.68822
2.75989
2.80496
2.81338
2.77681
2.70461
2.57358
2.4056
2.25047
2.06022
1.81063
1.53089
1.23405
0.921101
0.597001
0.268611
-0.0588014
-0.381997
-0.699015
-1.00794
-1.30598
-1.58938
-1.85422
-2.09735
-2.31722
-2.51415
-2.69009
-2.84809
-2.99143
-3.12304
-3.24504
-3.35874
-3.46493
-3.5643
-3.65784
-3.74696
-3.83333
-3.91852
-4.00345
-4.08805
-4.17107
-4.25025
-4.32263
-4.38501
-4.43438
-4.46806
-4.48368
-4.47962
-4.45403
-4.4071
-4.33632
-4.25938
-4.17295
-4.08406
-3.95323
-3.85608
-3.64571
-3.60595
-3.1968
-3.43271
-2.44813
-3.639
-0.890582
-5.17494
1.74729
1.74867
1.7514
1.75058
1.74647
1.73897
1.72941
1.71928
1.70913
1.6993
1.69052
1.68365
1.6794
1.6784
1.68132
1.68874
1.70117
1.71903
1.74275
1.77276
1.80946
1.85333
1.90487
1.96461
2.03312
2.11093
2.19854
2.29635
2.40462
2.52343
2.65269
2.79212
2.9413
3.09961
3.2663
3.44051
3.62124
3.80739
3.99769
4.19078
4.38515
4.57918
4.77123
4.95967
5.14296
5.31971
5.48871
5.64897
5.79963
5.94001
6.06948
6.18749
6.29354
6.38718
6.46802
6.53573
6.59002
6.63055
6.65694
6.66875
6.66557
6.64715
6.61345
6.56483
6.502
6.42555
6.33761
6.25418
6.17674
6.09076
5.99647
5.89534
5.78775
5.68667
5.55375
5.54079
5.18136
5.90254
3.66436
8.96875
0.968325
0.970468
0.930815
0.891841
0.853101
0.81783
0.790223
0.771208
0.76285
0.754813
0.72581
0.733368
0.788306
0.829687
0.837915
0.821529
0.793306
0.759402
0.724737
0.690817
0.64558
0.562323
0.408114
0.170848
-0.0128643
-0.112554
-0.240337
-0.44472
-0.678676
-0.911813
-1.14167
-1.37039
-1.59693
-1.81959
-2.03702
-2.24755
-2.44859
-2.63678
-2.80872
-2.96184
-3.09507
-3.20903
-3.30574
-3.3881
-3.45919
-3.52164
-3.57738
-3.62757
-3.67296
-3.71431
-3.75271
-3.78968
-3.82699
-3.8662
-3.90828
-3.9532
-3.99984
-4.04613
-4.08944
-4.127
-4.15619
-4.17462
-4.18014
-4.17108
-4.14537
-4.10276
-4.04018
-3.97273
-3.8961
-3.81772
-3.69995
-3.61366
-3.42085
-3.3871
-3.0074
-3.23047
-2.30844
-3.43688
-0.829355
-4.95902
0.957676
0.98882
1.02239
1.05595
1.0882
1.1189
1.14831
1.17645
1.20309
1.22834
1.25262
1.27632
1.29981
1.32351
1.34797
1.37372
1.40128
1.43113
1.4638
1.49976
1.53949
1.58347
1.63221
1.68622
1.74605
1.81228
1.88547
1.96617
2.05486
2.15195
2.25773
2.37237
2.49591
2.62824
2.76908
2.91802
3.07447
3.23773
3.40687
3.58085
3.75845
3.93834
4.1191
4.29932
4.47759
4.65258
4.82306
4.98791
5.14605
5.29647
5.43819
5.57021
5.69159
5.80149
5.89917
5.98403
6.05563
6.11358
6.1575
6.18703
6.20184
6.20163
6.18636
6.15629
6.11198
6.05389
5.98387
5.91548
5.85094
5.77796
5.69673
5.60846
5.514
5.42364
5.30728
5.29146
4.97921
5.62806
3.56003
8.61437
0.276008
0.231735
0.181234
0.133193
0.0869068
0.0428196
0.000877393
-0.0410054
-0.080039
-0.139751
-0.258682
-0.383018
-0.473793
-0.578158
-0.726479
-0.904776
-1.08262
-1.24351
-1.38114
-1.48646
-1.55942
-1.64286
-1.80966
-2.12551
-2.54825
-2.75625
-2.77718
-2.79605
-2.84638
-2.91194
-2.98248
-3.05996
-3.14355
-3.2293
-3.31281
-3.39108
-3.46194
-3.52352
-3.57438
-3.61387
-3.64232
-3.66096
-3.67192
-3.67775
-3.68094
-3.68344
-3.68627
-3.68979
-3.69387
-3.69841
-3.70378
-3.71074
-3.7204
-3.7338
-3.75148
-3.77314
-3.7976
-3.823
-3.84703
-3.86738
-3.88191
-3.88867
-3.88589
-3.8721
-3.84542
-3.80548
-3.7491
-3.68906
-3.62068
-3.55116
-3.44568
-3.36853
-3.19404
-3.16306
-2.81672
-3.01908
-2.17015
-3.21951
-0.774977
-4.72099
0.31076
0.358979
0.410388
0.464579
0.520692
0.578394
0.637081
0.696081
0.754944
0.813479
0.871545
0.928939
0.98551
1.04124
1.09618
1.15044
1.20418
1.25764
1.31109
1.36488
1.4194
1.47508
1.5324
1.59188
1.65408
1.71962
1.78909
1.8631
1.94223
2.02701
2.11791
2.21531
2.31949
2.43061
2.54873
2.67373
2.80538
2.94334
3.08708
3.23591
3.38903
3.5455
3.70429
3.86439
4.02468
4.1841
4.34162
4.49616
4.64668
4.79207
4.93119
5.06287
5.18589
5.29916
5.40173
5.49278
5.57172
5.63807
5.69138
5.73135
5.75766
5.76995
5.76811
5.75231
5.72287
5.68003
5.62529
5.56999
5.51683
5.45543
5.38598
5.3095
5.22714
5.14675
5.04641
5.02607
4.76622
5.32803
3.46456
8.21731
-0.376403
-0.464613
-0.517156
-0.564949
-0.617894
-0.677847
-0.743117
-0.813667
-0.886981
-0.995116
-1.20268
-1.4699
-1.71427
-1.9622
-2.26632
-2.62803
-3.00046
-3.32871
-3.58619
-3.77533
-3.90974
-4.02437
-4.20534
-4.5489
-5.02249
-5.41167
-5.50144
-5.4031
-5.27478
-5.1549
-5.04448
-4.93573
-4.82176
-4.70336
-4.58403
-4.46629
-4.3514
-4.23991
-4.13193
-4.02776
-3.92795
-3.83359
-3.74626
-3.66766
-3.5992
-3.54163
-3.49488
-3.45828
-3.43065
-3.41079
-3.39775
-3.39097
-3.39026
-3.39548
-3.40622
-3.42154
-3.44001
-3.45979
-3.47881
-3.49505
-3.50667
-3.51212
-3.50998
-3.49909
-3.47793
-3.4461
-3.40104
-3.3519
-3.29571
-3.2375
-3.15021
-3.08297
-2.93683
-2.904
-2.60964
-2.77519
-2.03238
-2.96938
-0.737513
-4.4546
-0.281096
-0.200426
-0.11794
-0.0330455
0.0541012
0.143284
0.234125
0.326293
0.419563
0.513584
0.608052
0.702626
0.79698
0.890823
0.983915
1.07595
1.16664
1.25584
1.34334
1.42905
1.51288
1.59487
1.67514
1.75389
1.83137
1.90795
1.98409
2.06029
2.13705
2.2149
2.29436
2.37595
2.46008
2.54721
2.63763
2.73158
2.82927
2.93076
3.03604
3.14499
3.25739
3.37291
3.49119
3.61176
3.73406
3.85755
3.98152
4.10525
4.22792
4.34858
4.46618
4.5796
4.68761
4.78907
4.88297
4.96829
5.04426
5.11029
5.16576
5.21028
5.24344
5.26483
5.27425
5.27159
5.25685
5.23
5.19195
5.15151
5.11157
5.06389
5.00869
4.94676
4.87962
4.81212
4.73354
4.70653
4.52105
4.95931
3.38263
7.73054
0.748219
0.647228
0.580016
0.514729
0.448275
0.385706
0.326007
0.265547
0.203666
0.137905
0.0150618
-0.271353
-0.634075
-0.941021
-1.2448
-1.6269
-2.10786
-2.63359
-3.10814
-3.4719
-3.73311
-3.93615
-4.14238
-4.43371
-4.8958
-5.55757
-6.14467
-6.22694
-6.06538
-5.88524
-5.67784
-5.4527
-5.21846
-4.97752
-4.73585
-4.50012
-4.27454
-4.06106
-3.86047
-3.67335
-3.50049
-3.34309
-3.20278
-3.08126
-2.97945
-2.89729
-2.8339
-2.78776
-2.75686
-2.73909
-2.7326
-2.73602
-2.74826
-2.7683
-2.79509
-2.82717
-2.86273
-2.89963
-2.93558
-2.96844
-2.9963
-3.01764
-3.03121
-3.03609
-3.03118
-3.01632
-2.98956
-2.95703
-2.91671
-2.87527
-2.80804
-2.75917
-2.63826
-2.6212
-2.36164
-2.53041
-1.84448
-2.75319
-0.632121
-4.28511
0.867869
0.971618
1.07337
1.17387
1.27371
1.37281
1.47127
1.56913
1.66632
1.76263
1.85788
1.95185
2.04436
2.13516
2.22407
2.31076
2.39499
2.47655
2.5552
2.6307
2.70281
2.77131
2.83612
2.89715
2.95434
3.00778
3.05765
3.10422
3.14783
3.1889
3.22789
3.26529
3.30161
3.33739
3.37316
3.4094
3.44656
3.48507
3.5253
3.56756
3.61214
3.65923
3.70903
3.76155
3.81685
3.8749
3.93551
3.99838
4.06319
4.12934
4.19616
4.26284
4.32843
4.39197
4.45254
4.50921
4.56117
4.60776
4.64827
4.68216
4.70894
4.72809
4.73916
4.74175
4.73553
4.72005
4.69563
4.66849
4.64091
4.60673
4.56617
4.51988
4.46944
4.41818
4.36172
4.34032
4.21022
4.59693
3.1691
7.42101
2.46741
2.3776
2.3023
2.24837
2.20604
2.16665
2.12697
2.08612
2.04291
2.0011
1.95762
1.89626
1.80937
1.7042
1.57923
1.4096
1.15218
0.76848
0.265727
-0.283327
-0.786772
-1.19873
-1.5269
-1.80658
-2.09139
-2.45395
-2.93223
-3.36499
-3.45322
-3.27208
-3.11533
-3.00518
-2.88621
-2.7552
-2.62446
-2.49873
-2.37966
-2.26824
-2.16492
-2.07002
-1.98461
-1.91028
-1.84889
-1.80233
-1.77158
-1.75655
-1.75628
-1.76932
-1.79382
-1.8279
-1.86997
-1.91896
-1.97393
-2.03405
-2.09844
-2.1658
-2.23445
-2.30233
-2.36719
-2.42682
-2.47934
-2.52327
-2.55752
-2.58147
-2.59447
-2.5968
-2.58718
-2.56957
-2.54312
-2.51615
-2.46616
-2.43364
-2.33475
-2.33361
-2.1042
-2.28235
-1.6434
-2.54266
-0.507625
-4.12611
2.55792
2.64364
2.72607
2.80571
2.88255
2.95684
3.02887
3.09886
3.16689
3.23302
3.29729
3.35971
3.42025
3.47886
3.53542
3.58981
3.64194
3.69172
3.73908
3.78388
3.82599
3.86526
3.9016
3.93486
3.96489
3.99158
4.01482
4.0346
4.05089
4.06375
4.07329
4.07965
4.08304
4.08376
4.08212
4.07849
4.07324
4.0668
4.05962
4.05215
4.04486
4.03822
4.03269
4.02868
4.02663
4.02691
4.02975
4.03535
4.0438
4.05504
4.06881
4.08479
4.10249
4.12132
4.1407
4.15998
4.17853
4.19579
4.21119
4.22421
4.23438
4.24115
4.24402
4.24249
4.23597
4.22372
4.20557
4.18606
4.16636
4.14157
4.11191
4.07793
4.04118
4.00412
3.96685
3.95276
3.87104
4.22597
2.91933
7.11864
3.1395
3.09125
3.04575
3.00362
2.96932
2.94478
2.92251
2.89698
2.86823
2.8386
2.80999
2.78263
2.75529
2.72619
2.69696
2.66254
2.6136
2.52943
2.36992
2.11608
1.79671
1.46588
1.16925
0.928351
0.739787
0.578251
0.397668
0.156502
-0.0756251
-0.0851054
0.0576538
0.116184
0.114709
0.0998071
0.0740725
0.0390403
0.000535281
-0.0387287
-0.0783769
-0.119153
-0.162705
-0.210825
-0.265153
-0.327271
-0.3982
-0.478019
-0.565907
-0.660538
-0.760232
-0.8634
-0.96879
-1.07567
-1.18349
-1.2918
-1.40021
-1.50784
-1.61339
-1.71516
-1.81116
-1.89933
-1.97784
-2.04532
-2.10076
-2.14376
-2.17404
-2.19223
-2.1977
-2.19274
-2.17784
-2.1626
-2.12692
-2.10769
-2.0281
-2.04006
-1.83978
-2.02461
-1.43562
-2.32005
-0.380646
-3.93479
3.19424
3.25663
3.31604
3.37265
3.42684
3.47858
3.52803
3.57528
3.62048
3.66379
3.70533
3.74527
3.78373
3.82078
3.8564
3.89063
3.92345
3.95484
3.98478
4.01321
4.04011
4.06541
4.08909
4.11111
4.13139
4.14982
4.16626
4.1806
4.19265
4.20222
4.20915
4.21323
4.21431
4.2123
4.20709
4.1987
4.1872
4.17268
4.15539
4.13558
4.11362
4.08992
4.06492
4.03912
4.01303
3.98716
3.96199
3.93794
3.91539
3.89463
3.87584
3.85909
3.8444
3.83159
3.82052
3.81093
3.80251
3.79502
3.78812
3.78147
3.77481
3.76775
3.75994
3.751
3.74033
3.72709
3.71094
3.69545
3.6806
3.66228
3.6407
3.61637
3.59073
3.5659
3.54512
3.53846
3.50113
3.82507
2.64874
6.73409
2.79021
2.73494
2.70992
2.69014
2.67304
2.65642
2.63731
2.61526
2.59187
2.56787
2.54273
2.5155
2.48607
2.45533
2.42643
2.4026
2.37838
2.3391
2.28263
2.22158
2.16665
2.11055
2.04477
1.97031
1.89518
1.82674
1.76434
1.69815
1.61167
1.50014
1.53539
1.86284
1.97484
1.91341
1.81124
1.70734
1.60005
1.48691
1.3707
1.25322
1.13444
1.01407
0.891615
0.766089
0.636303
0.501667
0.362577
0.220093
0.0756126
-0.0695055
-0.214264
-0.358043
-0.500484
-0.641247
-0.779982
-0.915962
-1.04802
-1.17462
-1.2939
-1.4039
-1.50282
-1.58927
-1.66225
-1.72136
-1.76645
-1.79828
-1.81664
-1.82231
-1.81708
-1.81147
-1.78767
-1.77931
-1.71633
-1.73906
-1.56558
-1.75539
-1.21572
-2.08245
-0.243302
-3.71212
2.85229
2.89759
2.9416
2.98399
3.02516
3.06483
3.10292
3.13934
3.17407
3.20718
3.23878
3.26899
3.29799
3.32592
3.35296
3.37924
3.40483
3.42983
3.4543
3.4783
3.50182
3.52484
3.54738
3.56946
3.59107
3.61218
3.63271
3.65263
3.67179
3.69004
3.70714
3.72283
3.73682
3.74879
3.75837
3.76526
3.7692
3.76994
3.76731
3.76123
3.7517
3.73885
3.72285
3.70395
3.68248
3.65885
3.6335
3.60685
3.57934
3.55143
3.52351
3.49593
3.46903
3.44297
3.41796
3.39413
3.37148
3.35006
3.32983
3.31074
3.29275
3.27578
3.25973
3.2445
3.2297
3.21462
3.19901
3.18592
3.17433
3.16075
3.1454
3.12876
3.1121
3.09755
3.09022
3.09028
3.09109
3.38389
2.33577
6.27514
2.13994
2.12486
2.0753
2.03503
2.00542
1.98162
1.95815
1.93189
1.90263
1.87096
1.83686
1.79976
1.75923
1.71571
1.67089
1.62546
1.57812
1.52979
1.48221
1.42801
1.36099
1.28173
1.1925
1.10416
1.01724
0.927528
0.833823
0.737341
0.636206
0.528693
0.427934
0.405288
1.48547
2.69822
2.63775
2.50929
2.36199
2.20955
2.05342
1.89607
1.74003
1.58714
1.43822
1.29238
1.14742
1.00136
0.853572
0.704535
0.555235
0.406576
0.259041
0.112835
-0.0320674
-0.175589
-0.317524
-0.457287
-0.593836
-0.725731
-0.851187
-0.968261
-1.07509
-1.17009
-1.25209
-1.32045
-1.37488
-1.41598
-1.44362
-1.45732
-1.45958
-1.46144
-1.44718
-1.44739
-1.39834
-1.42961
-1.28
-1.47324
-0.979181
-1.82676
-0.0864979
-3.45409
2.14578
2.17838
2.21153
2.24527
2.2789
2.31229
2.3452
2.3774
2.40871
2.43899
2.4681
2.49604
2.5228
2.54847
2.57317
2.59704
2.62021
2.64287
2.66518
2.68729
2.70928
2.73125
2.75328
2.77543
2.79775
2.82025
2.84293
2.86583
2.88892
2.91215
2.93541
2.95853
2.98137
3.00365
3.02501
3.04516
3.06374
3.08032
3.09456
3.1061
3.11461
3.11989
3.12175
3.12006
3.11484
3.10616
3.09419
3.07916
3.06136
3.04119
3.01901
2.99528
2.97045
2.94488
2.91896
2.89306
2.86739
2.8422
2.81764
2.79393
2.77122
2.74968
2.7295
2.71085
2.69364
2.67748
2.66237
2.65106
2.64185
2.63178
2.62111
2.61036
2.6006
2.59414
2.59682
2.60183
2.63333
2.89479
1.9636
5.74034
1.78989
1.76182
1.77913
1.78031
1.7735
1.77108
1.77141
1.76819
1.75836
1.74261
1.72295
1.70101
1.67764
1.6533
1.62872
1.60531
1.58317
1.56246
1.5488
1.5536
1.56356
1.55997
1.56206
1.56864
1.55385
1.53284
1.52154
1.52007
1.52086
1.5189
1.51225
1.51074
1.53617
1.61746
1.73097
1.7375
1.69054
1.63022
1.56119
1.48134
1.39508
1.30726
1.21976
1.13195
1.0417
0.946612
0.845395
0.738629
0.628037
0.51527
0.401279
0.286375
0.17059
0.0539931
-0.0631508
-0.180288
-0.296509
-0.410548
-0.520821
-0.625542
-0.722879
-0.811176
-0.889028
-0.955517
-1.00998
-1.05267
-1.08333
-1.10065
-1.1069
-1.11299
-1.10509
-1.1109
-1.07257
-1.10956
-0.980179
-1.1741
-0.721749
-1.54358
0.0929269
-3.12237
1.83745
1.85339
1.86909
1.88451
1.90078
1.91761
1.93488
1.9524
1.96995
1.98728
2.00416
2.02038
2.03577
2.05017
2.06352
2.07576
2.08695
2.09719
2.10662
2.1154
2.12369
2.13175
2.13976
2.14789
2.15634
2.16525
2.17477
2.18503
2.19615
2.20821
2.22124
2.23527
2.2503
2.26622
2.28291
2.30019
2.31781
2.33543
2.3527
2.36927
2.38467
2.39848
2.4103
2.41971
2.42642
2.43013
2.43067
2.42795
2.42196
2.41284
2.40078
2.3861
2.36915
2.35031
2.32999
2.30858
2.28641
2.26381
2.24103
2.21839
2.19614
2.1746
2.1542
2.13524
2.11789
2.1021
2.0882
2.0786
2.07142
2.06418
2.05713
2.05079
2.04584
2.04476
2.05291
2.05847
2.11034
2.33911
1.50377
5.07571
1.40908
1.42962
1.40633
1.38773
1.37849
1.37656
1.37764
1.37676
1.3707
1.35903
1.34341
1.32586
1.30782
1.28979
1.27179
1.25398
1.2362
1.21676
1.19503
1.17793
1.18201
1.21368
1.25373
1.28897
1.34931
1.43035
1.46002
1.45053
1.43373
1.42294
1.41353
1.39823
1.37742
1.35956
1.36001
1.38303
1.36732
1.31261
1.25054
1.18682
1.11836
1.04613
0.975117
0.907169
0.840136
0.771179
0.69851
0.621751
0.54173
0.45988
0.377405
0.294781
0.211912
0.128552
0.0446059
-0.0397728
-0.124146
-0.207829
-0.289831
-0.368932
-0.443732
-0.512851
-0.574971
-0.629102
-0.674395
-0.710799
-0.737879
-0.754151
-0.760882
-0.768017
-0.763423
-0.772143
-0.741508
-0.781888
-0.668753
-0.860518
-0.445352
-1.22842
0.289543
-2.67166
1.37767
1.37699
1.37774
1.37992
1.38299
1.38706
1.39215
1.39826
1.40532
1.41319
1.42171
1.43067
1.43986
1.449
1.45783
1.4661
1.47364
1.48031
1.48597
1.49059
1.49418
1.49685
1.49874
1.49997
1.50076
1.50134
1.50194
1.50279
1.50415
1.50623
1.50925
1.5134
1.51886
1.52572
1.53408
1.54398
1.5554
1.56818
1.58213
1.59704
1.61254
1.62824
1.64369
1.65842
1.67196
1.68381
1.69357
1.70088
1.70548
1.70719
1.706
1.70196
1.69523
1.68605
1.67473
1.66156
1.64683
1.63087
1.61392
1.59632
1.57836
1.5604
1.54295
1.52642
1.51113
1.49727
1.4855
1.4781
1.47269
1.46743
1.46262
1.4588
1.45641
1.45827
1.46879
1.4719
1.5331
1.72867
0.967936
4.22234
0.728108
0.728105
0.752298
0.764166
0.769506
0.776865
0.786252
0.793299
0.794466
0.789209
0.779512
0.768087
0.75691
0.746655
0.736958
0.727104
0.716569
0.704672
0.690312
0.675504
0.665381
0.66146
0.651923
0.642289
0.656587
0.708512
0.835411
0.991358
1.0643
1.06593
1.04144
1.0186
1.00275
0.991736
0.984494
0.979423
1.01139
1.10313
1.14092
1.12112
1.09149
1.05193
0.99134
0.911175
0.821211
0.730624
0.643698
0.560754
0.480692
0.402784
0.327349
0.255398
0.187775
0.124616
0.0654307
0.00949074
-0.0438227
-0.0949177
-0.143887
-0.190545
-0.234431
-0.274931
-0.311318
-0.342972
-0.369258
-0.390147
-0.40524
-0.414044
-0.416242
-0.419823
-0.414195
-0.421695
-0.395174
-0.433872
-0.336837
-0.511031
-0.156226
-0.822105
0.428565
-1.87146
0.738711
0.728646
0.718571
0.708663
0.69974
0.691783
0.684938
0.67937
0.675174
0.672409
0.671105
0.671263
0.672824
0.675634
0.679512
0.684238
0.689576
0.695256
0.700964
0.706473
0.711562
0.716046
0.719795
0.722732
0.724848
0.726184
0.726852
0.726976
0.726756
0.726416
0.726172
0.726288
0.726998
0.728553
0.731177
0.735081
0.740421
0.747277
0.755708
0.765668
0.777019
0.789574
0.803075
0.81716
0.831416
0.845417
0.858699
0.87084
0.881462
0.890243
0.896976
0.901516
0.903842
0.904005
0.902145
0.898419
0.893023
0.886189
0.878076
0.868906
0.858902
0.848371
0.837722
0.827293
0.817422
0.808396
0.801064
0.796887
0.7945
0.792667
0.791597
0.791386
0.791301
0.792746
0.797772
0.785517
0.825424
0.982193
0.296106
2.89253
0.180696
0.202445
0.210086
0.216682
0.225337
0.236425
0.248215
0.258053
0.264145
0.266483
0.266498
0.266004
0.266269
0.267606
0.269504
0.27106
0.271469
0.270206
0.266759
0.260995
0.253104
0.242958
0.232749
0.227056
0.219484
0.210124
0.209972
0.227127
0.2739
0.376836
0.514364
0.59132
0.615186
0.616234
0.607298
0.588677
0.562025
0.523194
0.499976
0.50932
0.43841
0.306849
0.214457
0.17755
0.177053
0.189665
0.196921
0.190009
0.170802
0.146576
0.123484
0.103723
0.0865887
0.0706569
0.0550471
0.0394556
0.0238351
0.00814568
-0.00760891
-0.0233094
-0.0386782
-0.0533428
-0.0668686
-0.0789089
-0.0890674
-0.0974007
-0.10371
-0.108118
-0.108465
-0.110725
-0.107161
-0.114433
-0.0977926
-0.128353
-0.0657092
-0.182178
0.0342541
-0.34949
0.353348
-0.808643
0.155962
0.139327
0.123563
0.108496
0.0940238
0.0801958
0.0670836
0.0548126
0.0435134
0.0333528
0.0245003
0.0171309
0.0113976
0.00742691
0.00531854
0.00511299
0.00680073
0.0102986
0.0154654
0.022131
0.0300498
0.0389612
0.0485905
0.0586605
0.0688966
0.0790608
0.0889528
0.0984089
0.10734
0.115691
0.123464
0.130716
0.137548
0.144105
0.150545
0.157052
0.163804
0.170975
0.178708
0.187088
0.196153
0.205888
0.216213
0.226961
0.237926
0.248847
0.25943
0.269384
0.27843
0.28634
0.292929
0.298064
0.301696
0.303821
0.3045
0.303816
0.301895
0.29889
0.29491
0.290111
0.284659
0.278763
0.272674
0.266617
0.260808
0.255378
0.251066
0.250041
0.24785
0.244477
0.240236
0.235903
0.232339
0.232992
0.241632
0.244472
0.27709
0.358791
-0.00555756
1.2101
)
;

boundaryField
{
    inlet
    {
        type            freestreamPressure;
        freestreamValue uniform 0;
        value           nonuniform List<scalar> 
134
(
0.898376
0.282097
-0.366827
-0.936471
-1.35489
-1.62139
-1.68712
-1.54605
-1.20211
-0.553529
-0.100197
-0.168472
-0.286918
-0.399289
-0.514106
-0.635162
-0.763239
-0.898891
-1.04413
-1.20257
1.49568
-1.3791
-1.57612
-1.78441
-1.98043
-2.12254
-2.1924
-2.31449
-2.31942
-2.36755
-2.83172
-2.6037
-2.6153
-2.66876
-2.70933
-2.73107
-2.75259
-2.80378
-2.92747
-3.07661
2.05396
2.62371
3.09688
3.34168
3.25907
2.68117
1.43492
-3.39682
-3.32383
-3.209
-3.13548
-3.0817
-3.02122
-2.95305
-2.88374
-2.81517
-2.74616
-2.67549
-2.60277
-2.52769
-2.44955
-2.36744
-2.27999
-2.18501
-2.08026
-1.96293
-1.88828
-1.81821
-1.73384
-1.63559
-1.52171
-1.37533
-1.17647
-0.82383
-0.355787
0.501914
1.11984
1.80057
2.46945
3.11684
3.72865
4.24598
4.63932
4.91837
5.09265
5.18693
5.22889
5.24272
5.2479
5.27263
5.36202
5.5335
5.72109
5.87368
5.9975
6.1039
6.19519
6.26809
6.32094
6.35485
6.37328
6.3844
6.40487
6.47672
6.66373
7.0697
7.23981
7.06544
6.86482
6.73639
6.63245
6.51557
6.3881
6.25897
6.12906
5.99588
5.85814
5.71526
5.56638
5.40983
5.24308
5.06288
4.86309
4.63922
4.36471
4.19036
4.02015
3.80362
3.54513
3.24383
2.86917
2.38772
1.6364
0.685071
)
;
    }
    outlet
    {
        type            freestreamPressure;
        freestreamValue uniform 0;
        value           nonuniform List<scalar> 
160
(
0.00056197
0.00048499
0.000629646
0.000432983
0.000654332
0.000383651
0.000675616
0.000336603
0.000703059
0.000291515
0.000737876
0.000248547
0.000774781
0.000207911
0.000805668
0.000169978
0.000825062
0.000135128
0.000832939
0.00010385
0.000833641
7.66348e-05
0.000832684
5.3991e-05
0.000833926
3.63574e-05
0.00083832
2.40956e-05
0.000844314
1.7489e-05
0.000849202
1.66481e-05
0.000850523
2.15387e-05
0.000846562
3.19111e-05
0.000835742
4.73461e-05
0.000817976
6.73429e-05
0.000793811
9.11775e-05
0.000762339
0.000118083
0.000730464
0.000147251
0.000713239
0.000177863
0.00069069
0.000209106
0.000661809
0.00024027
0.000660861
0.000270756
0.000713208
0.000300069
0.000857069
0.000327933
0.00117542
0.000354171
0.00160037
0.000378773
0.00183417
0.000401902
0.00190481
0.000423844
0.00190666
0.000445029
0.00187907
0.000465927
0.00182397
0.000487091
0.00174754
0.000509071
0.00163587
0.000532395
0.0015797
0.000557522
0.00161671
0.000584726
0.00139589
0.000614141
0.000982192
0.000645752
0.000686623
0.000679334
0.00056567
0.000714405
0.00056122
0.000750347
0.000599428
0.000786386
0.000621986
0.000821624
0.000600955
0.000855167
0.000541524
0.000886155
0.000465921
0.000913866
0.000393327
0.000937715
0.000330814
0.000957262
0.000276378
0.000972322
0.000225684
0.000982853
0.000176046
0.000989009
0.000126558
0.000991023
7.70991e-05
0.000989252
2.7553e-05
0.000984157
-2.20825e-05
0.000976047
-7.14733e-05
0.000965395
-0.000119809
0.000952707
-0.00016599
0.000938646
-0.000208719
0.000924032
-0.000246956
0.000909611
-0.000279491
0.00089613
-0.000306496
0.000884065
-0.000327358
0.000875992
-0.000342228
0.000878558
-0.000344319
0.000876454
-0.000352351
0.000870708
-0.000342503
0.000862356
-0.000366385
0.00085419
-0.000315733
0.00084938
-0.000413167
0.000860712
-0.000215892
0.00090296
-0.000585571
0.000926356
0.000116695
0.00106421
-0.00109181
0.00140147
0.00131689
-2.27152e-05
-0.00223398
0.00461771
)
;
    }
    walls
    {
        type            zeroGradient;
    }
    frontAndBack
    {
        type            empty;
    }
}


// ************************************************************************* //
