/*--------------------------------*- C++ -*----------------------------------*\
| =========                 |                                                 |
| \\      /  F ield         | OpenFOAM: The Open Source CFD Toolbox           |
|  \\    /   O peration     | Version:  2312                                  |
|   \\  /    A nd           | Website:  www.openfoam.com                      |
|    \\/     M anipulation  |                                                 |
\*---------------------------------------------------------------------------*/
FoamFile
{
    version     2.0;
    format      ascii;
    arch        "LSB;label=32;scalar=64";
    class       volScalarField;
    location    "350";
    object      p;
}
// * * * * * * * * * * * * * * * * * * * * * * * * * * * * * * * * * * * * * //

dimensions      [0 2 -2 0 0 0 0];

internalField   nonuniform List<scalar> 
10720
(
-1.4707
-67.6255
-146.13
-224.607
-298.376
-374.221
-442.458
-500.796
-552.298
-593.593
-626.196
-651.012
-668.929
-681.166
-687.918
-688.757
-684.597
-674.497
-659.667
-639.121
-614.004
-583.309
-546.998
-502.659
-448.288
-401.204
-370.915
-320.73
-262.455
-224.434
-190.697
-149.628
-101.184
-53.3226
-22.4562
-16.1444
-14.5571
-44.1563
-121.705
63.7725
122.67
184.135
240.246
286.469
318.812
334.302
336.685
328.764
309.423
284.137
258.09
232.822
208.827
186.703
166.125
147.033
128.91
111.455
94.1068
76.7839
59.1676
41.3902
23.9137
8.64444
-3.22327
-12.797
-20.6407
-26.8486
-31.3566
-34.2378
-35.6461
-35.7718
-34.7633
-32.8589
-30.1535
-27.0424
-22.5872
-14.8083
85.3331
35.6371
-20.6985
-81.289
-144.159
-209.047
-272.619
-332.854
-389.006
-439.311
-483.312
-520.957
-552.316
-577.342
-595.99
-607.799
-613.433
-612.795
-606.693
-594.828
-577.708
-554.245
-523.191
-480.86
-429.593
-382.442
-342.184
-306.732
-272.037
-234.659
-194.038
-150.301
-101.533
-53.6913
-22.3734
-16.3647
-14.6968
-45.8547
-124.219
129.639
171.521
212.781
251.796
285.054
309.959
323.812
327.116
320.456
304.766
283.979
261.314
238.208
215.426
193.63
172.959
153.451
134.836
116.851
99.1327
81.5705
63.923
46.2623
29.0663
13.8744
1.60697
-8.52593
-16.9111
-23.5715
-28.4744
-31.7162
-33.4719
-33.9266
-33.222
-31.5865
-29.0769
-26.1837
-20.331
-12.0274
94.5364
50.0237
-0.687644
-57.2197
-116.356
-177.511
-239.19
-298.864
-354.976
-406.484
-452.111
-491.444
-524.027
-549.701
-568.82
-581.658
-588.437
-589.114
-584.023
-573.075
-556.393
-533.427
-503.671
-465.076
-419.383
-374.876
-334.938
-303.078
-270.753
-233.055
-192.165
-148.867
-101.646
-54.9813
-22.5463
-16.898
-14.5669
-47.3092
-123.914
134.297
172.477
209.959
244.808
273.977
295.878
308.908
313.091
308.6
296.399
279.007
258.771
237.267
215.516
194.263
173.864
154.426
135.832
117.878
100.263
82.8261
65.4216
48.1076
31.2519
16.0862
3.52482
-6.86189
-15.4523
-22.2821
-27.343
-30.7377
-32.632
-33.2017
-32.5871
-31.001
-28.5173
-25.3806
-19.4967
-10.2811
110.316
73.12
30.1832
-17.501
-67.9508
-121.154
-175.569
-229.51
-281.702
-331.009
-376.311
-416.892
-452.18
-481.913
-505.919
-524.378
-537.041
-543.627
-544.143
-538.5
-526.616
-508.082
-482.567
-448.913
-408.778
-367.722
-331.546
-300.318
-267.388
-230.252
-190.317
-147.892
-102.052
-56.7751
-23.6485
-18.0242
-14.4607
-48.5958
-122.775
143.331
174.732
205.88
235.403
260.487
279.882
292.244
297.153
294.565
285.305
271.128
253.838
234.803
215.009
195.18
175.736
156.878
138.618
120.838
103.343
86.0079
68.7469
51.6147
34.9733
19.8363
7.06115
-3.56574
-12.4029
-19.502
-24.8512
-28.5477
-30.7292
-31.5649
-31.1887
-29.8026
-27.4553
-24.3483
-18.4231
-7.35249
112.505
79.509
41.2442
-1.53959
-46.908
-95.2912
-145.423
-195.781
-245.406
-293.18
-337.984
-379.017
-415.571
-447.095
-473.222
-493.79
-508.377
-516.933
-519.339
-515.603
-505.636
-489.221
-466.094
-435.596
-398.832
-360.482
-325.983
-295.012
-262.653
-226.792
-188.034
-146.717
-102.251
-58.5191
-25.4993
-19.6023
-14.5116
-50.0482
-121.769
141.854
169.629
197.281
223.523
245.892
263.53
275.375
280.83
279.79
272.958
261.565
246.975
230.296
212.417
194.038
175.62
157.44
139.615
122.123
104.861
87.7455
70.7308
53.8886
37.55
22.5391
9.63713
-1.20477
-10.2728
-17.615
-23.2133
-27.1452
-29.538
-30.5547
-30.3288
-29.0527
-26.765
-23.6196
-17.696
-6.48692
112.791
83.6626
49.7135
11.7825
-28.4251
-71.607
-116.594
-162.178
-207.667
-252.055
-294.404
-333.959
-369.973
-401.813
-429.013
-451.225
-468.136
-479.558
-485.23
-484.954
-478.5
-465.612
-446.035
-419.416
-386.745
-351.776
-319.105
-288.939
-257.606
-222.995
-185.334
-145.202
-102.275
-60.2096
-27.8146
-21.3106
-14.7384
-51.8628
-122.012
138.718
163.173
187.712
211.195
231.36
247.59
258.966
264.789
264.943
260.037
250.97
238.795
224.39
208.514
191.802
174.696
157.502
140.397
123.434
106.586
89.8178
73.1266
56.6017
40.5545
25.6803
12.6891
1.66258
-7.60699
-15.167
-20.9988
-25.1656
-27.7925
-29.0314
-29.0087
-27.901
-25.7369
-22.6156
-16.7398
-7.0919
110.031
83.8238
53.1952
18.952
-17.2577
-56.3438
-97.2753
-138.998
-181.057
-222.569
-262.725
-300.857
-336.215
-368.132
-396.067
-419.549
-438.149
-451.441
-459.088
-460.835
-456.481
-445.847
-428.779
-405.161
-375.825
-343.703
-312.692
-283.388
-252.937
-219.383
-182.771
-143.829
-102.45
-61.9726
-30.4577
-23.0967
-15.4576
-53.8068
-123.191
133.395
155.365
177.538
198.869
217.287
232.383
243.315
249.35
250.428
247.042
239.891
229.8
217.462
203.498
188.454
172.727
156.619
140.346
124.016
107.667
91.3149
74.9992
58.8276
43.096
28.4009
15.3853
4.22115
-5.2231
-12.9865
-19.0463
-23.4509
-26.3079
-27.7566
-27.9147
-26.9478
-24.8745
-21.7596
-15.9428
-7.13022
106.121
82.3952
54.6122
23.5871
-9.11649
-44.5224
-81.6858
-119.689
-158.242
-196.594
-234.053
-270.062
-303.933
-335.021
-362.752
-386.6
-406.043
-420.676
-430.128
-434.058
-432.165
-424.215
-410.043
-389.627
-363.66
-334.477
-305.4
-277.229
-247.804
-215.442
-180.041
-142.386
-102.609
-63.7291
-33.2455
-25.001
-16.9106
-55.355
-123.018
127.312
147.197
167.395
186.935
203.901
218.037
228.537
234.674
236.446
234.251
228.657
220.335
209.83
197.641
184.227
169.919
155
139.693
124.138
108.419
92.5965
76.7423
60.9835
45.6034
31.1306
18.1492
6.89314
-2.69491
-10.6372
-16.9051
-21.5309
-24.6073
-26.2637
-26.6121
-25.803
-23.8459
-20.7669
-15.0587
-6.60506
101.386
79.7154
54.3194
25.9882
-3.77301
-36.0443
-69.9737
-104.733
-140.166
-175.624
-210.529
-244.434
-276.718
-306.781
-334.063
-358.008
-378.06
-393.749
-404.607
-410.198
-410.169
-404.308
-392.493
-374.779
-351.746
-325.236
-298.025
-271
-242.6
-211.433
-177.262
-140.898
-102.692
-65.42
-36.0276
-27.0685
-19.0439
-55.5496
-120.764
120.771
138.941
157.499
175.535
191.271
204.571
214.654
220.818
223.099
221.837
217.506
210.665
201.754
191.171
179.29
166.377
152.679
138.407
123.712
108.708
93.4892
78.1568
62.8532
47.8546
33.6396
20.743
9.43916
-0.262092
-8.36106
-14.822
-19.6613
-22.956
-24.8206
-25.3574
-24.7018
-22.8553
-19.8125
-14.2195
-5.86409
96.2874
76.378
53.0414
27.0433
-0.172456
-29.7051
-60.7634
-92.5985
-125.15
-157.849
-190.223
-221.915
-252.378
-281.085
-307.503
-331.071
-351.235
-367.474
-379.32
-386.31
-388.017
-384.198
-374.713
-359.631
-339.421
-315.522
-290.243
-264.5
-237.221
-207.296
-174.403
-139.365
-102.714
-67.0443
-38.7403
-29.2766
-21.5653
-54.5761
-117.773
114.128
130.839
147.994
164.739
179.414
191.966
201.647
207.781
210.43
209.897
206.588
200.978
193.435
184.279
173.808
162.232
149.753
136.556
122.789
108.579
94.0403
79.2961
64.5016
49.9262
36.0127
23.2566
11.9566
2.18006
-6.04664
-12.6785
-17.7161
-21.218
-23.2846
-24.0094
-23.5115
-21.7848
-18.7954
-13.326
-5.03883
91.0364
72.6485
51.0939
27.1147
2.10567
-25.0398
-53.5787
-82.8282
-112.782
-142.95
-172.947
-202.498
-231.124
-258.365
-283.738
-306.713
-326.736
-343.283
-355.839
-363.934
-367.061
-364.961
-357.501
-344.745
-327.072
-305.591
-282.208
-257.808
-231.697
-203.036
-171.456
-137.78
-102.678
-68.5976
-41.3595
-31.5424
-24.2152
-53.7071
-113.535
107.546
123
138.939
154.56
168.308
180.178
189.465
195.534
198.445
198.479
195.993
191.405
185.029
177.122
167.928
157.604
146.307
134.19
121.387
108.023
94.2241
80.1239
65.8842
51.7685
38.1958
25.6294
14.3808
4.56542
-3.76184
-10.5441
-15.766
-19.4676
-21.7327
-22.6442
-22.3041
-20.699
-17.7703
-12.4236
-4.18337
85.7914
68.739
48.7467
26.5387
3.46154
-21.5809
-47.8855
-74.8213
-102.427
-130.27
-158.033
-185.513
-212.296
-237.992
-262.166
-284.324
-303.943
-320.503
-333.471
-342.389
-346.709
-346.138
-340.526
-329.917
-314.596
-295.406
-273.905
-250.914
-226.028
-198.658
-168.425
-136.139
-102.58
-70.0697
-43.875
-33.7712
-26.8416
-52.8059
-107.527
101.137
115.492
130.362
144.989
157.915
169.159
178.063
184.036
187.125
187.6
185.779
182.037
176.647
169.826
161.774
152.602
142.428
131.373
119.546
107.064
94.0498
80.642
67.0011
53.3848
40.1938
27.8665
16.7193
6.90565
-1.49009
-8.39768
-13.7852
-17.6739
-20.1299
-21.2247
-21.0432
-19.5649
-16.7084
-11.4899
-3.31796
80.6465
64.7733
46.1628
25.521
4.14901
-19.0303
-43.3489
-68.2155
-93.7047
-119.431
-145.128
-170.651
-195.645
-219.784
-242.688
-263.907
-282.953
-299.324
-312.489
-321.992
-327.275
-327.997
-324
-315.305
-302.114
-285.054
-265.385
-243.84
-220.221
-194.165
-165.306
-134.434
-102.412
-71.449
-46.285
-35.8959
-29.3465
-51.4752
-100.185
94.9599
108.347
122.262
136
148.187
158.856
167.391
173.242
176.446
177.26
175.975
172.931
168.374
162.493
155.448
147.323
138.2
128.167
117.31
105.724
93.5249
80.8447
67.8402
54.7602
41.9897
29.947
18.9488
9.17777
0.745833
-6.26114
-11.7952
-15.8581
-18.4973
-19.7717
-19.7488
-18.4003
-15.6253
-10.5395
-2.4708
75.6569
60.8341
43.4575
24.2138
4.36055
-17.1564
-39.7
-62.7091
-86.288
-110.086
-133.877
-157.563
-180.844
-203.445
-225.044
-245.239
-263.575
-279.583
-292.748
-302.615
-308.652
-310.465
-307.884
-300.903
-289.649
-274.571
-256.677
-236.599
-214.284
-189.561
-162.097
-132.657
-102.163
-72.7219
-48.5851
-37.8886
-31.66
-49.7869
-92.222
89.0472
101.569
114.631
127.565
139.081
149.216
157.397
163.108
166.376
167.451
166.597
164.129
160.275
155.199
149.041
141.857
133.704
124.641
114.727
104.035
92.6655
80.7385
68.4013
55.8908
43.5772
31.8625
21.06
11.3734
2.94
-4.13801
-9.79648
-14.018
-16.8305
-18.2788
-18.4135
-17.1982
-14.5153
-9.56956
-1.64397
70.8531
56.9741
40.7074
22.722
4.22992
-15.7956
-36.7418
-58.0805
-79.9297
-101.969
-124.008
-145.984
-167.644
-188.761
-209.058
-228.182
-245.721
-261.24
-274.251
-284.304
-290.903
-293.612
-292.248
-286.778
-277.266
-264.018
-247.825
-229.215
-208.228
-184.85
-158.796
-130.801
-101.825
-73.8752
-50.7629
-39.7494
-33.7469
-47.9719
-84.1544
83.4133
95.1559
107.446
119.652
130.552
140.191
148.032
153.59
156.884
158.154
157.647
155.654
152.392
148.008
142.624
136.282
129.015
120.859
111.848
102.032
91.4925
80.3334
68.6868
56.7732
44.9488
33.602
23.0393
13.4787
5.07921
-2.04029
-7.79976
-12.1627
-15.1374
-16.7528
-17.0437
-15.9643
-13.3833
-8.58596
-0.838967
66.2529
53.2285
37.9676
21.1225
3.85792
-14.8193
-34.3217
-54.1499
-74.4299
-94.8661
-115.299
-135.691
-155.826
-175.521
-194.541
-212.578
-229.264
-244.2
-256.931
-267.017
-274.006
-277.437
-277.106
-272.958
-265.006
-253.438
-238.864
-221.708
-202.064
-180.038
-155.402
-128.86
-101.39
-74.8964
-52.8004
-41.4888
-35.5985
-46.1774
-76.3107
78.0619
89.1006
100.69
112.23
122.561
131.735
139.252
144.647
147.936
149.35
149.122
147.522
144.757
140.966
136.258
130.662
124.197
116.879
108.721
99.7529
90.0318
79.6434
68.7012
57.407
46.1014
35.1582
24.8764
15.4824
7.15306
0.0229814
-5.81214
-10.2974
-13.4212
-15.1957
-15.64
-14.6987
-12.2297
-7.5902
-0.0555944
61.8678
49.6202
35.2761
19.4706
3.31916
-14.1329
-32.326
-50.7819
-69.634
-88.6096
-107.568
-126.493
-145.203
-163.548
-181.335
-198.294
-214.097
-228.387
-240.741
-250.739
-257.966
-261.959
-262.491
-259.486
-252.918
-242.883
-229.836
-214.105
-195.804
-175.13
-151.915
-126.828
-100.848
-75.7746
-54.6792
-43.115
-37.2184
-44.4776
-68.9152
72.9914
83.3911
94.3386
105.267
115.071
123.807
131.014
136.241
139.5
141.018
141.011
139.735
137.391
134.108
129.987
125.05
119.306
112.757
105.398
97.237
88.3123
78.6875
68.455
57.7955
47.032
36.5244
26.5615
17.3732
9.1501
2.04118
-3.84295
-8.42975
-11.688
-13.6122
-14.2064
-13.4049
-11.0573
-6.58582
0.705424
57.7025
46.1646
32.6629
17.8063
2.67202
-13.6649
-30.663
-47.8696
-65.4187
-83.0577
-100.662
-118.234
-135.616
-152.692
-169.297
-185.2
-200.114
-213.715
-225.618
-235.429
-242.765
-247.178
-248.418
-246.391
-241.042
-232.398
-220.781
-206.43
-189.463
-170.136
-148.335
-124.697
-100.19
-76.5002
-56.3832
-44.6272
-38.6133
-42.9179
-62.1141
68.1974
78.0128
88.3707
98.7336
108.047
116.371
123.28
128.334
131.547
133.136
133.305
132.297
130.307
127.459
123.847
119.491
114.392
108.542
101.921
94.5228
86.3638
77.4864
67.9612
57.9451
47.7418
37.6966
28.0865
19.141
11.0596
4.00409
-1.9013
-6.56729
-9.94375
-12.0068
-12.7462
-12.0853
-9.8684
-5.5755
1.44442
53.7572
42.8723
30.1446
16.1615
1.95667
-13.3576
-29.2632
-45.3263
-61.685
-78.0993
-94.4604
-110.783
-126.933
-142.816
-158.298
-173.179
-187.21
-200.101
-211.503
-221.051
-228.386
-233.094
-234.902
-233.701
-229.417
-222.024
-211.735
-198.712
-183.057
-165.062
-144.664
-122.465
-99.4069
-77.064
-57.8991
-46.0187
-39.7927
-41.5213
-55.9801
63.6735
72.9514
82.7651
92.6032
101.457
109.393
116.015
120.896
124.047
125.68
125.988
125.203
123.512
121.037
117.867
114.021
109.496
104.276
98.3348
91.6487
84.2176
76.0634
67.2343
57.864
48.2346
38.6735
29.4458
20.777
12.8717
5.90154
0.00342218
-4.71826
-8.1952
-10.3852
-11.2636
-10.7436
-8.66581
-4.56247
2.16148
50.0305
39.7487
27.7353
14.5569
1.20724
-13.1686
-28.0703
-43.0862
-58.3528
-73.6434
-88.8599
-104.03
-119.035
-133.802
-148.223
-162.125
-175.292
-187.466
-198.334
-207.559
-214.804
-219.699
-221.95
-221.438
-218.075
-211.8
-202.738
-190.979
-176.605
-159.92
-140.906
-120.126
-98.4914
-77.4571
-59.2176
-47.2791
-40.7682
-40.2881
-50.5235
59.4112
68.1929
77.5016
86.8501
95.2726
102.841
109.187
113.895
116.975
118.632
119.05
118.448
117.01
114.855
112.068
108.669
104.653
100.001
94.6777
88.6512
81.9056
74.4444
66.2944
57.5656
48.5162
39.4556
30.6354
22.2738
14.577
7.72398
1.86181
-2.89106
-6.44944
-8.75302
-9.76349
-9.38374
-7.45265
-3.54972
2.85646
46.5179
36.7953
25.4442
13.0102
0.448353
-13.0621
-27.0404
-41.0932
-55.3558
-69.6131
-83.778
-97.8832
-111.829
-125.555
-138.977
-151.946
-164.275
-175.737
-186.049
-194.907
-201.994
-206.982
-209.566
-209.617
-207.047
-201.764
-193.825
-183.261
-170.127
-154.722
-137.064
-117.679
-97.437
-77.6718
-60.3314
-48.3977
-41.553
-39.2035
-45.7176
55.4023
63.7225
72.5601
81.4499
89.4674
96.6878
102.769
107.306
110.307
111.971
112.473
112.023
110.799
108.919
106.465
103.457
99.8911
95.7468
90.9848
85.5648
79.4592
72.6561
65.1626
57.0639
48.5949
40.046
31.6534
23.6259
16.1678
9.46214
3.6646
-1.09436
-4.71406
-7.11692
-8.25107
-8.01009
-6.2324
-2.54025
3.52973
43.214
34.0116
23.2754
11.5327
-0.299925
-13.0108
-26.1363
-39.302
-52.6382
-65.9446
-79.1402
-92.2643
-105.228
-117.986
-130.471
-142.556
-154.079
-164.841
-174.59
-183.049
-189.924
-194.927
-197.748
-198.253
-196.355
-191.947
-185.03
-175.586
-163.642
-149.48
-133.147
-115.125
-96.2386
-77.7016
-61.2349
-49.3648
-42.1615
-38.2479
-41.5209
51.6356
59.5255
67.9215
76.3805
84.0163
90.9075
96.7332
101.101
104.017
105.676
106.243
105.918
104.877
103.232
101.067
98.4022
95.2344
91.5429
87.2869
82.4212
76.9091
70.7253
63.8596
56.3749
48.4819
40.4504
32.5003
24.8296
17.6372
11.1076
5.40274
0.663026
-2.99706
-5.48387
-6.73221
-6.62756
-5.00884
-1.53715
4.18183
40.1116
31.3944
21.2319
10.1329
-1.02472
-12.9932
-25.3299
-37.6755
-50.158
-62.5859
-74.8877
-87.1048
-99.1593
-111.018
-122.627
-133.878
-144.632
-154.714
-163.9
-171.941
-178.563
-183.515
-186.491
-187.356
-186.021
-182.378
-176.384
-167.984
-157.174
-144.21
-129.16
-112.463
-94.8924
-77.5409
-61.9243
-50.1726
-42.6084
-37.4021
-37.888
48.1
55.5885
63.5694
71.6217
78.8975
85.4758
91.0559
95.2578
98.0851
99.7278
100.343
100.123
99.2368
97.7967
95.8821
93.5172
90.7006
87.4119
83.6105
79.2488
74.2837
68.6787
62.409
55.5173
48.1901
40.6761
33.1788
25.8825
18.9796
12.6528
7.06754
2.37224
-1.30661
-3.86121
-5.21321
-5.24148
-3.786
-0.543355
4.81303
37.2027
28.9395
19.3131
8.81521
-1.71419
-12.9933
-24.598
-36.1844
-47.8767
-59.4946
-70.971
-82.3504
-93.563
-104.585
-115.377
-125.844
-135.868
-145.294
-153.924
-161.535
-167.877
-172.724
-175.787
-176.927
-176.061
-173.083
-167.918
-160.481
-150.743
-138.927
-125.113
-109.696
-93.3968
-77.1871
-62.3971
-50.8151
-42.9084
-36.6499
-34.7739
44.7849
51.8962
59.4868
67.1552
74.09
80.37
85.7137
89.7526
92.4902
94.1093
94.7604
94.6258
93.8721
92.6081
90.9124
88.8109
86.3039
83.3732
79.9794
76.0739
71.6095
66.542
60.8343
54.5103
47.734
40.7326
33.6926
26.7849
20.1914
14.091
8.651
4.02485
0.348621
-2.25686
-3.7009
-3.8576
-2.56823
0.43825
5.42397
34.4782
26.6412
17.5172
7.58156
-2.36139
-12.9986
-23.9222
-34.804
-45.7648
-56.6328
-67.3459
-77.9503
-88.3844
-98.6321
-108.661
-118.393
-127.726
-136.525
-144.613
-151.791
-157.834
-162.533
-165.626
-166.97
-166.488
-164.082
-159.657
-153.103
-144.371
-133.647
-121.015
-106.829
-91.7519
-76.6387
-62.6535
-51.288
-43.0756
-35.977
-32.1362
41.679
48.4359
55.6577
62.9618
69.5731
75.5692
80.6861
84.5668
87.2131
88.8023
89.4782
89.4151
88.775
87.664
86.1593
84.289
82.0553
79.4423
76.4126
72.9187
68.9109
64.3392
59.1573
53.3735
47.1291
40.6313
34.0487
27.5381
21.27
15.4174
10.1458
5.61234
1.96045
-0.678601
-2.20255
-2.48196
-1.3601
1.40478
6.01505
31.9292
24.4932
15.8409
6.43243
-2.96227
-13.0002
-23.2891
-33.5158
-43.7975
-53.9702
-63.9773
-73.8644
-83.5771
-93.1064
-102.426
-111.471
-120.153
-128.354
-135.918
-142.667
-148.397
-152.919
-155.995
-157.482
-157.311
-155.393
-151.622
-145.872
-138.077
-128.384
-116.878
-103.868
-89.9596
-75.898
-62.6944
-51.5897
-43.123
-35.3714
-29.9342
38.7711
45.1935
52.0666
59.0245
65.3285
71.0548
75.9534
79.6805
82.2357
83.7907
84.4829
84.479
83.9365
82.9587
81.6215
79.9542
77.9619
75.6308
72.9265
69.8029
66.2097
62.0932
57.4003
52.126
46.3921
40.3843
34.2549
28.1456
22.215
16.6276
11.5457
7.12712
3.52064
0.865542
-0.725619
-1.12094
-0.166439
2.35339
6.58689
29.5471
22.4883
14.2804
5.36709
-3.51383
-12.991
-22.6874
-32.3039
-41.9539
-51.4811
-60.834
-70.0571
-79.1025
-87.9648
-96.626
-105.029
-113.099
-120.733
-127.793
-134.122
-139.533
-143.856
-146.878
-148.456
-148.532
-147.028
-143.833
-138.811
-131.881
-123.155
-112.712
-100.821
-88.0247
-74.9675
-62.5248
-51.7198
-43.0623
-34.8231
-28.1287
36.0497
42.1562
48.6991
55.3287
61.3401
66.8095
71.4983
75.0762
77.541
79.0587
79.7603
79.8056
79.3471
78.4857
77.296
75.8081
74.0295
71.9488
69.5346
66.7431
63.5249
59.8247
55.5844
50.7885
45.54
40.0054
34.3204
28.6127
23.0273
17.7192
12.8451
8.56205
5.02108
2.36745
0.722385
0.218852
1.00791
3.28108
7.13986
27.3224
20.6199
12.8304
4.38399
-4.01513
-12.9665
-22.1085
-31.1562
-40.2176
-49.145
-57.8906
-66.4988
-74.9252
-83.1697
-91.2184
-99.0229
-106.52
-113.619
-120.198
-126.118
-131.211
-135.319
-138.258
-139.885
-140.152
-138.996
-136.304
-131.936
-125.799
-117.975
-108.53
-97.6959
-85.9542
-73.8541
-62.1502
-51.6811
-42.9041
-34.3228
-26.6794
33.5041
39.3119
45.5419
51.8593
57.5923
62.8167
67.3043
70.7375
73.1131
74.5915
75.2974
75.3836
74.9981
74.2389
73.1792
71.8499
70.2605
68.4023
66.2468
63.753
60.8731
57.5524
53.7291
49.3791
44.5893
39.5081
34.2557
28.9454
23.7091
18.6907
14.0403
9.91065
6.45409
3.81932
2.13377
1.53087
2.15786
4.18522
7.67429
25.2462
18.8804
11.4863
3.48015
-4.46601
-12.924
-21.5462
-30.062
-38.5746
-46.9439
-55.1247
-63.1622
-71.0153
-78.6862
-86.1664
-93.4145
-100.376
-106.971
-113.094
-118.618
-123.396
-127.282
-130.115
-131.758
-132.171
-131.303
-129.046
-125.261
-119.848
-112.857
-104.345
-94.5041
-83.7561
-72.5667
-61.5794
-51.4778
-42.656
-33.8627
-25.5438
31.1241
36.6488
42.5818
48.6022
54.0705
59.0609
63.3558
66.6492
68.9374
70.375
71.081
71.2013
70.8795
70.2107
69.2656
68.0772
66.6558
64.9955
63.0708
60.8437
58.269
55.2924
51.8512
47.9151
43.5564
38.9067
34.0719
29.1516
24.2643
19.5425
15.1277
11.1678
7.8129
5.21336
3.50099
2.80832
3.27836
5.06281
8.19032
23.31
17.2626
10.2427
2.65223
-4.86724
-12.8608
-20.9955
-29.0131
-37.013
-44.8618
-52.5177
-60.0248
-67.3459
-74.4851
-81.4375
-88.1677
-94.629
-100.752
-106.442
-111.589
-116.059
-119.72
-122.431
-124.062
-124.58
-123.949
-122.068
-118.799
-114.04
-107.816
-100.169
-91.2566
-81.4421
-71.1154
-60.8231
-51.1161
-42.326
-33.4349
-24.679
28.8999
34.1558
39.8069
45.5451
50.7612
55.5283
59.6386
62.797
65
66.396
67.0989
67.2479
66.9815
66.393
65.5503
64.4871
63.2155
61.7311
60.0122
58.0239
55.7235
53.0586
49.9667
46.4129
42.457
38.2154
33.7807
29.2396
24.6978
20.276
16.106
12.3288
9.09121
6.54231
4.81665
4.04453
4.36425
5.91115
8.68779
21.5055
15.7599
9.09413
1.89689
-5.22032
-12.7767
-20.4531
-28.0038
-35.5241
-42.8873
-50.0541
-57.068
-63.8951
-70.5406
-77.003
-83.2519
-89.2473
-94.9279
-100.211
-104.997
-109.169
-112.605
-115.184
-116.781
-117.373
-116.934
-115.373
-112.559
-108.388
-102.864
-96.015
-87.9658
-79.0244
-69.5139
-59.8934
-50.6045
-41.9193
-33.0324
-24.0442
26.822
31.8232
37.2061
42.676
47.6517
52.2057
56.1389
59.168
61.2881
62.6425
63.3395
63.5126
63.2954
62.778
62.0267
61.0752
59.9372
58.61
57.0748
55.3002
53.2463
50.8631
48.0893
44.8871
41.3058
37.4479
33.3937
29.2187
25.0158
20.8937
16.9742
13.3905
10.2837
7.79974
6.07386
5.23324
5.4107
6.72739
9.16641
19.825
14.3654
8.03546
1.21033
-5.52721
-12.6714
-19.9165
-27.0293
-34.1005
-41.0097
-47.7207
-54.2754
-60.6431
-66.8302
-72.8377
-78.6394
-84.2007
-89.4683
-94.3685
-98.8142
-102.699
-105.915
-108.353
-109.9
-110.539
-110.254
-108.965
-106.548
-102.902
-98.0129
-91.8955
-84.6456
-76.5171
-67.7762
-58.8043
-49.9529
-41.4406
-32.6479
-23.599
24.8818
29.6411
34.7691
39.9833
44.7304
49.0809
52.8447
55.7495
57.7892
59.1024
59.7919
59.9855
59.8118
59.3578
58.6884
57.8372
56.8184
55.6318
54.2608
52.6773
50.8447
48.7155
46.2309
43.3511
40.1165
36.6173
32.9231
29.0984
25.2249
21.3993
17.7334
14.3508
11.3858
8.97977
7.26624
6.3683
6.41292
7.50887
9.62571
18.261
13.0727
7.06151
0.58883
-5.78991
-12.545
-19.3839
-26.085
-32.7351
-39.2195
-45.5053
-51.6323
-57.5728
-63.3344
-68.9192
-74.3054
-79.4627
-84.345
-88.8868
-93.0104
-96.6218
-99.6217
-101.917
-103.403
-104.066
-103.902
-102.842
-100.77
-97.5901
-93.2735
-87.8233
-81.309
-73.9356
-65.9185
-57.5713
-49.1715
-40.8941
-32.2739
-23.3051
23.071
27.6006
32.4861
37.457
41.9862
46.1427
49.7446
52.5297
54.4922
55.7647
56.4454
56.6562
56.5211
56.1246
55.5286
54.7673
53.8556
52.7945
51.5705
50.1582
48.524
46.6239
44.4012
41.8162
38.9013
35.7357
32.3798
28.8886
25.3326
21.7978
18.385
15.2084
12.3943
10.0773
8.38789
7.44406
7.36642
8.25286
10.0648
16.8065
11.8759
6.16729
0.0286696
-6.01066
-12.3985
-18.8544
-25.1683
-31.4228
-37.5097
-43.3979
-49.1261
-54.6688
-60.0347
-65.2274
-70.2276
-75.0096
-79.5331
-83.7394
-87.5604
-90.9116
-93.7037
-95.8559
-97.271
-97.9419
-97.8724
-97.0022
-95.229
-92.4592
-88.6559
-83.8105
-77.9705
-71.2954
-63.9575
-56.2107
-48.2731
-40.2826
-31.9025
-23.1274
21.3821
25.6934
30.3482
35.0874
39.409
43.3803
46.8272
49.4979
51.3858
52.6185
53.2896
53.5153
53.4148
53.0699
52.5404
51.86
51.0443
50.096
49.0034
47.7443
46.2882
44.594
42.6084
40.2919
37.6709
34.8146
31.7751
28.5988
25.3468
22.0943
18.9317
15.9634
13.3066
11.0883
9.4338
8.45552
8.26701
8.95683
10.4826
15.4553
10.7693
5.34807
-0.473832
-6.19208
-12.2327
-18.3276
-24.277
-30.1602
-35.8742
-41.3906
-46.7468
-51.9192
-56.9168
-61.7447
-66.3865
-70.8197
-75.0089
-78.9025
-82.4396
-85.5447
-88.1379
-90.1482
-91.4876
-92.1526
-92.1541
-91.4423
-89.9251
-87.5149
-84.1687
-79.869
-74.6438
-68.6127
-61.9108
-54.7395
-47.2697
-39.6103
-31.5264
-23.0327
19.8078
23.9116
28.3468
32.8653
36.9889
40.7835
44.0824
46.6437
48.4599
49.6539
50.315
50.5532
50.4841
50.1861
49.7167
49.1092
48.38
47.5328
46.5579
45.436
44.1394
42.6305
40.8591
38.7868
36.435
33.8641
31.1189
28.2387
25.2755
22.295
19.3774
16.6171
14.1217
12.0096
10.3998
9.39826
9.11094
9.61843
10.8781
14.2009
9.74756
4.59929
-0.922163
-6.33644
-12.0488
-17.8027
-23.409
-28.9434
-34.3076
-39.4761
-44.4847
-49.3116
-53.9669
-58.4559
-62.7646
-66.8736
-70.752
-74.3541
-77.6255
-80.4991
-82.903
-84.7743
-86.0349
-86.6839
-86.7379
-86.1565
-84.8577
-82.761
-79.8197
-76.0098
-71.3428
-65.9039
-59.7955
-53.1748
-46.1743
-38.8807
-31.1382
-22.9921
18.3415
22.2478
26.4738
30.7822
34.7171
38.3431
41.5004
43.9568
45.7046
46.8612
47.512
47.7615
47.7207
47.465
47.0502
46.5088
45.8576
45.1011
44.2318
43.2328
42.0791
40.7366
39.1585
37.3079
35.2019
32.8934
30.4209
27.8172
25.1268
22.4062
19.7262
17.1713
14.8394
12.8394
11.2826
10.2686
9.89507
10.2355
11.25
13.0379
8.80563
3.91665
-1.31979
-6.4462
-11.8482
-17.2803
-22.5633
-27.7694
-32.8055
-37.648
-42.3318
-46.8365
-51.1727
-55.3465
-59.346
-63.154
-66.7436
-70.0743
-73.0979
-75.7541
-77.9784
-79.715
-80.896
-81.5216
-81.6127
-81.1377
-80.0245
-78.1999
-75.6158
-72.2432
-68.0806
-63.1843
-57.629
-51.5333
-44.9999
-38.0972
-30.7312
-22.9796
16.9768
20.6951
24.7218
28.8298
32.5848
36.0497
39.072
41.4283
43.1104
44.2311
44.8715
45.131
45.116
44.8992
44.534
44.0524
43.4715
42.7967
42.0222
41.1332
40.1076
38.9144
37.5104
35.8607
33.9785
31.9105
29.6895
27.343
24.9086
22.4347
19.9832
17.6291
15.4605
13.5765
12.0801
11.0637
10.6167
10.8062
11.597
11.9606
7.93864
3.29603
-1.66981
-6.52363
-11.632
-16.7603
-21.7386
-26.6356
-31.3639
-35.9012
-40.2812
-44.4853
-48.5242
-52.4049
-56.1166
-59.6452
-62.9667
-66.045
-68.8373
-71.2902
-73.3451
-74.9528
-76.0541
-76.6505
-76.7669
-76.3783
-75.4222
-73.8325
-71.562
-68.5783
-64.8698
-60.4693
-55.4277
-49.8315
-43.7592
-37.2646
-30.2999
-22.9736
15.7074
19.2469
23.0833
27.0004
30.5839
33.8952
36.7884
39.0492
40.6685
41.7547
42.3848
42.6531
42.6619
42.4807
42.1608
41.7337
41.2163
40.615
39.9255
39.1351
38.2245
37.1651
35.9177
34.4494
32.7708
30.9225
28.9326
26.8241
24.6285
22.3872
20.1537
17.994
15.9868
14.2211
12.7909
11.7815
11.2737
11.3288
11.9177
10.9636
7.1417
2.73348
-1.97545
-6.57112
-11.4014
-16.2428
-20.9337
-25.5403
-29.9793
-34.2306
-38.3264
-42.2498
-46.012
-49.6197
-53.0642
-56.3333
-59.4058
-62.2497
-64.8268
-67.0894
-68.9851
-70.4699
-71.4928
-72.0565
-72.1884
-71.8695
-71.0462
-69.6589
-67.6626
-65.023
-61.722
-57.7731
-53.2074
-48.0851
-42.4643
-36.3874
-29.8399
-22.9566
14.5276
17.8965
21.5518
25.2867
28.7067
31.8715
34.6415
36.8108
38.3705
39.4236
40.0435
40.3198
40.3503
40.2019
39.9235
39.546
39.0863
38.5514
37.9383
37.2363
36.4283
35.489
34.3824
33.0779
31.5838
29.9354
28.157
26.2678
24.2939
22.2705
20.2435
18.2705
16.4209
14.7741
13.4148
12.4209
11.8647
11.8021
12.2108
10.0419
6.41038
2.22497
-2.2399
-6.59078
-11.158
-15.7281
-20.1482
-24.4813
-28.6486
-32.6316
-36.4617
-40.1231
-43.6271
-46.9809
-50.177
-53.2052
-56.0466
-58.6729
-61.05
-63.1351
-64.8817
-66.2501
-67.1968
-67.7255
-67.865
-67.6022
-66.8907
-65.6775
-63.9202
-61.5847
-58.6476
-55.1087
-50.9829
-46.3082
-41.1266
-35.4704
-29.3481
-22.9148
13.4316
16.6382
20.1206
23.6819
26.946
29.971
32.6235
34.7057
36.2082
37.2296
37.8396
38.1232
38.1737
38.0555
37.8153
37.483
37.0757
36.6007
36.0563
35.4337
34.7178
33.886
32.9058
31.7487
30.4213
28.9545
27.3691
25.6809
23.9118
22.0912
20.2584
18.4631
16.7661
15.2374
13.9524
12.9815
12.3887
12.2251
12.475
9.1905
5.74012
1.76674
-2.46629
-6.58514
-10.9031
-15.2167
-19.3815
-23.457
-27.3692
-31.1009
-34.6822
-38.0989
-41.3621
-44.4796
-47.4448
-50.2492
-52.8763
-55.3008
-57.492
-59.4121
-61.0191
-62.278
-63.151
-63.6434
-63.7849
-63.5669
-62.9492
-61.8856
-60.3363
-58.2685
-55.6559
-52.4881
-48.7675
-44.5143
-39.7569
-34.5186
-28.8227
-22.838
12.4142
15.466
18.7837
22.1794
25.295
28.1867
30.727
32.7261
34.1741
35.1652
35.7656
36.0557
36.1247
36.0344
35.8292
35.5383
35.1787
34.758
34.2756
33.7241
33.0907
32.3551
31.4881
30.4637
29.2867
27.9843
26.5742
25.0695
23.4885
21.8557
20.2044
18.5772
17.0266
15.6137
14.4053
13.4637
12.8457
12.5971
12.709
8.40453
5.12668
1.35502
-2.65766
-6.55632
-10.6383
-14.7094
-18.6332
-22.4663
-26.1386
-29.6346
-32.9831
-36.1712
-39.21
-42.1074
-44.8582
-47.4548
-49.883
-52.1203
-54.1393
-55.9059
-57.3826
-58.5386
-59.3413
-59.7971
-59.936
-59.7535
-59.2149
-58.2795
-56.9112
-55.0787
-52.7546
-49.9219
-46.5732
-42.7152
-38.3647
-33.5369
-28.2629
-22.7192
11.4702
14.3745
17.5351
20.7732
23.7472
26.5118
28.9452
30.8652
32.2611
33.2232
33.8142
34.11
34.1962
34.1315
33.9586
33.7057
33.3895
33.0182
32.5916
32.104
31.5444
30.895
30.1294
29.224
28.1825
27.0284
25.777
24.4393
23.0303
21.5704
20.0876
18.618
17.2067
15.9066
14.7755
13.8689
13.236
12.9178
12.9116
7.6797
4.56596
0.986355
-2.817
-6.50659
-10.365
-14.2068
-17.9031
-21.5077
-24.9546
-28.2295
-31.3602
-34.3348
-37.1643
-39.8569
-42.4082
-44.8121
-47.056
-49.1197
-50.9791
-52.6032
-53.9588
-55.0183
-55.7542
-56.1735
-56.3066
-56.1522
-55.6803
-54.855
-53.644
-52.0182
-49.9504
-47.4193
-44.411
-40.9217
-36.9587
-32.5299
-27.6687
-22.5538
10.5948
13.3587
16.3697
19.4576
22.2967
24.9403
27.2718
29.116
30.4625
31.3968
31.9786
32.2794
32.3813
32.3402
32.197
31.979
31.7025
31.3758
30.9997
30.5698
30.0764
29.5039
28.829
28.0303
27.1106
26.0899
24.9818
23.7953
22.5428
21.2412
19.9138
18.5912
17.3114
16.1198
15.0663
14.199
13.5605
13.1871
13.0817
7.01191
4.05432
0.657356
-2.94698
-6.43833
-10.0847
-13.7095
-17.191
-20.5804
-23.8154
-26.883
-29.8096
-32.5849
-35.2193
-37.7212
-40.0871
-42.3121
-44.385
-46.2881
-47.9994
-49.4915
-50.7346
-51.7041
-52.3771
-52.7607
-52.8855
-52.753
-52.3375
-51.6071
-50.533
-49.0887
-47.2482
-44.9879
-42.29
-39.1432
-35.5468
-31.5021
-27.0409
-22.3392
9.78379
12.414
15.2824
18.2272
20.9378
23.4659
25.7002
27.4725
28.7716
29.6794
30.2522
30.5576
30.6738
30.6544
30.5384
30.3522
30.1119
29.8257
29.4953
29.1171
28.6831
28.1796
27.586
26.8828
26.072
25.1712
24.1919
23.1418
22.0312
20.8738
19.689
18.5024
17.346
16.2581
15.281
14.4565
13.8207
13.4055
13.2184
6.39749
3.5884
0.365081
-3.05014
-6.35345
-9.79879
-13.2184
-16.497
-19.6835
-22.7192
-25.5922
-28.3279
-30.9168
-33.3693
-35.6939
-37.8875
-39.9465
-41.861
-43.6152
-45.1895
-46.5595
-47.6981
-48.584
-49.1975
-49.5467
-49.6618
-49.5464
-49.1785
-48.53
-47.5753
-46.2906
-44.6515
-42.6342
-40.2184
-37.3878
-34.1358
-30.4576
-26.3807
-22.0742
9.03315
11.5362
14.2686
17.0771
19.6654
22.0833
24.2249
25.9285
27.1825
28.0649
28.6289
28.9382
29.0675
29.0681
28.9769
28.8199
28.6124
28.3629
28.0737
27.7421
27.3614
26.9197
26.3985
25.7807
25.0676
24.2742
23.4104
22.4829
21.5002
20.4736
19.4189
18.3574
17.3158
16.3261
15.4239
14.6446
14.0187
13.5736
13.321
5.83303
3.16515
0.106937
-3.12867
-6.25359
-9.50849
-12.7338
-15.8209
-18.8163
-21.6644
-24.3548
-26.9117
-29.3265
-31.6094
-33.7688
-35.8025
-37.7075
-39.4752
-41.0916
-42.5393
-43.7961
-44.8382
-45.6464
-46.2044
-46.5207
-46.6251
-46.5229
-46.1953
-45.6177
-44.7673
-43.6232
-42.1626
-40.3628
-38.2026
-35.6628
-32.7321
-29.4004
-25.6896
-21.7588
8.33908
10.721
13.3239
16.0026
18.474
20.7868
22.8399
24.478
25.689
26.5471
27.1026
27.4155
27.5567
27.5755
27.507
27.3764
27.1988
26.9825
26.7304
26.4407
26.1077
25.7211
25.2648
24.7234
24.0976
23.4002
22.6397
21.822
20.9542
20.0455
19.1089
18.1619
17.2265
16.3291
15.4994
14.7668
14.1568
13.6927
13.3891
5.31539
2.78183
-0.119487
-3.18453
-6.14027
-9.21486
-12.2565
-15.1627
-17.9778
-20.6497
-23.1687
-25.5581
-27.8102
-29.935
-31.9407
-33.8257
-35.5878
-37.2196
-38.7086
-40.0392
-41.1916
-42.1444
-42.8807
-43.387
-43.6722
-43.7653
-43.6732
-43.3799
-42.8638
-42.105
-41.0847
-39.7826
-38.1774
-36.2481
-33.9742
-31.3411
-28.3347
-24.9698
-21.394
7.69808
9.96465
12.444
14.9987
17.3587
19.5712
21.5397
23.1152
24.2851
25.1201
25.6673
25.9832
26.1355
26.171
26.1232
26.0166
25.866
25.6798
25.461
25.2088
24.9185
24.5812
24.1828
23.7096
23.1616
22.5499
21.8817
21.1621
20.3971
19.5943
18.7644
17.9215
17.0837
16.2725
15.5122
14.8272
14.238
13.7642
13.4227
4.84157
2.43582
-0.316303
-3.21943
-6.01481
-8.91864
-11.7866
-14.5222
-17.1674
-19.6734
-22.0316
-24.2642
-26.3642
-28.3416
-30.2042
-31.9512
-33.5808
-35.0867
-36.4579
-37.6804
-38.7364
-39.6067
-40.2768
-40.7353
-40.9912
-41.073
-40.9886
-40.7245
-40.262
-39.5837
-38.6729
-37.5116
-36.0803
-34.359
-32.3272
-29.9683
-27.2644
-24.224
-20.9815
7.10673
9.26327
11.6245
14.0609
16.3145
18.431
20.3186
21.8344
22.9651
23.778
24.3172
24.6358
24.7982
24.849
24.8204
24.7356
24.6094
24.45
24.2613
24.0425
23.7903
23.497
23.1502
22.7378
22.2593
21.7239
21.1379
20.5057
19.8325
19.1244
18.3903
17.6415
16.8929
16.1617
15.4674
14.8299
14.2655
13.7901
13.4221
4.40867
2.12462
-0.485605
-3.23495
-5.87833
-8.62046
-11.3242
-13.8987
-16.384
-18.734
-20.9413
-23.0271
-24.9851
-26.825
-28.5545
-30.1733
-31.6801
-33.0695
-34.3317
-35.4543
-36.4215
-37.2161
-37.8252
-38.2395
-38.4683
-38.5391
-38.4605
-38.2215
-37.8059
-37.1984
-36.3845
-35.3484
-34.0727
-32.5386
-30.7263
-28.6181
-26.1938
-23.4555
-20.5242
6.56169
8.6132
10.8616
13.1848
15.3365
17.3612
19.1715
20.63
21.7232
22.5149
23.0464
23.3674
23.5392
23.6042
23.593
23.5281
23.424
23.289
23.127
22.9382
22.7199
22.4657
22.1648
21.8065
21.3899
20.9224
20.4095
19.855
19.2633
18.6397
17.9913
17.3274
16.6597
16.0022
15.3702
14.7796
14.2429
13.7726
13.3882
4.01384
1.8458
-0.629409
-3.23274
-5.73203
-8.32106
-10.8696
-13.2921
-15.6267
-17.8302
-19.8959
-21.8442
-23.6694
-25.3812
-26.987
-28.4866
-29.8796
-31.1611
-32.3227
-33.3533
-34.2388
-34.9637
-35.5168
-35.8907
-36.0945
-36.1547
-36.0807
-35.8634
-35.4889
-34.944
-34.2162
-33.2916
-32.1548
-30.7889
-29.1749
-27.295
-25.1272
-22.6682
-20.026
6.05985
8.01099
10.1515
12.3662
14.4203
16.3571
18.0931
19.4968
20.5541
21.3254
21.8495
22.1725
22.3529
22.431
22.4359
22.3893
22.3053
22.1921
22.0541
21.8921
21.704
21.4845
21.2243
20.9142
20.5526
20.1454
19.6973
19.2117
18.6925
18.1439
17.5719
16.9839
16.3894
15.7994
15.2257
14.6808
14.1738
13.7143
13.3219
3.65441
1.59691
-0.749758
-3.21438
-5.57704
-8.0211
-10.4229
-12.702
-14.8947
-16.9605
-18.8934
-20.7129
-22.4142
-24.0064
-25.497
-26.8862
-28.1737
-29.3555
-30.4241
-31.3699
-32.1801
-32.8411
-33.3431
-33.6801
-33.8612
-33.9117
-33.8415
-33.6431
-33.3047
-32.8153
-32.1639
-31.3388
-30.3262
-29.111
-27.6757
-26.0027
-24.0689
-21.8667
-19.4916
5.59827
7.45343
9.49064
11.6016
13.5622
15.4145
17.0793
18.4303
19.453
20.2046
20.7211
21.0458
21.234
21.3243
21.3439
21.3141
21.2484
21.1551
21.0387
20.9006
20.7394
20.5507
20.3267
20.0592
19.7463
19.3927
19.0021
18.5775
18.1224
17.6404
17.1362
16.616
16.0873
15.5586
15.0391
14.5382
14.0622
13.6179
13.2247
3.32778
1.37567
-0.848722
-3.1815
-5.41458
-7.72138
-9.98447
-12.1283
-14.1872
-16.1234
-17.9318
-19.6308
-21.2163
-22.6972
-24.0807
-25.3672
-26.557
-27.6466
-28.6295
-29.497
-30.2381
-30.8405
-31.2959
-31.5994
-31.76
-31.8019
-31.7348
-31.5532
-31.247
-30.8068
-30.2235
-29.4871
-28.5855
-27.5054
-26.2307
-24.7443
-23.023
-21.0556
-18.9259
5.17415
6.93771
8.87622
10.8878
12.7588
14.5301
16.1263
17.4265
18.4158
19.1479
19.6567
19.9826
20.1778
20.279
20.3123
20.2979
20.2489
20.1737
20.0769
19.9601
19.8228
19.6615
19.4696
19.2398
18.9703
18.6641
18.3243
17.9537
17.5553
17.1321
16.688
16.2281
15.7582
15.2851
14.8155
14.3565
13.9119
13.4862
13.0982
3.03159
1.17986
-0.928132
-3.13566
-5.24585
-7.42265
-9.55463
-11.5708
-13.5038
-15.3182
-17.0096
-18.5957
-20.0731
-21.4501
-22.734
-23.9253
-25.0245
-26.0289
-26.9326
-27.7282
-28.4057
-28.9546
-29.3675
-29.6407
-29.7829
-29.8172
-29.7533
-29.5868
-29.3093
-28.913
-28.3905
-27.7331
-26.9308
-25.9716
-24.8409
-23.5225
-21.9933
-20.2394
-18.3344
4.78506
6.46122
8.30554
10.2222
12.0074
13.701
15.2313
16.4823
17.4388
18.1517
18.6525
18.9786
19.1798
19.2909
19.3365
19.3361
19.3025
19.2436
19.1644
19.067
18.9511
18.8141
18.6507
18.4545
18.2232
17.959
17.6642
17.3414
16.9931
16.6218
16.2309
15.8243
15.4068
14.9837
14.5598
14.1403
13.727
13.3223
12.9444
2.76369
1.00749
-0.989762
-3.07827
-5.07186
-7.12553
-9.13361
-11.0293
-12.8437
-14.5436
-16.1253
-17.6057
-18.9819
-20.2622
-21.4533
-22.5562
-23.5716
-24.4971
-25.3279
-26.0572
-26.6765
-27.1764
-27.5506
-27.7965
-27.9224
-27.9501
-27.8893
-27.7365
-27.485
-27.1282
-26.66
-26.0733
-25.3596
-24.5084
-23.5065
-22.3388
-20.9826
-19.4223
-17.7222
4.42869
6.0216
7.7762
9.60232
11.3055
12.9247
14.3914
15.5949
16.5193
17.2128
17.705
18.0305
18.2365
18.3562
18.4127
18.4248
18.405
18.361
18.2978
18.2177
18.1211
18.0058
17.8677
17.7012
17.5039
17.2769
17.022
16.7413
16.4373
16.1119
15.7678
15.4084
15.0375
14.6591
14.2769
13.8941
13.5114
13.1293
12.7651
2.52209
0.856785
-1.03512
-3.01053
-4.89349
-6.83049
-8.72139
-10.5035
-12.2062
-13.7986
-15.2774
-16.6589
-17.9406
-19.1305
-20.2354
-21.2562
-22.1939
-23.0465
-23.8099
-24.4783
-25.0442
-25.4993
-25.8384
-26.0596
-26.171
-26.1933
-26.1356
-25.9956
-25.7677
-25.4464
-25.0269
-24.5035
-23.8688
-23.1141
-22.2273
-21.1944
-19.9935
-18.6078
-17.0938
4.10291
5.6166
7.28578
9.02564
10.6506
12.1985
13.6042
14.7616
15.6544
16.3284
16.8112
17.1351
17.3448
17.4715
17.5375
17.5608
17.5532
17.5225
17.4736
17.409
17.3295
17.2336
17.118
16.978
16.8108
16.6168
16.3972
16.1541
15.8892
15.6043
15.3017
14.984
14.6543
14.3159
13.9712
13.6225
13.2692
12.9104
12.5626
2.30498
0.726174
-1.06552
-2.93338
-4.7113
-6.53777
-8.31784
-9.99276
-11.5904
-13.0818
-14.4642
-15.7533
-16.9467
-18.0525
-19.077
-20.0216
-20.8872
-21.6725
-22.3738
-22.9861
-23.5029
-23.9171
-24.2243
-24.4232
-24.5219
-24.5395
-24.4851
-24.3571
-24.1506
-23.8616
-23.4859
-23.0191
-22.4551
-21.7863
-21.0021
-20.0895
-19.0274
-17.7988
-16.453
3.8057
5.24393
6.83178
8.48947
10.0398
11.5196
12.8666
13.9793
14.841
15.4954
15.9684
16.2897
16.5017
16.6343
16.7083
16.7411
16.7442
16.7251
16.6887
16.6379
16.5736
16.495
16.3993
16.2827
16.1423
15.9776
15.7895
15.5796
15.3496
15.1007
14.8348
14.554
14.261
13.9581
13.6472
13.3297
13.0043
12.6689
12.3391
2.11063
0.61418
-1.08212
-2.84769
-4.52585
-6.24741
-7.92257
-9.4963
-10.995
-12.3916
-13.6838
-14.8864
-15.9976
-17.025
-17.975
-18.8488
-19.6478
-20.3707
-21.0147
-21.5754
-22.0472
-22.4239
-22.7021
-22.8811
-22.9684
-22.9822
-22.9312
-22.8143
-22.6276
-22.3677
-22.0316
-21.6155
-21.1146
-20.5224
-19.8294
-19.0237
-18.0856
-16.9976
-15.8032
3.53502
4.90129
6.41156
7.9908
9.46981
10.8845
12.1751
13.2447
14.076
14.7109
15.1735
15.4913
15.7047
15.8418
15.9225
15.9635
15.9757
15.9666
15.941
15.902
15.851
15.7874
15.7092
15.6133
15.4966
15.358
15.1979
15.0177
14.8188
14.6021
14.3689
14.1211
13.8606
13.5895
13.3091
13.0201
12.7208
12.4083
12.0973
1.93727
0.519357
-1.08606
-2.75431
-4.33761
-5.95956
-7.53524
-9.01326
-10.4187
-11.7261
-12.9338
-14.0557
-15.0903
-16.045
-16.9258
-17.7341
-18.4714
-19.1369
-19.728
-20.2412
-20.6717
-21.0143
-21.2661
-21.4269
-21.5043
-21.5149
-21.4673
-21.3609
-21.1923
-20.9589
-20.6584
-20.2879
-19.8433
-19.3192
-18.7073
-17.9966
-17.1685
-16.206
-15.1474
3.28879
4.58624
6.02235
7.52654
8.93723
10.2894
11.5258
12.5538
13.3555
13.9712
14.4232
14.7371
14.9508
15.0915
15.1777
15.2255
15.2456
15.2448
15.2284
15.1996
15.1597
15.109
15.046
14.968
14.872
14.7564
14.6212
14.4676
14.2966
14.1088
13.9051
13.687
13.4559
13.2134
12.9604
12.6975
12.4224
12.1319
11.8398
1.78304
0.440129
-1.0786
-2.65418
-4.14725
-5.67451
-7.15572
-8.54302
-9.86019
-11.0836
-12.212
-13.2585
-14.2218
-15.109
-15.9258
-16.6737
-17.3542
-17.9667
-18.5093
-18.979
-19.3716
-19.6828
-19.9105
-20.055
-20.1234
-20.1316
-20.0874
-19.9906
-19.8388
-19.6295
-19.361
-19.0313
-18.6369
-18.1734
-17.6334
-17.0069
-16.2765
-15.4256
-14.4882
3.06486
4.29642
5.66144
7.09363
8.43869
9.73084
10.9149
11.9028
12.6757
13.2726
13.7143
14.0237
14.2371
14.3804
14.4713
14.525
14.5517
14.5582
14.5495
14.529
14.4985
14.4585
14.4082
14.3455
14.2673
14.1716
14.0583
13.9282
13.7822
13.6206
13.4438
13.2526
13.0483
12.832
12.6043
12.3653
12.1128
11.8431
11.5695
1.64601
0.374772
-1.06124
-2.54853
-3.95572
-5.39292
-6.78433
-8.08549
-9.31896
-10.463
-11.5166
-12.4923
-13.3891
-14.2137
-14.9713
-15.6635
-16.2918
-16.8558
-17.354
-17.7838
-18.1419
-18.4245
-18.6303
-18.7599
-18.8202
-18.8262
-18.7853
-18.6977
-18.5612
-18.3738
-18.1343
-17.841
-17.4914
-17.0817
-16.6054
-16.0533
-15.4094
-14.6578
-13.8283
2.86109
4.02944
5.32631
6.68925
7.97115
9.20548
10.339
11.2882
12.0329
12.6117
13.0432
13.3479
13.5604
13.7057
13.8004
13.8592
13.8917
13.9045
13.9025
13.8891
13.8663
13.8351
13.7951
13.7449
13.6815
13.6027
13.5081
13.3987
13.2749
13.1368
12.9845
12.8183
12.6388
12.4468
12.2426
12.026
11.7947
11.5448
11.289
1.5243
0.32154
-1.03553
-2.43871
-3.76418
-5.11576
-6.42176
-7.64107
-8.79496
-9.86361
-10.8464
-11.7553
-12.5898
-13.3561
-14.0588
-14.6996
-15.28
-15.7998
-16.2575
-16.6512
-16.9778
-17.2345
-17.4203
-17.5363
-17.5893
-17.5933
-17.5557
-17.4765
-17.354
-17.1866
-16.9732
-16.7126
-16.4029
-16.0408
-15.6208
-15.1346
-14.5672
-13.9035
-13.1702
2.67545
3.78315
5.01459
6.31081
7.5318
8.71038
9.79511
10.7071
11.4239
11.9853
12.407
12.7068
12.9179
13.0644
13.1624
13.2255
13.2632
13.2817
13.2856
13.2784
13.2622
13.2382
13.2066
13.1664
13.1149
13.0497
12.9706
12.8785
12.7739
12.6567
12.5266
12.3834
12.2273
12.0584
11.8765
11.6813
11.4701
11.2393
11.0006
1.41609
0.278762
-1.00305
-2.32604
-3.57375
-4.84392
-6.06874
-7.21034
-8.28853
-9.28563
-10.2012
-11.0468
-11.8225
-12.534
-13.1855
-13.7786
-14.3148
-14.7941
-15.2152
-15.5761
-15.8746
-16.108
-16.2758
-16.3796
-16.4259
-16.4281
-16.3932
-16.3217
-16.212
-16.0627
-15.873
-15.6417
-15.3675
-15.0478
-14.6775
-14.2494
-13.7496
-13.164
-12.5162
2.50608
3.55559
4.72421
5.95607
7.11825
8.24295
9.28043
10.1565
10.8461
11.3911
11.8033
12.0978
12.3069
12.4541
12.5545
12.6213
12.6636
12.6872
12.6967
12.6952
12.6849
12.6672
12.6426
12.6105
12.5682
12.5136
12.4466
12.3683
12.2796
12.1802
12.0697
11.9475
11.8133
11.6664
11.5062
11.3318
11.1405
10.9283
10.7066
1.31969
0.24477
-0.965366
-2.21198
-3.38574
-4.57841
-5.72607
-6.79386
-7.79992
-8.72915
-9.58072
-10.3663
-11.0866
-11.7464
-12.3495
-12.8978
-13.393
-13.835
-14.2225
-14.554
-14.8273
-15.0402
-15.1924
-15.2853
-15.3256
-15.326
-15.2934
-15.2286
-15.1304
-14.9974
-14.829
-14.6242
-14.3818
-14.0995
-13.7733
-13.3965
-12.9565
-12.44
-11.8682
2.35131
3.34524
4.4538
5.62357
6.72901
7.80154
8.793
9.63428
10.2968
10.8269
11.2304
11.5191
11.7255
11.8726
11.9747
12.0445
12.0907
12.1189
12.1335
12.1376
12.1331
12.1214
12.1031
12.0778
12.0429
11.9962
11.9381
11.8702
11.7936
11.7085
11.6144
11.5107
11.3965
11.2705
11.1314
10.9777
10.8062
10.6129
10.4083
1.23362
0.217827
-0.924258
-2.09838
-3.20172
-4.32083
-5.39497
-6.39243
-7.3295
-8.1945
-8.98436
-9.71264
-10.3811
-10.9923
-11.5494
-12.0551
-12.5117
-12.9189
-13.2755
-13.5803
-13.8312
-14.0263
-14.1652
-14.2492
-14.2844
-14.2832
-14.2523
-14.193
-14.1047
-13.9863
-13.837
-13.656
-13.4421
-13.1935
-12.9063
-12.5749
-12.1877
-11.7326
-11.2284
2.20979
3.15099
4.20248
5.31288
6.36401
7.38627
8.33279
9.13947
9.77261
10.2896
10.6856
10.9683
11.1716
11.3184
11.4216
11.4934
11.5426
11.5747
11.5942
11.6037
11.6052
11.5997
11.5879
11.5692
11.5407
11.5002
11.4485
11.3876
11.3193
11.2445
11.1631
11.0746
10.9778
10.8711
10.7523
10.619
10.4677
10.2938
10.1069
1.15712
0.197266
-0.880378
-1.98585
-3.02245
-4.07194
-5.07618
-6.00682
-6.87798
-7.68244
-8.41141
-9.08405
-9.70407
-10.2696
-10.7829
-11.2481
-11.6682
-12.0425
-12.3702
-12.6504
-12.8815
-13.0614
-13.1895
-13.2666
-13.2983
-13.2959
-13.2663
-13.2114
-13.1311
-13.025
-12.8926
-12.733
-12.5449
-12.3266
-12.0745
-11.7835
-11.4431
-11.0424
-10.5984
2.08072
2.97196
3.9695
5.02326
6.02281
6.99681
7.90016
8.67231
9.27187
9.77657
10.1663
10.4429
10.6433
10.7898
10.8938
10.9669
11.0181
11.0533
11.0769
11.0917
11.0993
11.1006
11.096
11.0845
11.0626
11.0279
10.9811
10.9248
10.8616
10.7931
10.7203
10.6431
10.5604
10.4703
10.37
10.2564
10.1252
9.97127
9.80299
1.09085
0.18449
-0.831522
-1.87162
-2.8449
-3.82842
-4.76687
-5.63474
-6.44395
-7.19065
-7.86121
-8.48229
-9.05737
-9.57913
-10.05
-10.4765
-10.8613
-11.2038
-11.5034
-11.7604
-11.9734
-12.1404
-12.2602
-12.3328
-12.3628
-12.3604
-12.3322
-12.2807
-12.2067
-12.1108
-11.9928
-11.8522
-11.6875
-11.4968
-11.2765
-11.0219
-10.7234
-10.3712
-9.98066
1.96414
2.80761
3.75292
4.75191
5.70163
6.62824
7.4899
8.22839
8.79762
9.29213
9.67378
9.94267
10.1399
10.2863
10.3907
10.4644
10.5166
10.5536
10.5803
10.5996
10.6131
10.6216
10.6251
10.6218
10.6077
10.5796
10.5377
10.4852
10.425
10.3601
10.2922
10.2222
10.1497
10.0727
9.98828
9.89252
9.78059
9.64637
9.49726
1.03521
0.180315
-0.775977
-1.7533
-2.66564
-3.58587
-4.46139
-5.27044
-6.02135
-6.71282
-7.32784
-7.90794
-8.44448
-8.9221
-9.35051
-9.74004
-10.0912
-10.4022
-10.6739
-10.908
-11.1038
-11.2591
-11.3722
-11.4425
-11.473
-11.4722
-11.4461
-11.3975
-11.3281
-11.2401
-11.134
-11.0096
-10.8661
-10.7007
-10.5096
-10.2881
-10.0274
-9.71864
-9.37578
1.86018
2.65745
3.55177
4.49665
5.39687
6.27468
7.09385
7.79617
8.3447
8.83992
9.21074
9.467
9.66055
9.80764
9.91266
9.98634
10.0386
10.0761
10.1042
10.1264
10.1448
10.1599
10.1715
10.1774
10.1723
10.1521
10.1165
10.0683
10.0109
9.94795
9.88239
9.81628
9.75007
9.68244
9.61043
9.52984
9.43532
9.31997
9.18988
0.993402
0.178522
-0.731795
-1.65639
-2.51483
-3.3748
-4.18218
-4.92128
-5.59181
-6.21178
-6.72433
-7.29236
-7.83273
-8.29147
-8.70001
-9.07674
-9.41664
-9.71518
-9.97512
-10.1998
-10.3893
-10.5414
-10.654
-10.7262
-10.7602
-10.7633
-10.7408
-10.6949
-10.6286
-10.5456
-10.4452
-10.331
-10.2019
-10.0547
-9.88476
-9.68711
-9.4534
-9.17537
-8.86587
1.78135
2.54162
3.39615
4.2921
5.14289
5.96171
6.7134
7.33618
7.8267
8.38798
8.77783
9.03359
9.23499
9.39341
9.50675
9.58581
9.64162
9.68179
9.71222
9.73747
9.76028
9.78155
9.80096
9.81599
9.82066
9.80948
9.78147
9.73887
9.68508
9.62391
9.55909
9.49364
9.42903
9.36493
9.29892
9.22696
9.14382
9.04208
8.92676
0.960776
0.178364
-0.693213
-1.5721
-2.38077
-3.18107
-3.91803
-4.5791
-5.15493
-5.68839
-6.06477
-6.64822
-7.22153
-7.679
-8.08303
-8.46295
-8.80675
-9.10636
-9.36608
-9.59094
-9.78153
-9.93593
-10.0522
-10.129
-10.1685
-10.177
-10.1593
-10.1165
-10.053
-9.97379
-9.8752
-9.76683
-9.64753
-9.51305
-9.35838
-9.17817
-8.96407
-8.70776
-8.42134
1.71833
2.44807
3.26709
4.11703
4.91675
5.66818
6.33703
6.86276
7.27388
7.93288
8.36465
8.62978
8.84566
9.02155
9.14854
9.2371
9.29968
9.34464
9.37861
9.40711
9.43379
9.46027
9.48653
9.50994
9.52392
9.52199
9.50239
9.46676
9.418
9.35971
9.29591
9.23021
9.1651
9.10133
9.03739
8.96979
8.89352
8.80102
8.69675
0.930313
0.18062
-0.651888
-1.48468
-2.24344
-2.98384
-3.65159
-4.23597
-4.72218
-5.17098
-5.41998
-6.00806
-6.60722
-7.06167
-7.45813
-7.83812
-8.18435
-8.48433
-8.74301
-8.96712
-9.15811
-9.31395
-9.43315
-9.51385
-9.55842
-9.57265
-9.56084
-9.52278
-9.46345
-9.38904
-9.2926
-9.18978
-9.08007
-8.95825
-8.81902
-8.65681
-8.46308
-8.22937
-7.96875
1.6571
2.35617
3.1391
3.94257
4.69166
5.3753
5.96506
6.40113
6.73334
7.47129
7.94629
8.22044
8.44696
8.63846
8.7794
8.87834
8.94851
8.99869
9.03607
9.06698
9.09613
9.12616
9.15774
9.1884
9.21113
9.21876
9.2089
9.18234
9.14119
9.08843
9.0277
8.96287
8.89728
8.83278
8.76916
8.70401
8.63265
8.54776
8.45361
0.902156
0.185083
-0.608461
-1.39558
-2.10495
-2.78596
-3.38635
-3.89533
-4.29763
-4.66005
-4.7958
-5.37584
-5.9898
-6.43988
-6.82691
-7.20348
-7.55006
-7.84972
-8.10696
-8.32975
-8.52035
-8.67689
-8.79803
-8.88181
-8.93084
-8.9506
-8.94502
-8.91233
-8.85808
-8.78884
-8.69429
-8.59584
-8.49401
-8.38316
-8.25812
-8.11331
-7.93979
-7.72797
-7.48774
1.59791
2.26626
3.01242
3.76907
4.46807
5.08386
5.59995
5.95103
6.20884
7.00383
7.52179
7.80722
8.04145
8.2457
8.39988
8.50994
8.58896
8.64562
8.68711
8.72041
8.75127
8.7835
8.81878
8.85517
8.88547
8.902
8.9019
8.88531
8.85353
8.80866
8.75355
8.69177
8.62698
8.56194
8.49775
8.43334
8.36491
8.28545
8.19954
0.876437
0.191676
-0.563409
-1.30587
-1.96711
-2.59008
-3.12556
-3.56073
-3.88481
-4.15778
-4.19579
-4.75548
-5.37116
-5.81388
-6.18968
-6.55934
-6.9035
-7.20188
-7.45742
-7.67862
-7.86833
-8.02519
-8.14767
-8.23446
-8.28845
-8.31495
-8.31776
-8.29371
-8.24867
-8.18886
-8.10049
-8.00949
-7.91732
-7.8183
-7.7077
-7.58018
-7.4272
-7.24022
-7.03388
1.54102
2.17862
2.88751
3.5974
4.24742
4.79577
5.24416
5.51085
5.69943
6.53148
7.08981
7.38972
7.63083
7.84543
8.0111
8.13164
8.21996
8.28459
8.332
8.36898
8.40201
8.43605
8.47394
8.51477
8.55148
8.57603
8.5851
8.57842
8.55672
8.52124
8.47397
8.41774
8.35585
8.29146
8.22669
8.16172
8.09407
8.01737
7.93697
0.853122
0.200037
-0.517607
-1.21682
-1.8318
-2.39879
-2.87253
-3.23611
-3.48725
-3.66691
-3.62182
-4.14927
-4.75276
-5.18395
-5.54671
-5.9061
-6.2447
-6.54037
-6.794
-7.01374
-7.20268
-7.35952
-7.48223
-7.56966
-7.62489
-7.65394
-7.66087
-7.6416
-7.60219
-7.54826
-7.46298
-7.3762
-7.29013
-7.1995
-7.10055
-6.98841
-6.85349
-6.68333
-6.4796
1.48694
2.09433
2.76596
3.43031
4.0328
4.51441
4.90037
5.07888
5.20122
6.05479
6.64941
6.96568
7.21413
7.43894
7.61627
7.74704
7.84414
7.91656
7.9705
8.01216
8.04805
8.08392
8.12385
8.16806
8.21013
8.24201
8.25998
8.26343
8.25266
8.22832
8.19164
8.14447
8.08919
8.02848
7.96476
7.89906
7.83024
7.75284
7.6727
0.832176
0.209165
-0.472772
-1.13067
-1.70117
-2.21436
-2.6292
-2.92343
-3.10609
-3.18881
-3.07472
-3.5586
-4.13616
-4.55069
-4.89801
-5.24374
-5.57344
-5.86429
-6.11515
-6.3334
-6.5225
-6.68135
-6.80848
-6.90334
-6.96876
-7.00993
-7.03124
-7.02824
-7.00725
-6.97282
-6.90376
-6.83228
-6.761
-6.68449
-6.59994
-6.50412
-6.39114
-6.25628
-6.12238
1.43685
2.01562
2.65122
3.27236
3.82779
4.24125
4.56683
4.64865
4.70494
5.57268
6.20241
6.53511
6.78782
7.01972
7.20926
7.35371
7.46346
7.54632
7.60815
7.65505
7.69381
7.73096
7.77187
7.81787
7.86333
7.9004
7.92528
7.93706
7.93574
7.92178
7.89612
7.86002
7.81503
7.76291
7.70542
7.64367
7.57741
7.50345
7.43197
0.813442
0.217739
-0.431294
-1.05039
-1.57814
-2.03918
-2.39619
-2.62153
-2.73892
-2.72337
-2.55389
-2.98387
-3.52253
-3.91438
-4.24295
-4.57154
-4.88912
-5.17322
-5.42013
-5.63522
-5.82072
-5.97441
-6.09363
-6.177
-6.22979
-6.26077
-6.27467
-6.26661
-6.2427
-6.20598
-6.13494
-6.06363
-5.9945
-5.92273
-5.84648
-5.76244
-5.65938
-5.51733
-5.31641
1.39179
1.94459
2.54683
3.1283
3.63536
3.97718
4.24144
4.21245
4.19517
5.07587
5.74897
6.10768
6.36575
6.59505
6.78312
6.93229
7.05409
7.15364
7.23252
7.29357
7.3422
7.38526
7.42952
7.4784
7.52821
7.57174
7.60488
7.6261
7.6346
7.63021
7.61344
7.5852
7.54673
7.49944
7.44485
7.38385
7.31563
7.23327
7.13845
0.796925
0.226074
-0.39279
-0.976179
-1.46376
-1.87552
-2.17588
-2.33356
-2.38984
-2.27636
-2.05931
-2.42475
-2.91306
-3.27551
-3.58105
-3.88769
-4.18828
-4.46349
-4.70951
-4.93028
-5.12737
-5.29957
-5.44608
-5.56652
-5.65966
-5.72804
-5.77886
-5.80892
-5.8274
-5.83573
-5.80309
-5.76461
-5.72316
-5.67326
-5.61482
-5.54956
-5.48116
-5.41944
-5.41475
1.35129
1.88044
2.45269
2.99955
3.45831
3.73229
3.93835
3.77243
3.65847
4.54318
5.26341
5.66925
5.96386
6.21338
6.40022
6.53256
6.63491
6.72357
6.80309
6.87315
6.93416
6.98897
7.04232
7.09719
7.15118
7.20016
7.24249
7.27744
7.30395
7.32123
7.32884
7.32662
7.31443
7.29213
7.25984
7.21834
7.17074
7.12357
7.10583
0.783416
0.236005
-0.35465
-0.905377
-1.3571
-1.72624
-1.97642
-2.0768
-2.08081
-1.86345
-1.59298
-1.88387
-2.30938
-2.63377
-2.91329
-3.19508
-3.47011
-3.72061
-3.94251
-4.13772
-4.30493
-4.43814
-4.5309
-4.58168
-4.60633
-4.62247
-4.6319
-4.62669
-4.61007
-4.58268
-4.52603
-4.47276
-4.42252
-4.37021
-4.31458
-4.25182
-4.16337
-4.01103
-3.72798
1.31529
1.82262
2.36819
2.88555
3.30014
3.525
3.6786
3.32951
3.09494
3.97232
4.70677
5.13279
5.47055
5.78942
6.0525
6.24237
6.37089
6.45758
6.52038
6.57161
6.61856
6.66612
6.71841
6.7754
6.82904
6.87141
6.90088
6.9183
6.92455
6.92012
6.90573
6.88276
6.85299
6.81803
6.77841
6.73166
6.6674
6.55784
6.36626
0.774046
0.24256
-0.327142
-0.851022
-1.27189
-1.60327
-1.80695
-1.85971
-1.81009
-1.47295
-1.14944
-1.3699
-1.71828
-1.98624
-2.23074
-2.49381
-2.76703
-3.0344
-3.29082
-3.53713
-3.77452
-4.0046
-4.22729
-4.43515
-4.60385
-4.72647
-4.82688
-4.91099
-4.99846
-5.08619
-5.11668
-5.1252
-5.12809
-5.12098
-5.10213
-5.07966
-5.07971
-5.14826
-5.39862
1.2912
1.78376
2.30883
2.79844
3.16683
3.34684
3.40657
2.81431
2.49316
3.42438
4.17532
4.56213
4.82341
5.06806
5.30779
5.54282
5.76916
5.97408
6.14728
6.28665
6.39637
6.4836
6.55957
6.64163
6.74275
6.85335
6.95939
7.05688
7.14489
7.22251
7.28762
7.33747
7.37006
7.38461
7.38335
7.37419
7.38038
7.45228
7.68243
0.767064
0.228258
-0.343106
-0.855971
-1.25157
-1.53768
-1.67356
-1.64852
-1.49112
-1.01796
-0.695922
-0.880253
-1.16195
-1.35843
-1.51746
-1.67522
-1.83203
-1.98073
-2.1171
-2.23671
-2.32908
-2.37741
-2.36928
-2.31136
-2.25647
-2.23279
-2.2216
-2.19678
-2.15079
-2.11861
-2.06467
-2.01743
-1.98253
-1.94973
-1.91421
-1.86954
-1.77653
-1.56409
-1.07086
1.29172
1.78818
2.30716
2.76867
3.07166
3.15151
2.97041
2.08858
1.76408
2.8755
3.84196
4.44232
4.80243
4.97426
4.98199
4.89113
4.77125
4.67778
4.63277
4.63691
4.68209
4.76016
4.85669
4.9371
4.96446
4.95547
4.94029
4.92352
4.90421
4.88202
4.86004
4.84224
4.8313
4.82779
4.82752
4.81542
4.74674
4.53134
4.02062
0.757324
0.192011
-0.401681
-0.92167
-1.3015
-1.53986
-1.59224
-1.45409
-1.12909
-0.521629
-0.215208
-0.35927
-0.612906
-0.85396
-1.09988
-1.35927
-1.63464
-1.92769
-2.24267
-2.58711
-2.97117
-3.39987
-3.85326
-4.28034
-4.59167
-4.78764
-4.98274
-5.14204
-5.39828
-5.7637
-5.67395
-5.70843
-5.83436
-5.92995
-5.98347
-6.03777
-6.15949
-6.44321
-7.06236
1.30632
1.82084
2.34726
2.78754
3.02157
2.96028
2.44671
1.30768
0.796176
1.80511
2.91361
4.00294
5.05767
6.05396
6.89497
7.53321
7.98597
8.26997
8.42629
8.50008
8.53026
8.54802
8.59906
8.75631
9.04636
9.36009
9.61512
9.82383
10.0054
10.1631
10.2909
10.386
10.4507
10.4907
10.5199
10.566
10.6989
11.0243
11.7076
-5.07401
-1.96556
1.50459
3.506
7.76979
13.6062
16.0987
17.6791
19.307
20.8048
22.2055
22.8478
22.2305
20.3179
17.4679
14.1575
10.7912
7.6318
4.80717
2.34422
0.212965
-1.63336
-3.24399
-4.66174
-5.92228
-7.05821
-8.09765
-9.06344
-9.97272
-10.8389
-11.6712
-12.4747
-13.2511
-13.9981
-14.7109
-15.3828
-16.0061
-16.5733
-17.0775
-17.5133
-17.8767
-18.1657
-18.3794
-18.5178
-18.5824
-18.5747
-18.497
-18.3523
-18.1443
-17.8776
-17.5575
-17.1898
-16.7804
-16.3352
-15.8591
-15.3567
-14.8319
-14.2884
-13.7298
-13.1597
-12.5815
-11.9985
-11.4136
-10.8297
-10.2491
-9.67491
-9.1088
-8.62735
-8.20054
-7.77
-7.30108
-6.87929
-6.31473
-6.0286
-5.14452
-5.42274
-3.4996
-5.5715
-0.755506
-7.48633
-1.37
0.271389
2.17882
4.50412
5.75046
6.037
6.30743
6.68452
7.13882
7.63751
8.15019
8.64044
9.09162
9.50553
9.87956
10.2144
10.5103
10.7688
10.9916
11.1811
11.3406
11.474
11.5854
11.679
11.7592
11.8305
11.8966
11.9611
12.0267
12.0958
12.1698
12.2492
12.3343
12.4244
12.5184
12.615
12.7123
12.8084
12.9013
12.9884
13.0676
13.1363
13.192
13.2323
13.2551
13.2584
13.2407
13.2007
13.1379
13.052
12.943
12.8115
12.6582
12.484
12.2899
12.0773
11.8479
11.6035
11.3464
11.0788
10.8029
10.5207
10.2342
9.94503
9.65418
9.36261
9.0701
8.82001
8.60085
8.36867
8.12457
7.8701
7.60757
7.37675
7.05473
7.09415
6.19823
7.84023
3.67799
11.9859
46.7334
48.7693
50.3587
51.5527
53.4621
56.0749
57.468
58.224
58.4475
58.3362
57.4653
55.8859
53.575
50.6911
47.4096
43.8861
40.235
36.5338
32.8372
29.183
25.5987
22.1116
18.7468
15.5277
12.4757
9.60531
6.92542
4.43695
2.13652
0.0165922
-1.93257
-3.72142
-5.36074
-6.85961
-8.22571
-9.46572
-10.5848
-11.5876
-12.4777
-13.259
-13.9352
-14.5102
-14.9881
-15.3726
-15.6678
-15.8775
-16.0052
-16.0549
-16.031
-15.9386
-15.7833
-15.571
-15.3078
-14.9993
-14.6506
-14.2663
-13.8503
-13.4065
-12.9389
-12.4514
-11.9482
-11.433
-10.9094
-10.3809
-9.85008
-9.32061
-8.79448
-8.34433
-7.94287
-7.53867
-7.09207
-6.69608
-6.14944
-5.88865
-5.0242
-5.31307
-3.4471
-5.45084
-0.83951
-7.31956
45.3112
44.2629
43.3469
42.0791
40.3759
38.6573
37.0408
35.4962
34.0103
32.5706
31.1653
29.7927
28.4618
27.179
25.9492
24.7772
23.6667
22.6206
21.6401
20.726
19.878
19.0955
18.3768
17.7199
17.1226
16.5826
16.0971
15.6635
15.2791
14.9409
14.646
14.3912
14.1732
13.9886
13.8339
13.7055
13.6001
13.5139
13.4436
13.3855
13.3361
13.292
13.2497
13.2058
13.1572
13.101
13.0348
12.9565
12.8644
12.7574
12.6348
12.496
12.3409
12.1696
11.9823
11.7795
11.562
11.3308
11.0873
10.8334
10.5708
10.3016
10.0278
9.75158
9.47442
9.19752
8.9206
8.6851
8.47979
8.26224
8.03237
7.79086
7.53753
7.31496
6.99486
7.03814
6.1563
7.7433
3.75976
11.6928
46.6538
47.5051
48.2283
49.2911
50.9281
52.6551
53.6926
53.9116
53.7381
53.2001
52.1606
50.7309
48.8082
46.4278
43.7549
40.9461
38.0991
35.2642
32.4632
29.7001
26.9722
24.2794
21.6263
19.021
16.474
13.9953
11.5958
9.28405
7.06823
4.95492
2.94929
1.05578
-0.722576
-2.38318
-3.92429
-5.34555
-6.64747
-7.83158
-8.90032
-9.85688
-10.7052
-11.4495
-12.0939
-12.6422
-13.0983
-13.4654
-13.7469
-13.9463
-14.0678
-14.1161
-14.0967
-14.0152
-13.8775
-13.6889
-13.4539
-13.1767
-12.861
-12.5106
-12.1293
-11.7213
-11.291
-10.8425
-10.3799
-9.90696
-9.42664
-8.94298
-8.45818
-8.04108
-7.66655
-7.28928
-6.86734
-6.4954
-5.97378
-5.72738
-4.90489
-5.16964
-3.4172
-5.27682
-0.963253
-7.06317
45.6813
44.5522
43.2433
41.8528
40.5181
39.266
38.0858
36.9634
35.8731
34.7894
33.7019
32.6102
31.5169
30.4243
29.3356
28.2548
27.1865
26.1358
25.1077
24.1077
23.1409
22.2125
21.3267
20.4875
19.698
18.9603
18.2759
17.6451
17.0677
16.5427
16.0683
15.6422
15.2617
14.9238
14.625
14.362
14.1312
13.929
13.7517
13.5956
13.457
13.3323
13.2179
13.1104
13.0065
12.9031
12.7977
12.6877
12.5711
12.4464
12.3121
12.1673
12.0111
11.843
11.6625
11.4694
11.2638
11.0458
10.8164
10.5765
10.3277
10.0716
9.81051
9.5468
9.28242
9.01897
8.7564
8.53444
8.34206
8.13864
7.92338
7.69634
7.45512
7.242
6.93131
6.96598
6.12905
7.60437
3.87877
11.3657
32.5956
32.8898
33.0273
32.9075
32.9865
33.9039
34.4498
34.3562
33.949
33.5158
32.9536
32.2684
31.4533
30.4456
29.2153
27.7993
26.2596
24.6497
23.0081
21.3584
19.7126
18.077
16.4545
14.8457
13.2499
11.6651
10.0908
8.52689
6.97603
5.44224
3.93155
2.45159
1.01067
-0.382499
-1.71935
-2.99237
-4.19506
-5.32236
-6.37061
-7.33746
-8.22177
-9.02317
-9.74157
-10.377
-10.9296
-11.3998
-11.7884
-12.0971
-12.3285
-12.4865
-12.5756
-12.601
-12.5678
-12.4807
-12.3436
-12.16
-11.9331
-11.6663
-11.3631
-11.0279
-10.6649
-10.2785
-9.87304
-9.45251
-9.02017
-8.58034
-8.13526
-7.74987
-7.40068
-7.04852
-6.6498
-6.30067
-5.80174
-5.57143
-4.78144
-5.03879
-3.36147
-5.14574
-1.00759
-6.90153
32.1854
31.6505
31.1218
30.6044
30.1023
29.5981
29.0867
28.5662
28.0369
27.5018
26.9626
26.4205
25.8752
25.3266
24.7745
24.2188
23.6597
23.0975
22.5328
21.9665
21.4002
20.8357
20.2752
19.7215
19.1773
18.6457
18.1297
17.6322
17.1559
16.703
16.2754
15.8745
15.5011
15.1555
14.8374
14.5462
14.2807
14.0392
13.8198
13.6202
13.438
13.2705
13.1149
12.9687
12.8293
12.6942
12.5614
12.4287
12.2942
12.1562
12.0133
11.8641
11.7075
11.5424
11.368
11.1835
10.9883
10.7824
10.5657
10.3389
10.1028
9.85888
9.60915
9.35617
9.10228
8.84954
8.5983
8.38698
8.20473
8.01276
7.81009
7.59636
7.3673
7.16435
6.86307
6.89497
6.08528
7.5009
3.91205
11.1643
23.625
23.5625
23.3653
22.9073
22.4393
22.6715
23.0606
23.086
22.8823
22.6203
22.3412
22.0413
21.7175
21.3485
20.8747
20.2451
19.4633
18.5642
17.5839
16.5509
15.4845
14.3973
13.2963
12.1847
11.0629
9.93034
8.78663
7.63219
6.4689
5.29991
4.12986
2.96467
1.81065
0.674412
-0.437296
-1.51814
-2.56218
-3.56416
-4.51947
-5.42413
-6.27459
-7.06751
-7.79944
-8.4669
-9.06665
-9.59581
-10.0524
-10.4359
-10.7471
-10.9883
-11.163
-11.2753
-11.3293
-11.3288
-11.2768
-11.1761
-11.0289
-10.8383
-10.6074
-10.3402
-10.0409
-9.71401
-9.3637
-8.99426
-8.60908
-8.21266
-7.8072
-7.45335
-7.12974
-6.80308
-6.42813
-6.10264
-5.62608
-5.4147
-4.65162
-4.91314
-3.2882
-5.03428
-1.012
-6.78357
23.6051
23.527
23.4611
23.3838
23.2748
23.1255
22.9439
22.7381
22.5148
22.2781
22.0292
21.7692
21.4986
21.2182
20.9288
20.6315
20.3271
20.0166
19.7007
19.3802
19.0559
18.7284
18.3986
18.0669
17.7343
17.4017
17.07
16.7404
16.4145
16.0936
15.7795
15.474
15.1785
14.8947
14.6237
14.3664
14.1234
13.8946
13.6796
13.4776
13.2873
13.1075
12.9367
12.7734
12.6161
12.4635
12.3142
12.1671
12.0207
11.8737
11.7248
11.5726
11.416
11.2536
11.0844
10.9074
10.7216
10.5265
10.3216
10.107
9.88322
9.65111
9.41243
9.16962
8.92529
8.68186
8.4401
8.23743
8.06333
7.88069
7.6887
7.48691
7.2698
7.07755
6.78674
6.81992
6.02985
7.40898
3.9045
11.001
18.5751
18.2513
17.995
17.7069
17.1573
16.6937
16.9671
17.0867
17.0442
16.9647
16.884
16.7991
16.7325
16.6712
16.5646
16.3484
15.9864
15.4874
14.8813
14.1974
13.4586
12.6799
11.8696
11.0311
10.1649
9.27093
8.35017
7.40504
6.43959
5.45908
4.46972
3.47807
2.49019
1.51169
0.547691
-0.397311
-1.31933
-2.21494
-3.08098
-3.91442
-4.71198
-5.46991
-6.18388
-6.84909
-7.46072
-8.01424
-8.50606
-8.93403
-9.29754
-9.5976
-9.83644
-10.0169
-10.1419
-10.2138
-10.2348
-10.2065
-10.1305
-10.009
-9.84482
-9.64139
-9.40275
-9.13316
-8.83673
-8.51773
-8.17958
-7.8269
-7.46168
-7.14013
-6.8433
-6.54347
-6.19403
-5.8936
-5.44141
-5.24994
-4.5159
-4.78079
-3.21125
-4.91328
-1.01654
-6.64917
18.8346
18.9761
19.0833
19.1655
19.2022
19.194
19.1586
19.1079
19.0451
18.9707
18.8849
18.7872
18.6772
18.5547
18.4197
18.2724
18.1129
17.9419
17.76
17.5679
17.3668
17.1576
16.9414
16.7193
16.4922
16.2613
16.0275
15.7918
15.5552
15.3187
15.0836
14.8508
14.6216
14.3972
14.1786
13.9665
13.7615
13.5639
13.3734
13.1897
13.012
12.8397
12.6721
12.5083
12.3479
12.1904
12.0354
11.8824
11.7308
11.5797
11.4283
11.2754
11.1199
10.9607
10.7966
10.6265
10.4494
10.2643
10.0706
9.86793
9.65627
9.43616
9.20891
8.97671
8.74216
8.50794
8.27512
8.08021
7.91312
7.73835
7.5555
7.36442
7.15903
6.97768
6.69957
6.7341
5.9694
7.30321
3.89845
10.812
15.2687
14.8771
14.4724
13.9981
13.4061
13.0333
13.1607
13.2153
13.1472
13.0551
12.9881
12.9393
12.9147
12.9184
12.9189
12.8695
12.7289
12.477
12.1225
11.6879
11.1957
10.6615
10.0933
9.49347
8.86141
8.19595
7.49704
6.7664
6.00741
5.22475
4.42398
3.61096
2.7911
1.96941
1.15045
0.338293
-0.463465
-1.25175
-2.02368
-2.77635
-3.5065
-4.21027
-4.88311
-5.51988
-6.11539
-6.66466
-7.16352
-7.6091
-7.99991
-8.33593
-8.61813
-8.84803
-9.02717
-9.15671
-9.23748
-9.27005
-9.25523
-9.19439
-9.08974
-8.9443
-8.7617
-8.54589
-8.30074
-8.03038
-7.73811
-7.42858
-7.10347
-6.81446
-6.54496
-6.27258
-5.94969
-5.67504
-5.24899
-5.07747
-4.37549
-4.64104
-3.13261
-4.78133
-1.02133
-6.49663
15.6177
15.8865
16.09
16.2346
16.325
16.3744
16.4011
16.4161
16.4222
16.4205
16.4113
16.3942
16.3689
16.3351
16.2925
16.2408
16.1794
16.108
16.0263
15.9341
15.8313
15.718
15.5944
15.4609
15.3181
15.1668
15.0079
14.8425
14.6718
14.497
14.3196
14.1409
13.9622
13.7849
13.6099
13.438
13.2696
13.1048
12.9435
12.7851
12.629
12.4745
12.3211
12.1684
12.0163
11.8647
11.7138
11.5637
11.4142
11.2651
11.1158
10.9657
10.8139
10.6593
10.5011
10.3381
10.1694
9.99396
9.81095
9.61978
9.42014
9.21215
8.99673
8.77569
8.55153
8.32692
8.1031
7.91554
7.75467
7.58658
7.41149
7.22981
7.03549
6.86461
6.60075
6.63561
5.90321
7.18199
3.8931
10.6051
12.9899
12.5083
12.0355
11.575
11.0979
10.7421
10.6539
10.6144
10.5332
10.4264
10.3231
10.2355
10.161
10.1016
10.0581
10.0082
9.91951
9.76158
9.52287
9.21635
8.86363
8.48081
8.07498
7.64668
7.19359
6.71319
6.20413
5.66657
5.10203
4.51297
3.90254
3.27427
2.63152
1.9776
1.31579
0.649299
-0.0187585
-0.685465
-1.34789
-2.00294
-2.64714
-3.27647
-3.88631
-4.47158
-5.02716
-5.54819
-6.03046
-6.47082
-6.86726
-7.21887
-7.52549
-7.78728
-8.00443
-8.17673
-8.3038
-8.38517
-8.42074
-8.41112
-8.35789
-8.2635
-8.13111
-7.96432
-7.76665
-7.54199
-7.2934
-7.02543
-6.73936
-6.48237
-6.24002
-5.99488
-5.69879
-5.44991
-5.05084
-4.89912
-4.23068
-4.49633
-3.04986
-4.645
-1.01739
-6.34095
13.4248
13.7616
13.9985
14.1467
14.2313
14.2826
14.3225
14.358
14.3879
14.4124
14.4318
14.4458
14.4545
14.4577
14.4555
14.4479
14.4345
14.4152
14.3895
14.3572
14.3176
14.2702
14.2145
14.1503
14.0771
13.9949
13.9038
13.8041
13.6966
13.5819
13.4613
13.3359
13.2069
13.0757
12.9434
12.8108
12.6786
12.547
12.4161
12.2854
12.1544
12.0227
11.8897
11.7553
11.6192
11.4817
11.3431
11.2036
11.0635
10.9228
10.7812
10.6383
10.4936
10.3463
10.1957
10.0409
9.88108
9.7153
9.54279
9.36288
9.17506
8.97921
8.77589
8.56655
8.35342
8.13904
7.9246
7.74433
7.58928
7.42709
7.2587
7.08518
6.901
6.73966
6.49063
6.52474
5.82857
7.04999
3.87796
10.3975
11.5521
11.0691
10.5798
10.1035
9.62956
9.21774
8.97266
8.86053
8.77901
8.6827
8.57052
8.45322
8.33674
8.22252
8.1211
8.03698
7.94696
7.81675
7.62315
7.36998
7.07909
6.76959
6.44919
6.1172
5.76992
5.404
5.01747
4.60961
4.18057
3.73108
3.2624
2.7761
2.27385
1.75744
1.22892
0.690481
0.144439
-0.406844
-0.960905
-1.51504
-2.06617
-2.61075
-3.14475
-3.66378
-4.16337
-4.63926
-5.08766
-5.50551
-5.8905
-6.24109
-6.55611
-6.83454
-7.07527
-7.27688
-7.43782
-7.55661
-7.63227
-7.66469
-7.65475
-7.60434
-7.51611
-7.39319
-7.23876
-7.05637
-6.84876
-6.62029
-6.37177
-6.14588
-5.93018
-5.71177
-5.4424
-5.21896
-4.84726
-4.71508
-4.08091
-4.34711
-2.96169
-4.50627
-1.00321
-6.18637
11.9832
12.3171
12.549
12.6857
12.7552
12.7954
12.8319
12.8688
12.9029
12.9338
12.9612
12.9847
13.004
13.019
13.0297
13.036
13.038
13.0359
13.0295
13.0189
13.0039
12.9843
12.9597
12.9298
12.8941
12.8523
12.804
12.7491
12.6875
12.6194
12.5451
12.4652
12.3804
12.2914
12.199
12.104
12.0069
11.908
11.8074
11.7051
11.6007
11.494
11.3846
11.2724
11.1573
11.0395
10.9191
10.7966
10.672
10.5454
10.4168
10.286
10.1524
10.0157
9.87529
9.73052
9.58075
9.42533
9.26362
9.09503
8.91905
8.73544
8.54452
8.3474
8.14604
7.94267
7.7383
7.56569
7.41656
7.26013
7.09795
6.93173
6.75681
6.60398
6.36977
6.40187
5.74401
6.90816
3.85064
10.1902
10.5083
10.1055
9.6812
9.26035
8.8376
8.43195
8.10844
7.91544
7.78972
7.63799
7.42521
7.2316
7.07732
6.93467
6.80188
6.69016
6.59105
6.4713
6.30231
6.07954
5.82142
5.55012
5.27617
4.99873
4.71284
4.41445
4.10142
3.77286
3.42837
3.06784
2.6916
2.30039
1.89513
1.47698
1.04729
0.607589
0.159538
-0.295162
-0.75473
-1.2172
-1.68034
-2.14156
-2.59787
-3.04603
-3.48271
-3.90463
-4.30878
-4.69255
-5.05369
-5.39031
-5.70062
-5.98269
-6.23442
-6.45333
-6.63689
-6.78273
-6.88906
-6.95501
-6.9808
-6.96771
-6.91782
-6.83379
-6.71836
-6.57473
-6.40526
-6.21404
-6.00142
-5.80565
-5.61593
-5.42363
-5.18071
-4.98222
-4.63805
-4.52508
-3.92574
-4.19279
-2.86811
-4.36423
-0.981336
-6.03047
10.8644
11.1364
11.3254
11.4356
11.4913
11.5264
11.5614
11.5977
11.6328
11.6667
11.6992
11.7298
11.758
11.7834
11.8057
11.8246
11.8398
11.8513
11.8589
11.8626
11.8624
11.8584
11.8504
11.8385
11.8225
11.8023
11.7777
11.7484
11.7145
11.6757
11.6322
11.5839
11.5311
11.4741
11.4133
11.3489
11.2815
11.2112
11.1381
11.0622
10.9835
10.9018
10.817
10.7287
10.6371
10.5421
10.4437
10.3422
10.2375
10.1297
10.0185
9.90387
9.78533
9.66255
9.53512
9.40261
9.26461
9.12071
8.97052
8.81366
8.64977
8.47863
8.30043
8.11605
7.92715
7.73562
7.54216
7.37788
7.23522
7.08494
6.92906
6.76978
6.60351
6.45825
6.2386
6.26719
5.64893
6.75518
3.81277
9.97805
9.77056
9.49409
9.19296
8.89346
8.5892
8.28265
8.00146
7.78936
7.6025
7.273
6.67247
6.2258
6.02117
5.87658
5.7493
5.63383
5.53217
5.42611
5.28404
5.09196
4.86247
4.61823
4.37417
4.1321
3.88668
3.63275
3.36775
3.0909
2.80187
2.5004
2.1865
1.86071
1.52387
1.17705
0.821426
0.45817
0.0884313
-0.286695
-0.666116
-1.04868
-1.43305
-1.81764
-2.20059
-2.5798
-2.95308
-3.31823
-3.67314
-4.01587
-4.34453
-4.65727
-4.95208
-5.22656
-5.47796
-5.70315
-5.89887
-6.06203
-6.19016
-6.28167
-6.33611
-6.35409
-6.33709
-6.28723
-6.20678
-6.09851
-5.96436
-5.80813
-5.62968
-5.46297
-5.29844
-5.13147
-4.91454
-4.74037
-4.42369
-4.32944
-3.76531
-4.03324
-2.7694
-4.21832
-0.953394
-5.87134
10.0092
10.1867
10.3107
10.3874
10.4344
10.4707
10.5049
10.5363
10.5651
10.5924
10.6184
10.6431
10.6667
10.6893
10.7108
10.7309
10.7495
10.7664
10.7813
10.794
10.8043
10.812
10.817
10.8191
10.8182
10.8142
10.8068
10.796
10.7815
10.7633
10.7412
10.7152
10.6854
10.6517
10.6144
10.5737
10.5297
10.4828
10.4329
10.3803
10.3249
10.2667
10.2054
10.141
10.0732
10.0019
9.92709
9.8485
9.76603
9.67945
9.58849
9.49282
9.39206
9.28583
9.17377
9.05557
8.93099
8.79986
8.66206
8.5175
8.36605
8.20761
8.04241
7.87115
7.69523
7.5162
7.33446
7.17926
7.04379
6.90035
6.75126
6.59897
6.44105
6.30263
6.09718
6.12084
5.54292
6.59007
3.76511
9.75803
9.05951
8.89923
8.72288
8.54922
8.37005
8.18144
7.99208
7.82024
7.61146
7.18796
6.37884
5.63847
5.30597
5.1415
5.00919
4.89039
4.78015
4.67058
4.54717
4.39012
4.19113
3.96753
3.73882
3.5126
3.28659
3.0558
2.81706
2.56953
2.31339
2.04884
1.77613
1.49572
1.20828
0.914652
0.615706
0.312171
0.00465955
-0.306333
-0.620365
-0.936968
-1.25554
-1.57527
-1.89511
-2.21379
-2.53
-2.84236
-3.14954
-3.45026
-3.74316
-4.02672
-4.29906
-4.55779
-4.8
-5.02228
-5.22105
-5.3928
-5.53455
-5.64419
-5.72061
-5.7638
-5.77459
-5.75451
-5.70527
-5.62917
-5.52766
-5.4042
-5.25821
-5.11943
-4.97916
-4.83661
-4.64503
-4.49439
-4.205
-4.12888
-3.60013
-3.86883
-2.66582
-4.06863
-0.919862
-5.70906
9.19017
9.28814
9.36262
9.42118
9.47104
9.51664
9.55794
9.5944
9.62688
9.65587
9.68147
9.70404
9.72399
9.74172
9.75764
9.7721
9.78541
9.7978
9.80946
9.8205
9.83096
9.84081
9.84995
9.85824
9.86549
9.87143
9.87579
9.87824
9.87847
9.87616
9.87103
9.86284
9.85143
9.83674
9.81879
9.79768
9.77358
9.74667
9.71713
9.6851
9.65064
9.61372
9.57423
9.53198
9.48671
9.43816
9.386
9.32991
9.26953
9.20445
9.13426
9.05846
8.97658
8.88815
8.79278
8.69017
8.58015
8.46275
8.33807
8.20629
8.06755
7.92199
7.76989
7.61192
7.44928
7.28318
7.11374
6.96828
6.84069
6.70488
6.56324
6.41831
6.26872
6.13672
5.94517
5.96282
5.42566
6.41258
3.70758
9.52906
8.14921
8.05878
7.96201
7.87241
7.77953
7.67478
7.5595
7.43889
7.27331
6.95594
6.37675
5.59395
4.96147
4.66314
4.49973
4.36442
4.23441
4.10982
3.98952
3.86359
3.70646
3.52315
3.3211
3.11339
2.9059
2.69582
2.47836
2.25172
2.01709
1.77647
1.53128
1.28243
1.03055
0.776159
0.519646
0.261172
0.00073691
-0.26178
-0.526522
-0.793567
-1.06281
-1.33388
-1.60615
-1.87877
-2.1508
-2.42133
-2.68945
-2.95436
-3.21517
-3.47075
-3.71961
-3.95966
-4.18821
-4.40204
-4.5976
-4.77136
-4.92017
-5.0416
-5.13413
-5.19719
-5.23106
-5.23665
-5.2151
-5.16814
-5.09672
-5.00387
-4.88859
-4.77639
-4.65932
-4.54011
-4.37308
-4.24509
-3.98266
-3.92405
-3.43067
-3.69991
-2.55751
-3.91519
-0.881509
-5.54375
8.22039
8.27076
8.31879
8.36711
8.41649
8.46598
8.51418
8.56072
8.60549
8.64799
8.68776
8.72452
8.75809
8.78841
8.81552
8.83954
8.8607
8.87934
8.89583
8.91059
8.92404
8.93657
8.94851
8.96014
8.97161
8.98299
8.99422
9.00512
9.01542
9.02478
9.03281
9.03914
9.04339
9.04531
9.0447
9.04145
9.03557
9.02713
9.01624
9.00301
8.98749
8.96968
8.94949
8.92672
8.90111
8.87232
8.83999
8.80367
8.76292
8.71725
8.66611
8.60893
8.5451
8.47406
8.3953
8.30845
8.21334
8.11005
7.99883
7.88009
7.7542
7.62153
7.4825
7.3378
7.18848
7.0355
6.87872
6.74344
6.62431
6.49684
6.36338
6.22635
6.08534
5.95968
5.78191
5.79296
5.29686
6.22268
3.6404
9.28987
6.87639
6.80252
6.72962
6.66738
6.60382
6.52661
6.43414
6.33001
6.19118
5.96454
5.63787
5.18918
4.60519
4.11332
3.85861
3.70925
3.58208
3.45099
3.32871
3.2204
3.1189
3.00637
2.87901
2.73329
2.57619
2.41085
2.23682
2.05227
1.85669
1.65208
1.44145
1.22711
1.01017
0.791072
0.570034
0.347062
0.122004
-0.105421
-0.335542
-0.568619
-0.804701
-1.04355
-1.28458
-1.52699
-1.76987
-2.01234
-2.25361
-2.49305
-2.72999
-2.96364
-3.19284
-3.41594
-3.63069
-3.83427
-4.02355
-4.19529
-4.34651
-4.4748
-4.57848
-4.65667
-4.70918
-4.73645
-4.73903
-4.71811
-4.67405
-4.60946
-4.52282
-4.43549
-4.34026
-4.24306
-4.09954
-3.99316
-3.75719
-3.71536
-3.25717
-3.52646
-2.44448
-3.75747
-0.838956
-5.37423
6.94194
6.98684
7.03457
7.08451
7.13709
7.19177
7.24837
7.30681
7.36682
7.42785
7.48937
7.55078
7.61147
7.67077
7.72803
7.78264
7.83412
7.88209
7.92635
7.96683
8.00365
8.03706
8.06744
8.09525
8.121
8.14515
8.16813
8.19025
8.2117
8.23252
8.25262
8.27182
8.28985
8.30641
8.3212
8.33396
8.3445
8.35268
8.35842
8.36169
8.36246
8.36065
8.35617
8.34888
8.33855
8.32492
8.30768
8.28645
8.26085
8.23042
8.19462
8.15285
8.10445
8.04875
7.98511
7.91303
7.83225
7.74279
7.64494
7.53919
7.42609
7.3062
7.18008
7.04848
6.91237
6.77249
6.62851
6.50369
6.39342
6.27484
6.15021
6.02167
5.88964
5.77053
5.6066
5.611
5.15634
6.02015
3.56437
9.03785
5.63474
5.56484
5.51054
5.46621
5.41856
5.35471
5.27332
5.17957
5.05443
4.86836
4.61624
4.28886
3.87963
3.46712
3.1871
3.0276
2.91214
2.8063
2.68905
2.58367
2.52911
2.48672
2.42706
2.34787
2.2486
2.13499
2.01166
1.88025
1.73967
1.58844
1.42732
1.25871
1.08453
0.905452
0.721464
0.532477
0.338494
0.139529
-0.0644334
-0.273381
-0.48714
-0.705265
-0.926979
-1.15126
-1.37697
-1.60304
-1.8285
-2.05258
-2.27459
-2.4938
-2.70922
-2.9195
-3.12281
-3.31685
-3.49906
-3.66672
-3.81731
-3.94871
-4.05935
-4.14829
-4.21512
-4.25989
-4.28268
-4.28418
-4.26421
-4.22485
-4.1641
-4.09925
-4.02401
-3.94705
-3.82561
-3.73943
-3.52909
-3.50308
-3.07985
-3.3482
-2.32698
-3.59436
-0.793416
-5.19853
5.70482
5.75653
5.81069
5.86558
5.92219
5.98062
6.04127
6.10442
6.17021
6.2387
6.30987
6.3836
6.45957
6.53734
6.61629
6.69566
6.77462
6.85229
6.9278
7.00039
7.06939
7.13432
7.19491
7.25112
7.30309
7.35113
7.39567
7.4372
7.47619
7.51307
7.54815
7.58162
7.61355
7.64387
7.67243
7.69901
7.72335
7.7452
7.76435
7.7806
7.79378
7.80376
7.81041
7.81363
7.81329
7.80927
7.80145
7.78964
7.77364
7.75315
7.72777
7.69698
7.66014
7.61654
7.56543
7.50618
7.43836
7.36185
7.27683
7.18377
7.08327
6.97597
6.86257
6.74385
6.62075
6.49385
6.36266
6.2485
6.14731
6.03802
5.92269
5.80319
5.68056
5.5684
5.41846
5.41655
5.00394
5.80441
3.48092
8.76881
4.84092
4.78341
4.74502
4.71176
4.67239
4.61913
4.55238
4.47643
4.3898
4.2773
4.07022
3.75087
3.39838
3.06562
2.8064
2.64797
2.53982
2.44837
2.35898
2.26213
2.17942
2.14151
2.10571
2.05527
1.98957
1.90791
1.82014
1.72588
1.62231
1.51059
1.39223
1.2672
1.1352
0.996174
0.849917
0.696023
0.534222
0.364487
0.186959
0.0019007
-0.190271
-0.388889
-0.592974
-0.801289
-1.01249
-1.22527
-1.43842
-1.65092
-1.86184
-2.07029
-2.2752
-2.47529
-2.66896
-2.8543
-3.0292
-3.19154
-3.33931
-3.47085
-3.58487
-3.68055
-3.7574
-3.81524
-3.85384
-3.87348
-3.87349
-3.85543
-3.81684
-3.77132
-3.71355
-3.65442
-3.55302
-3.48513
-3.29915
-3.28746
-2.89892
-3.16434
-2.20543
-3.42412
-0.746116
-5.0132
4.90211
4.95156
5.00306
5.05504
5.10808
5.16209
5.21732
5.27395
5.33227
5.39259
5.45528
5.52063
5.58893
5.66033
5.73485
5.81232
5.89239
5.97452
6.058
6.14202
6.22569
6.3081
6.38843
6.46598
6.54023
6.61083
6.67764
6.74067
6.80008
6.85611
6.90902
6.95905
7.00637
7.05106
7.0931
7.13237
7.16867
7.20176
7.23138
7.25727
7.27921
7.29703
7.31061
7.31991
7.32492
7.32571
7.32237
7.31497
7.30357
7.28811
7.26843
7.24418
7.21485
7.17975
7.13814
7.08928
7.03256
6.96767
6.89464
6.81376
6.72556
6.63067
6.52982
6.4238
6.31352
6.19947
6.08106
5.97765
5.88569
5.7859
5.68018
5.5701
5.45723
5.35248
5.21664
5.2089
4.83946
5.57353
3.39242
8.47724
4.43424
4.39246
4.35591
4.3231
4.28601
4.2397
4.18561
4.12635
4.06192
3.96588
3.75891
3.43456
3.10521
2.8162
2.57023
2.38662
2.26858
2.1784
2.0967
2.01588
1.92351
1.84109
1.79688
1.75476
1.71673
1.6758
1.60648
1.52504
1.44183
1.3525
1.25529
1.15304
1.0472
0.936833
0.820469
0.697096
0.566111
0.427166
0.280094
0.124869
-0.0383495
-0.209126
-0.386701
-0.570032
-0.757933
-0.949176
-1.14257
-1.337
-1.53137
-1.72456
-1.91533
-2.10225
-2.28373
-2.45799
-2.62324
-2.77775
-2.91993
-3.04846
-3.16232
-3.26082
-3.34346
-3.40989
-3.45964
-3.49267
-3.50793
-3.50652
-3.48554
-3.45557
-3.41224
-3.36792
-3.28396
-3.23164
-3.06859
-3.06832
-2.71516
-2.97319
-2.08145
-3.24229
-0.700566
-4.81254
4.47777
4.52251
4.56872
4.61576
4.66363
4.71204
4.76088
4.81008
4.85964
4.90968
4.96039
5.01206
5.06507
5.11983
5.17678
5.23627
5.2986
5.36391
5.4322
5.50328
5.57679
5.65221
5.72892
5.80624
5.88346
5.95994
6.0351
6.10845
6.17962
6.24835
6.31443
6.37772
6.43809
6.4954
6.54945
6.60002
6.64684
6.68962
6.72802
6.76176
6.79058
6.8143
6.83282
6.84614
6.85437
6.85774
6.8565
6.85098
6.84147
6.8282
6.81125
6.79053
6.76572
6.73631
6.70163
6.66091
6.6135
6.55892
6.49694
6.42771
6.35156
6.26899
6.18066
6.08732
5.9898
5.88852
5.7829
5.69041
5.60779
5.51765
5.42173
5.32139
5.21855
5.12168
5.0001
4.98663
4.6632
5.3235
3.3048
8.15244
4.19215
4.15485
4.11875
4.08571
4.05085
4.01178
3.97017
3.92663
3.87977
3.80268
3.6167
3.29769
2.9739
2.7079
2.47735
2.27108
2.10255
1.97986
1.88591
1.80766
1.73167
1.63405
1.52731
1.46486
1.42955
1.39866
1.36372
1.33402
1.26834
1.16704
1.05137
0.93538
0.823596
0.715116
0.607056
0.497116
0.384254
0.26794
0.147529
0.0222618
-0.108452
-0.244873
-0.386956
-0.534395
-0.686742
-0.843423
-1.00376
-1.16701
-1.33227
-1.49853
-1.66456
-1.82887
-1.98988
-2.14593
-2.29534
-2.43656
-2.5682
-2.68912
-2.79835
-2.89521
-2.97904
-3.04931
-3.10531
-3.14663
-3.17199
-3.18213
-3.17389
-3.15535
-3.12317
-3.09013
-3.02088
-2.98036
-2.8391
-2.84522
-2.53011
-2.77185
-1.95764
-3.04432
-0.662265
-4.59052
4.22859
4.26763
4.30788
4.34937
4.39202
4.43559
4.47992
4.52478
4.56997
4.61528
4.66059
4.70584
4.75108
4.79649
4.84229
4.88884
4.93649
4.98566
5.03669
5.08988
5.14541
5.20333
5.26359
5.32598
5.3902
5.45588
5.52256
5.58979
5.6571
5.72404
5.79014
5.85497
5.91809
5.97909
6.0375
6.09285
6.14468
6.19254
6.23597
6.27453
6.30788
6.33574
6.35798
6.37456
6.38558
6.39127
6.39197
6.38806
6.38001
6.3682
6.35293
6.33436
6.31239
6.28675
6.257
6.22248
6.18257
6.13678
6.0847
6.02628
5.96167
5.89109
5.81509
5.73427
5.64936
5.56065
5.4677
5.38608
5.3128
5.23238
5.1464
5.05603
4.96335
4.87465
4.7677
4.74744
4.47616
5.04833
3.22555
7.78688
3.93437
3.90375
3.87618
3.85106
3.82459
3.79513
3.76356
3.72981
3.69264
3.62697
3.44461
3.06666
2.65309
2.32833
2.06905
1.83926
1.6268
1.43848
1.28475
1.16514
1.07529
1.00783
0.939936
0.828187
0.75788
0.785621
0.777631
0.759397
0.730593
0.663107
0.563962
0.46183
0.368741
0.281703
0.196358
0.110988
0.0252346
-0.0609872
-0.147858
-0.235901
-0.325819
-0.41836
-0.51415
-0.613675
-0.717347
-0.825424
-0.938068
-1.05531
-1.17688
-1.30228
-1.43066
-1.56083
-1.69145
-1.82099
-1.94792
-2.0707
-2.18802
-2.29864
-2.4015
-2.49562
-2.58005
-2.65389
-2.7161
-2.76586
-2.80172
-2.82377
-2.82922
-2.8227
-2.80315
-2.7813
-2.72997
-2.69911
-2.58698
-2.5919
-2.33112
-2.53798
-1.8328
-2.81136
-0.639077
-4.3399
3.96499
3.99658
4.02889
4.0621
4.09636
4.13169
4.16808
4.20551
4.24388
4.28307
4.3229
4.36322
4.40386
4.44473
4.48573
4.52682
4.56806
4.60951
4.65129
4.69353
4.73638
4.77996
4.82437
4.86966
4.91587
4.963
5.01101
5.05981
5.10931
5.15941
5.20991
5.26058
5.31119
5.36146
5.41097
5.45925
5.50587
5.5503
5.592
5.6304
5.66499
5.69531
5.72104
5.74191
5.75778
5.76868
5.77473
5.77617
5.77337
5.7667
5.75655
5.74324
5.7269
5.70755
5.6851
5.65917
5.6293
5.59509
5.5561
5.51207
5.46288
5.40853
5.34926
5.28542
5.21751
5.14572
5.06984
5.00281
4.94223
4.87522
4.80296
4.72643
4.64785
4.57102
4.48514
4.45574
4.2592
4.707
3.15946
7.33576
3.87122
3.84778
3.82111
3.79872
3.77813
3.75639
3.73225
3.70666
3.68155
3.6512
3.57028
3.29442
2.74659
2.15161
1.67228
1.29714
0.985626
0.714587
0.482335
0.299453
0.172598
0.0965899
0.0558663
0.010142
-0.108747
-0.275274
-0.283878
-0.251605
-0.262845
-0.264937
-0.256615
-0.261674
-0.275935
-0.2905
-0.305875
-0.325165
-0.349372
-0.378094
-0.4108
-0.447272
-0.487756
-0.53269
-0.582495
-0.637429
-0.697591
-0.763092
-0.834117
-0.910908
-0.993528
-1.08181
-1.17529
-1.27324
-1.37461
-1.47819
-1.58271
-1.68686
-1.7894
-1.88915
-1.98495
-2.07564
-2.16
-2.23681
-2.30471
-2.36252
-2.40848
-2.44232
-2.46121
-2.46726
-2.45991
-2.45068
-2.41507
-2.39834
-2.30778
-2.32523
-2.0972
-2.30607
-1.6572
-2.61002
-0.54563
-4.18472
3.89408
3.92155
3.94884
3.97591
4.00285
4.02969
4.05657
4.08358
4.11079
4.13825
4.16597
4.19391
4.22206
4.25039
4.27879
4.30719
4.33554
4.36378
4.39186
4.41971
4.44728
4.47454
4.50144
4.52787
4.55382
4.57924
4.60413
4.62851
4.65241
4.67595
4.69927
4.72248
4.74577
4.76927
4.79302
4.81704
4.84126
4.86553
4.88955
4.913
4.93546
4.95649
4.97567
4.99253
5.00676
5.01811
5.02638
5.03153
5.03369
5.03301
5.02971
5.02409
5.01627
5.00637
4.99437
4.98008
4.96314
4.94321
4.91982
4.89261
4.86132
4.82577
4.78599
4.74207
4.69437
4.64288
4.58742
4.53807
4.49302
4.44231
4.38696
4.32773
4.26681
4.20668
4.14317
4.11821
3.97686
4.37291
2.96527
7.05297
3.83431
3.80925
3.78155
3.76164
3.74754
3.73538
3.72339
3.71189
3.70249
3.69669
3.67289
3.55525
3.22804
2.76212
2.31521
1.94548
1.64382
1.38701
1.16052
0.962789
0.800066
0.675873
0.586647
0.525806
0.471134
0.372306
0.171924
0.0219978
0.170958
0.229446
0.188355
0.168974
0.178206
0.186356
0.181541
0.164941
0.137963
0.101852
0.058146
0.0078183
-0.0490383
-0.112324
-0.18155
-0.255917
-0.33449
-0.416482
-0.501378
-0.588959
-0.679047
-0.771463
-0.865913
-0.962042
-1.05927
-1.15694
-1.25442
-1.35107
-1.44627
-1.53942
-1.62981
-1.71659
-1.79875
-1.87516
-1.94445
-2.00537
-2.05615
-2.09639
-2.12334
-2.13748
-2.13847
-2.13805
-2.11387
-2.10763
-2.03348
-2.06138
-1.85875
-2.07294
-1.46765
-2.41122
-0.429801
-4.03775
3.85563
3.87574
3.89526
3.91401
3.93187
3.94881
3.96485
3.97998
3.99428
4.0078
4.02053
4.03257
4.04404
4.055
4.06553
4.07574
4.08571
4.09554
4.10535
4.11514
4.12493
4.13479
4.14467
4.15448
4.16414
4.17346
4.18234
4.19067
4.19831
4.20523
4.21149
4.21713
4.22236
4.22738
4.23242
4.23775
4.2436
4.25011
4.2574
4.26548
4.27424
4.28351
4.29299
4.30235
4.31129
4.31945
4.32647
4.33214
4.33632
4.33898
4.34008
4.33975
4.33807
4.33506
4.33075
4.32501
4.31758
4.3082
4.29645
4.28198
4.2645
4.2437
4.21947
4.1918
4.16085
4.12649
4.08851
4.05452
4.02318
3.98712
3.9472
3.90405
3.8597
3.81594
3.77326
3.75575
3.66333
4.02815
2.73487
6.77413
3.1529
3.13442
3.11383
3.09675
3.08305
3.07093
3.05855
3.04553
3.03303
3.02322
3.01435
2.99424
2.93292
2.79577
2.62471
2.47657
2.36276
2.27049
2.18692
2.10623
2.02856
1.95667
1.89376
1.84344
1.80984
1.78877
1.75768
1.69687
1.66098
1.7918
1.93051
1.91292
1.85367
1.78546
1.7
1.6014
1.49303
1.37526
1.24991
1.11916
0.983614
0.843294
0.698852
0.551751
0.403789
0.256639
0.111581
-0.0305476
-0.169136
-0.303759
-0.434041
-0.559726
-0.680509
-0.796192
-0.906761
-1.01229
-1.11296
-1.20899
-1.30044
-1.38722
-1.46889
-1.54487
-1.6142
-1.67598
-1.72871
-1.77216
-1.80385
-1.82326
-1.83028
-1.83617
-1.82078
-1.82212
-1.76151
-1.7964
-1.61698
-1.83192
-1.27105
-2.19749
-0.30822
-3.85613
3.16959
3.18817
3.20684
3.22529
3.24359
3.26164
3.27932
3.2965
3.31312
3.32906
3.34418
3.3584
3.37172
3.38407
3.39544
3.40592
3.41556
3.42448
3.43283
3.44075
3.44839
3.4559
3.46344
3.47106
3.47882
3.48668
3.49458
3.50245
3.51013
3.51753
3.52457
3.53115
3.5373
3.5431
3.54861
3.55405
3.55962
3.56549
3.57189
3.57894
3.58672
3.59526
3.60444
3.61414
3.62415
3.63419
3.64398
3.65325
3.66176
3.66938
3.67597
3.68151
3.68602
3.68944
3.69183
3.6931
3.69307
3.69161
3.68842
3.68321
3.67573
3.66571
3.65299
3.63755
3.61943
3.5984
3.57429
3.5527
3.53266
3.50897
3.48239
3.45347
3.424
3.39556
3.37186
3.36282
3.31623
3.65099
2.48329
6.41395
1.92873
1.91567
1.90121
1.8861
1.87141
1.85741
1.84334
1.82804
1.81097
1.79226
1.77246
1.75014
1.72522
1.70335
1.72823
1.85377
1.99719
2.0985
2.16549
2.21426
2.25417
2.28978
2.32312
2.35404
2.38203
2.4077
2.4297
2.44017
2.43382
2.43457
2.5807
2.95964
2.99951
2.84883
2.69982
2.56023
2.41175
2.25042
2.08185
1.91035
1.73621
1.55875
1.37821
1.19583
1.0133
0.832376
0.654555
0.480955
0.312439
0.149711
-0.0065622
-0.155738
-0.29722
-0.430562
-0.555609
-0.672475
-0.78152
-0.883255
-0.978179
-1.06668
-1.14887
-1.2247
-1.29378
-1.35568
-1.40936
-1.45483
-1.48994
-1.51349
-1.5256
-1.53676
-1.52879
-1.53627
-1.48727
-1.52719
-1.3685
-1.58158
-1.06303
-1.96736
-0.173962
-3.64153
1.93898
1.9503
1.96279
1.97638
1.99124
2.0074
2.02484
2.04351
2.06337
2.08434
2.10624
2.12891
2.15217
2.17585
2.19979
2.22386
2.24793
2.27193
2.29588
2.31981
2.34377
2.36782
2.39209
2.41667
2.44164
2.46703
2.49281
2.51897
2.54537
2.57189
2.59834
2.62453
2.65034
2.67562
2.70025
2.7242
2.74752
2.7702
2.79234
2.81402
2.83532
2.85631
2.87701
2.89739
2.91737
2.93683
2.95565
2.97361
2.99053
3.00632
3.02084
3.03403
3.04591
3.05641
3.06559
3.07345
3.07991
3.08492
3.08835
3.09001
3.08979
3.0875
3.08303
3.07638
3.06758
3.05641
3.04271
3.03061
3.0194
3.00564
2.99005
2.97313
2.9564
2.94154
2.93412
2.93345
2.92708
3.2321
2.18949
5.98115
0.828981
0.821439
0.812561
0.801487
0.788598
0.773555
0.755598
0.734702
0.711557
0.686568
0.65972
0.630143
0.597879
0.570466
0.577913
0.700868
0.935419
1.10626
1.17585
1.19229
1.18783
1.17561
1.15944
1.13995
1.11688
1.09003
1.05864
1.01925
0.965962
0.900679
0.840543
0.819482
1.65758
2.32991
2.25442
2.15111
2.03844
1.92183
1.80243
1.68093
1.55706
1.43015
1.30023
1.16783
1.03341
0.897492
0.760731
0.623768
0.487189
0.351574
0.217654
0.0864723
-0.0408128
-0.163025
-0.279289
-0.38908
-0.492218
-0.588817
-0.679124
-0.763395
-0.841771
-0.914291
-0.980764
-1.04101
-1.09423
-1.14055
-1.17797
-1.20481
-1.22117
-1.23669
-1.23503
-1.24756
-1.20857
-1.25215
-1.11174
-1.32145
-0.840828
-1.72004
-0.0199213
-3.3911
0.835012
0.845067
0.856061
0.86813
0.881516
0.896395
0.912916
0.931214
0.951428
0.973625
0.997793
1.0239
1.05185
1.08151
1.11272
1.14528
1.17896
1.21359
1.24902
1.2851
1.32173
1.35887
1.3965
1.43464
1.47333
1.51259
1.55242
1.59284
1.6338
1.67522
1.71692
1.75875
1.80056
1.8421
1.88315
1.92358
1.9632
2.00188
2.03952
2.07608
2.11146
2.1457
2.17875
2.21056
2.24111
2.27032
2.29813
2.32443
2.3491
2.37208
2.39326
2.41263
2.4302
2.44594
2.45992
2.47221
2.48282
2.49179
2.4991
2.50476
2.50874
2.51097
2.51145
2.51019
2.50727
2.50249
2.49576
2.4902
2.4852
2.4786
2.47116
2.46338
2.45653
2.45257
2.45771
2.46374
2.49043
2.76575
1.83803
5.47506
0.672326
0.66878
0.66666
0.663322
0.658977
0.653112
0.645056
0.634935
0.623645
0.611924
0.599765
0.586506
0.571451
0.555277
0.54048
0.532008
0.535551
0.567445
0.660809
0.748825
0.783652
0.786789
0.778585
0.768144
0.757491
0.747028
0.737432
0.728182
0.715933
0.696724
0.668534
0.621803
0.540507
0.504093
0.710276
0.783218
0.783053
0.773101
0.765125
0.752582
0.733378
0.708135
0.677865
0.642615
0.601816
0.554847
0.501413
0.441567
0.375524
0.303561
0.226233
0.14461
0.0602132
-0.0252155
-0.110078
-0.193129
-0.273549
-0.350869
-0.42485
-0.495356
-0.562228
-0.625297
-0.684264
-0.7389
-0.788381
-0.832702
-0.869871
-0.897896
-0.916604
-0.934698
-0.937508
-0.953413
-0.922516
-0.968231
-0.843607
-1.04806
-0.601818
-1.44849
0.154579
-3.06748
0.674732
0.675071
0.675568
0.676301
0.6774
0.679033
0.681383
0.684673
0.689138
0.695003
0.70247
0.711718
0.722869
0.735991
0.751104
0.76815
0.787039
0.807649
0.829824
0.853379
0.87815
0.904001
0.930808
0.958461
0.986916
1.01612
1.04605
1.07671
1.10808
1.14012
1.1728
1.20603
1.23975
1.27383
1.30815
1.34261
1.37708
1.41143
1.44555
1.47936
1.51274
1.54562
1.57788
1.60942
1.64013
1.66987
1.6985
1.72584
1.75173
1.776
1.79852
1.81921
1.83799
1.85484
1.86981
1.88295
1.89433
1.90406
1.91221
1.91888
1.92411
1.92795
1.93048
1.93171
1.93173
1.93039
1.92764
1.92594
1.92479
1.92278
1.92069
1.919
1.91862
1.92174
1.93405
1.94189
1.99095
2.23506
1.40206
4.84306
0.721514
0.721705
0.72126
0.721235
0.720799
0.719074
0.716035
0.712193
0.708094
0.704044
0.699993
0.695564
0.690285
0.683857
0.676597
0.668881
0.661047
0.6526
0.634259
0.572809
0.527015
0.538149
0.547959
0.542955
0.530387
0.5167
0.504097
0.493148
0.483585
0.472833
0.45668
0.430279
0.378166
0.271355
0.167406
0.211594
0.258018
0.265704
0.269074
0.274979
0.28039
0.281731
0.279806
0.277231
0.274012
0.268583
0.25936
0.245303
0.225654
0.199778
0.167379
0.128777
0.0849486
0.0372856
-0.0127859
-0.0641289
-0.115977
-0.16787
-0.219505
-0.270609
-0.32082
-0.369753
-0.416907
-0.461879
-0.50372
-0.542242
-0.575426
-0.601436
-0.619554
-0.637394
-0.641897
-0.65884
-0.633538
-0.67986
-0.568094
-0.765689
-0.350268
-1.15102
0.341379
-2.62707
0.721099
0.72016
0.718976
0.717399
0.715426
0.713065
0.710366
0.707442
0.704445
0.701558
0.699
0.697017
0.695856
0.695741
0.696869
0.699396
0.703445
0.709081
0.716295
0.725048
0.735257
0.74682
0.759612
0.773475
0.788279
0.803901
0.820227
0.837147
0.854572
0.872421
0.890607
0.909068
0.927738
0.946544
0.965443
0.984412
1.00343
1.02247
1.04154
1.06068
1.07987
1.09914
1.11848
1.13787
1.15724
1.17647
1.19543
1.21395
1.23181
1.24879
1.2647
1.27936
1.29263
1.30444
1.31478
1.32366
1.33115
1.33738
1.34245
1.34652
1.34967
1.35199
1.35358
1.35441
1.35458
1.35392
1.35238
1.35238
1.35267
1.35234
1.35225
1.35291
1.35503
1.36127
1.37637
1.38215
1.44183
1.65352
0.895452
4.03008
0.362287
0.360498
0.35942
0.35951
0.360087
0.360155
0.359304
0.357767
0.356114
0.35481
0.353942
0.353253
0.352385
0.351125
0.349516
0.347834
0.34631
0.345093
0.343368
0.336609
0.307281
0.183119
0.039505
0.00409617
0.00702751
0.00589161
-0.000477263
-0.00690873
-0.0106773
-0.0117561
-0.0118089
-0.0131889
-0.019773
-0.04472
-0.121055
-0.289296
-0.387052
-0.2075
-0.0920247
-0.0283677
0.0397326
0.107762
0.157853
0.1818
0.183831
0.176804
0.169633
0.163733
0.157314
0.148423
0.135876
0.119396
0.0994341
0.0768265
0.0524026
0.0267006
-0.000101573
-0.0280536
-0.0572219
-0.0875132
-0.118588
-0.149968
-0.181048
-0.211353
-0.239985
-0.266782
-0.289929
-0.308528
-0.321364
-0.334526
-0.336689
-0.351141
-0.328856
-0.372024
-0.274824
-0.451805
-0.0928837
-0.768514
0.463839
-1.83926
0.364265
0.364865
0.365443
0.365795
0.365795
0.365314
0.364246
0.362537
0.360166
0.357148
0.353554
0.349517
0.34522
0.340868
0.336687
0.332922
0.329815
0.327592
0.326421
0.326454
0.32781
0.330538
0.334644
0.340095
0.346836
0.354775
0.363813
0.373822
0.384674
0.396252
0.408412
0.421038
0.433993
0.447161
0.460446
0.473767
0.487061
0.500267
0.513386
0.526415
0.53936
0.552253
0.56513
0.577992
0.59081
0.603551
0.616105
0.628352
0.640136
0.651274
0.661612
0.670988
0.679297
0.686477
0.692538
0.697531
0.701557
0.704796
0.707371
0.709446
0.711138
0.712539
0.713692
0.714523
0.715075
0.715109
0.714548
0.715245
0.71672
0.718111
0.720207
0.723061
0.726202
0.730997
0.739828
0.729617
0.767716
0.938975
0.258968
2.75544
0.567313
0.568172
0.569175
0.570801
0.572576
0.574234
0.575777
0.57728
0.578789
0.580322
0.581869
0.583433
0.585063
0.586887
0.589097
0.591873
0.595337
0.599453
0.603973
0.608385
0.611285
0.610376
0.601717
0.569012
0.499135
0.468331
0.478902
0.491268
0.498571
0.503564
0.508033
0.511182
0.511706
0.50813
0.495214
0.456057
0.346582
0.101019
-0.074281
0.0868901
0.0432292
-0.0833446
-0.178691
-0.217184
-0.208855
-0.172547
-0.128108
-0.0882826
-0.0555488
-0.0282577
-0.00542769
0.0127938
0.0261886
0.0350364
0.0399409
0.041447
0.0398447
0.0352784
0.0279524
0.0182753
0.00687568
-0.00554528
-0.0182997
-0.0309712
-0.0429675
-0.0544213
-0.0641903
-0.072981
-0.0784564
-0.0849973
-0.0843476
-0.0941573
-0.0784378
-0.110541
-0.0467167
-0.163863
0.0568665
-0.329076
0.365578
-0.796517
0.567173
0.566827
0.566574
0.566325
0.566025
0.56556
0.56477
0.563504
0.561605
0.558912
0.555286
0.550619
0.544861
0.537999
0.530069
0.521159
0.511407
0.501002
0.490134
0.479029
0.467927
0.457032
0.446531
0.436589
0.42733
0.418825
0.411118
0.404194
0.398005
0.392483
0.387522
0.383003
0.378787
0.374748
0.370761
0.36671
0.3625
0.358064
0.353378
0.348433
0.343251
0.33789
0.332431
0.326948
0.32152
0.316218
0.311072
0.306101
0.301284
0.296591
0.291971
0.287356
0.282697
0.277948
0.273098
0.268152
0.263156
0.258206
0.253366
0.248742
0.244424
0.240474
0.236895
0.233641
0.230734
0.227827
0.224846
0.224836
0.223583
0.220619
0.216797
0.212821
0.209829
0.211416
0.221854
0.226194
0.258473
0.348733
-0.00776497
1.15671
)
;

boundaryField
{
    inlet
    {
        type            freestreamPressure;
        freestreamValue uniform 0;
        value           nonuniform List<scalar> 
134
(
0.753636
0.191076
-0.399725
-0.917183
-1.29516
-1.53237
-1.58448
-1.44701
-1.1236
-0.519089
-0.0926702
-0.154771
-0.264203
-0.368389
-0.474872
-0.587392
-0.707076
-0.834693
-0.97213
-1.12268
1.29996
-1.2908
-1.47868
-1.67762
-1.86531
-2.00261
-2.07247
-2.19248
-2.20199
-2.25214
-2.69784
-2.48451
-2.50094
-2.55744
-2.60062
-2.62532
-2.65037
-2.70508
-2.83121
-2.98158
1.81197
2.33583
2.77397
3.00686
2.94587
2.4348
1.30131
-3.29219
-3.21914
-3.10662
-3.03582
-2.98428
-2.9255
-2.85873
-2.79057
-2.72288
-2.6546
-2.58487
-2.51374
-2.44124
-2.36687
-2.28973
-2.20832
-2.12011
-2.02246
-1.91214
-1.84383
-1.77911
-1.69906
-1.60443
-1.49394
-1.35117
-1.15689
-0.809709
-0.350494
0.45317
1.02681
1.65631
2.27415
2.87179
3.43594
3.91181
4.27259
4.52818
4.6881
4.77566
4.81645
4.83251
4.84149
4.86924
4.95705
5.12
5.29632
5.43942
5.55631
5.65788
5.74594
5.81714
5.86994
5.9055
5.92718
5.94274
5.96787
6.04205
6.22493
6.61025
6.76718
6.60178
6.41711
6.30344
6.21121
6.10454
5.9877
5.87047
5.75346
5.63369
5.5095
5.38028
5.2453
5.10312
4.95135
4.7869
4.60371
4.39751
4.14303
3.98369
3.82667
3.62379
3.37994
3.09471
2.73831
2.2795
1.55916
0.654948
)
;
    }
    outlet
    {
        type            freestreamPressure;
        freestreamValue uniform 0;
        value           nonuniform List<scalar> 
160
(
0.00174577
0.00174586
0.00174799
0.00174539
0.00175047
0.00174534
0.00175479
0.0017453
0.00175954
0.00174514
0.00176393
0.00174449
0.00176797
0.00174288
0.00177188
0.00173985
0.0017758
0.00173491
0.00177978
0.00172756
0.0017838
0.00171736
0.00178789
0.00170397
0.0017922
0.00168721
0.00179713
0.00166704
0.00180327
0.00164353
0.00181118
0.00161695
0.00182129
0.00158771
0.00183338
0.00155637
0.00184628
0.00152354
0.00185789
0.00148989
0.0018645
0.00145619
0.0018598
0.00142307
0.00183171
0.00139114
0.00173085
0.00136092
0.00151783
0.00133282
0.00142392
0.00130708
0.00145517
0.00128385
0.00149191
0.00126312
0.00151413
0.00124473
0.00152986
0.0012285
0.00154425
0.00121409
0.0015549
0.00120116
0.00155788
0.00118925
0.00154855
0.00117799
0.0015107
0.00116698
0.00139235
0.00115583
0.00105738
0.00114427
0.000307444
0.00113207
-0.00022515
0.00111914
0.000263634
0.00110544
0.000130854
0.00109104
-0.000254454
0.00107613
-0.00054617
0.00106094
-0.00066316
0.00104573
-0.000636575
0.00103073
-0.00052537
0.00101619
-0.000390134
0.00100221
-0.000269127
0.000988846
-0.000169458
0.000976047
-8.60395e-05
0.000963711
-1.59848e-05
0.000951686
4.01407e-05
0.00093974
8.15833e-05
0.00092772
0.000109116
0.000915469
0.0001245
0.000902946
0.000129331
0.000890173
0.000124468
0.000877296
0.000110369
0.000864642
8.76914e-05
0.000852436
5.77082e-05
0.000841051
2.23405e-05
0.000830806
-1.62861e-05
0.00082194
-5.60877e-05
0.000814498
-9.58078e-05
0.000808345
-0.000133633
0.000803572
-0.000169978
0.000799022
-0.00020132
0.000794423
-0.000229658
0.000799619
-0.000247737
0.000800018
-0.00026919
0.000794709
-0.00026843
0.000786751
-0.000300289
0.000778655
-0.000252351
0.000774671
-0.000354657
0.00078825
-0.000152994
0.000836196
-0.000525154
0.00086392
0.000193631
0.000999952
-0.00102472
0.00137043
0.0013611
-3.19852e-05
-0.00219263
0.00444254
)
;
    }
    walls
    {
        type            zeroGradient;
    }
    frontAndBack
    {
        type            empty;
    }
}


// ************************************************************************* //
