/*--------------------------------*- C++ -*----------------------------------*\
| =========                 |                                                 |
| \\      /  F ield         | OpenFOAM: The Open Source CFD Toolbox           |
|  \\    /   O peration     | Version:  2312                                  |
|   \\  /    A nd           | Website:  www.openfoam.com                      |
|    \\/     M anipulation  |                                                 |
\*---------------------------------------------------------------------------*/
FoamFile
{
    version     2.0;
    format      ascii;
    arch        "LSB;label=32;scalar=64";
    class       volScalarField;
    location    "250";
    object      p;
}
// * * * * * * * * * * * * * * * * * * * * * * * * * * * * * * * * * * * * * //

dimensions      [0 2 -2 0 0 0 0];

internalField   nonuniform List<scalar> 
10720
(
-8.35971
-75.8539
-155.672
-235.398
-310.323
-387.243
-456.477
-515.706
-567.989
-610.006
-643.306
-668.823
-687.44
-700.367
-707.786
-709.215
-705.52
-695.731
-681.081
-660.65
-635.487
-604.159
-565.573
-518.283
-465.266
-423.268
-395.109
-345.197
-288.034
-252.558
-223.376
-186.42
-141.927
-90.524
-65.2689
-86.3778
-120.277
-126.023
-48.5463
58.2577
118.568
181.543
239.244
287.164
321.188
338.018
341.327
334.482
316.6
292.699
267.764
243.413
220.245
198.847
178.859
160.225
142.475
125.34
108.269
91.1853
73.7674
56.1653
38.8581
23.7442
12.0332
2.65779
-4.88416
-10.6556
-14.5475
-16.6436
-17.1568
-16.2116
-13.9575
-10.5978
-5.90516
1.83643
14.1925
36.7478
80.1802
29.1809
-28.4539
-90.2961
-154.407
-220.518
-285.249
-346.553
-403.687
-454.908
-499.775
-538.246
-570.393
-596.174
-615.517
-627.93
-633.986
-633.567
-627.474
-615.386
-597.579
-572.287
-537.649
-492.59
-443.911
-401.592
-364.252
-330.617
-298.221
-263.686
-227.033
-187.023
-142.203
-91.092
-65.5905
-86.6194
-120.633
-127.395
-50.1216
125.758
168.901
211.45
251.785
286.399
312.628
327.591
331.835
326.241
311.818
292.249
270.639
248.457
226.516
205.467
185.418
166.41
148.205
130.569
113.154
95.8481
78.4168
60.9389
43.914
28.8846
16.7766
6.85237
-1.22558
-7.4433
-11.7215
-14.169
-15.0244
-14.4063
-12.4462
-9.35442
-4.47165
3.35968
16.4466
37.9974
90.2383
44.4763
-7.48785
-65.2506
-125.633
-188.033
-250.906
-311.711
-368.897
-421.419
-468.008
-508.258
-541.723
-568.229
-588.091
-601.544
-608.769
-609.672
-604.595
-593.472
-576.353
-552.273
-520.256
-479.42
-434.637
-393.898
-357.524
-327.539
-297.123
-262.207
-225.084
-185.33
-141.906
-92.949
-67.1384
-86.9457
-120.599
-128.458
-52.5071
131.201
170.571
209.264
245.339
275.728
298.779
312.79
317.888
314.419
303.351
287.079
267.879
247.311
226.405
205.904
186.145
167.236
149.079
131.491
114.192
97.0244
79.8457
62.7293
46.0497
31.0484
18.6526
8.47651
0.203328
-6.17717
-10.6076
-13.2045
-14.1981
-13.6947
-11.8269
-8.72245
-3.8839
3.99523
17.1456
38.9114
106.696
68.3207
24.1794
-24.7114
-76.387
-130.83
-186.457
-241.575
-294.904
-345.295
-391.624
-433.172
-469.367
-499.933
-524.681
-543.732
-556.82
-563.604
-564.092
-558.23
-545.939
-526.6
-499.537
-464.531
-425.431
-388.157
-354.909
-325.056
-293.898
-259.499
-223.179
-184.18
-141.925
-95.3605
-69.6251
-87.5384
-120.155
-128.903
-54.2743
140.841
173.354
205.622
236.28
262.48
282.918
296.208
302.019
300.414
292.205
279.076
262.779
244.658
225.695
206.611
187.819
169.509
151.707
134.315
117.151
100.098
83.0757
66.1514
49.6987
34.7388
22.1412
11.7313
3.21627
-3.4312
-8.15046
-11.0462
-12.3258
-12.0895
-10.4548
-7.52941
-2.80397
4.87824
17.9286
40.3046
109.39
75.2789
35.8599
-8.08021
-54.6284
-104.221
-155.556
-207.102
-257.89
-306.784
-352.652
-394.691
-432.191
-464.593
-491.503
-512.709
-527.742
-536.523
-538.926
-535.013
-524.724
-507.679
-483.396
-451.829
-415.91
-380.845
-349.15
-319.695
-289.167
-255.984
-220.743
-182.766
-141.771
-97.5339
-72.257
-88.1668
-118.855
-127.571
-53.163
139.814
168.635
197.34
224.647
248.053
266.658
279.393
285.743
285.659
279.821
269.418
255.778
239.986
222.923
205.284
187.52
169.903
152.555
135.468
118.554
101.734
84.9708
68.3493
52.2113
37.3849
24.6642
14.0473
5.30817
-1.57728
-6.54248
-9.66682
-11.1549
-11.0996
-9.61203
-6.77705
-2.10131
5.50027
18.505
40.393
110.03
79.8286
44.7675
5.72001
-35.6314
-79.998
-126.176
-172.947
-219.607
-265.128
-308.56
-349.142
-386.123
-418.858
-446.85
-469.699
-487.035
-498.66
-504.317
-503.868
-497.138
-483.777
-463.396
-436.085
-404.179
-371.98
-341.908
-313.387
-283.963
-252.023
-217.84
-180.969
-141.429
-99.4963
-74.908
-88.5928
-116.744
-123.722
-49.3043
136.981
162.43
187.98
212.481
233.627
250.768
263.015
269.732
270.821
266.869
258.748
247.484
233.939
218.86
202.875
186.42
169.795
153.181
136.64
120.154
103.696
87.2694
70.9776
55.1419
40.4614
27.6597
16.8663
7.93257
0.834347
-4.36069
-7.71672
-9.43814
-9.60812
-8.32357
-5.64324
-1.07656
6.37915
19.1698
39.3162
107.561
80.3199
48.6227
13.3011
-24.0176
-64.2584
-106.357
-149.248
-192.466
-235.102
-276.339
-315.502
-351.832
-384.653
-413.387
-437.511
-456.551
-470.065
-477.735
-479.369
-474.837
-463.916
-446.346
-422.315
-393.667
-363.862
-335.234
-307.649
-279.158
-248.255
-215.065
-179.298
-141.217
-101.465
-77.5925
-88.8157
-113.957
-118.127
-44.6927
131.899
154.818
177.962
200.267
219.613
235.584
247.38
254.308
256.304
253.844
247.604
238.391
226.884
213.694
199.361
184.278
168.742
152.97
137.076
121.103
105.075
89.0365
73.1101
57.6015
43.1106
30.2941
19.3725
10.2728
2.97797
-2.44146
-6.03221
-7.98258
-8.36466
-7.26019
-4.70863
-0.229456
7.0802
19.6476
38.1249
103.87
79.149
50.3336
18.2568
-15.5308
-52.068
-90.3774
-129.53
-169.225
-208.69
-247.222
-284.257
-319.101
-351.094
-379.623
-404.113
-424
-438.851
-448.331
-452.179
-450.178
-442.081
-427.642
-407.045
-381.744
-354.548
-327.665
-301.267
-273.854
-244.126
-212.083
-177.528
-140.956
-103.33
-80.1815
-88.8847
-110.661
-111.71
-40.2272
125.996
146.796
167.927
188.404
206.259
221.245
232.608
239.639
242.316
241.025
236.314
228.839
219.138
207.702
194.982
181.309
166.961
152.162
137.054
121.723
106.235
90.6698
75.168
60.0227
45.7656
32.994
21.9908
12.7567
5.2898
-0.335072
-4.14485
-6.3152
-6.91041
-5.99866
-3.59906
0.760511
7.89735
20.1689
37.3415
99.3126
76.6837
50.2827
20.9206
-9.90229
-43.281
-78.3319
-114.216
-150.768
-187.318
-223.278
-258.193
-291.438
-322.393
-350.464
-375.043
-395.533
-411.448
-422.359
-427.924
-427.878
-422.012
-410.129
-392.415
-370.029
-345.236
-320.033
-294.806
-268.463
-239.911
-209.031
-175.703
-140.611
-105.004
-82.5711
-88.8122
-107.086
-105.069
-36.0834
119.601
138.651
158.107
177.049
193.643
207.778
218.726
225.786
228.962
228.585
225.113
219.093
210.96
201.108
189.904
177.615
164.486
150.725
136.483
121.876
107.001
91.969
76.9341
62.1825
48.1949
35.5194
24.4793
15.1416
7.5248
1.70943
-2.31274
-4.70145
-5.51009
-4.78957
-2.54065
1.69767
8.657
20.6104
36.8493
94.3517
73.5155
49.1946
22.1834
-6.07329
-36.6904
-68.8459
-101.781
-135.427
-169.195
-202.603
-235.288
-266.694
-296.279
-323.471
-347.664
-368.262
-384.737
-396.657
-403.664
-405.427
-401.719
-392.328
-377.392
-357.828
-335.44
-312.005
-288.065
-262.877
-235.544
-205.871
-173.809
-140.188
-106.479
-84.7304
-88.6017
-103.391
-98.4562
-32.2222
113.07
130.628
148.654
166.279
181.789
195.167
205.717
212.746
216.282
216.617
214.146
209.334
202.547
194.1
184.291
173.328
161.412
148.727
135.417
121.61
107.425
92.9906
78.4759
64.1592
50.4848
37.9614
26.9362
17.5332
9.79579
3.81181
-0.407823
-3.00469
-4.02212
-3.49509
-1.40648
2.69297
9.45546
21.0561
36.5168
89.2083
69.9194
47.4
22.4262
-3.60154
-31.8072
-61.4181
-91.7419
-122.764
-153.976
-184.985
-215.506
-245.054
-273.153
-299.282
-322.866
-343.316
-360.105
-372.759
-380.917
-384.175
-382.293
-375.06
-362.57
-345.544
-325.417
-303.733
-281.122
-257.124
-231.028
-202.594
-171.831
-139.675
-107.755
-86.6468
-88.2664
-99.6687
-92.0111
-28.6797
106.569
122.844
139.631
156.11
170.675
183.371
193.531
200.491
204.279
205.169
203.502
199.692
194.05
186.834
178.287
168.565
157.824
146.217
133.873
120.917
107.477
93.6957
79.7462
65.9004
52.5787
40.2567
29.2944
19.8628
12.0324
5.90022
1.4963
-1.30187
-2.52529
-2.19221
-0.268076
3.68261
10.239
21.4649
36.2645
84.0456
66.113
45.1763
21.9936
-2.0796
-28.1579
-55.509
-83.4927
-112.142
-141.004
-169.755
-198.183
-225.865
-252.396
-277.306
-300.058
-320.098
-336.906
-349.998
-359.021
-363.539
-363.275
-357.999
-347.75
-333.08
-315.122
-295.196
-273.965
-251.201
-226.367
-199.204
-169.766
-139.06
-108.825
-88.312
-87.8225
-95.9753
-85.8736
-25.607
100.221
115.374
131.074
146.539
160.27
172.34
182.121
188.982
192.939
194.256
193.238
190.254
185.581
179.434
172.014
163.433
153.808
143.258
131.89
119.818
107.169
94.0872
80.7462
67.4109
54.4825
42.4116
31.5624
22.1432
14.252
7.99678
3.42648
0.43903
-0.98389
-0.844193
0.909415
4.69722
11.0342
21.851
36.0252
78.9631
62.2278
42.6934
21.0967
-1.24863
-25.4393
-50.779
-76.667
-103.173
-129.894
-156.555
-183.003
-208.873
-233.823
-257.44
-279.236
-298.694
-315.319
-328.632
-338.282
-343.824
-344.93
-341.359
-333.098
-320.564
-304.642
-286.44
-266.616
-245.116
-221.562
-195.694
-167.601
-138.329
-109.684
-89.723
-87.2805
-92.3482
-80.148
-23.0874
94.0862
108.254
122.985
137.546
150.529
162.025
171.439
178.174
182.237
183.881
183.384
181.082
177.225
172.002
165.575
158.03
149.448
139.915
129.513
118.338
106.507
94.1596
81.464
68.6755
56.179
44.4048
33.7164
24.3503
16.4308
10.0781
5.35975
2.19495
0.578883
0.526319
2.10478
5.71811
11.8245
22.2017
35.7373
74.0239
58.3552
40.0738
19.8938
-0.91118
-23.4162
-46.9562
-70.9608
-95.5306
-120.299
-145.03
-169.617
-193.75
-217.138
-239.427
-260.181
-278.921
-295.189
-308.524
-318.577
-324.925
-327.188
-325.105
-318.616
-308.022
-294.009
-277.49
-259.086
-238.875
-216.615
-192.06
-165.325
-137.468
-110.322
-90.8777
-86.6419
-88.8166
-74.8663
-21.0438
88.2074
101.495
115.361
129.106
141.41
152.374
161.434
168.025
172.143
174.036
173.957
172.216
169.046
164.615
159.061
152.446
144.823
136.253
126.79
116.508
105.508
93.92
81.9
69.691
57.6626
46.2283
35.7475
26.4763
18.5629
12.1407
7.29547
3.96803
2.16751
1.92533
3.32426
6.75078
12.6131
22.5204
35.3803
69.266
54.5565
37.4024
18.4972
-0.926981
-21.9187
-43.8379
-66.147
-88.9618
-111.946
-134.902
-157.757
-180.244
-202.124
-223.087
-242.751
-260.685
-276.468
-289.672
-299.946
-306.902
-310.114
-309.305
-304.372
-295.524
-283.281
-268.384
-251.398
-232.488
-211.529
-188.298
-162.928
-136.465
-110.733
-91.7737
-85.9038
-85.408
-70.0078
-19.3266
82.605
95.1011
108.183
121.189
132.871
143.337
152.057
158.488
162.625
164.701
164.957
163.678
161.087
157.334
152.542
146.757
140.009
132.337
123.771
114.363
104.194
93.3784
82.0565
70.454
58.9256
47.871
37.6416
28.5067
20.6346
14.1719
9.22218
5.74805
3.77277
3.34453
4.56026
7.78868
13.3934
22.8049
34.9576
64.7124
50.8726
34.7395
16.9891
-1.18986
-20.8132
-41.2667
-62.0416
-83.2626
-104.62
-125.945
-147.193
-168.133
-188.565
-208.23
-226.789
-243.86
-259.064
-272.007
-282.348
-289.731
-293.709
-293.977
-290.401
-283.112
-272.503
-259.157
-243.571
-225.966
-206.309
-184.406
-160.401
-135.308
-110.912
-92.4104
-85.0648
-82.1465
-65.5398
-17.8432
77.2865
89.0658
101.434
113.762
124.87
134.87
143.263
149.525
153.648
155.859
156.382
155.484
153.378
150.205
146.076
141.024
135.068
128.224
120.505
111.94
102.591
92.5491
81.9384
70.9641
59.965
49.3256
39.3886
30.4301
22.635
16.1621
11.1321
7.52915
5.3905
4.7813
5.81092
8.83042
14.1634
23.0573
34.4778
60.3765
47.3285
32.1257
15.428
-1.62175
-20.0016
-39.1255
-58.5058
-78.2756
-98.1488
-117.978
-137.735
-157.227
-176.286
-194.695
-212.157
-228.338
-242.898
-255.481
-265.762
-273.416
-277.989
-279.154
-276.747
-270.842
-261.725
-249.849
-235.632
-219.322
-200.959
-180.381
-157.735
-133.986
-110.855
-92.7892
-84.1279
-79.0454
-61.4437
-16.5824
72.2516
83.3778
95.0893
106.794
117.371
126.93
135.009
141.097
145.182
147.488
148.221
147.636
145.938
143.261
139.707
135.302
130.056
123.971
117.042
109.28
100.727
91.4516
81.5565
71.2252
60.7781
50.5853
40.9783
32.2348
24.5523
18.1002
13.0153
9.30274
7.01351
6.22974
7.07121
9.87193
14.9195
23.2786
33.9496
56.2623
43.9392
29.5913
13.8547
-2.16258
-19.4102
-37.32
-55.4301
-73.8749
-92.3893
-110.842
-129.225
-147.367
-165.134
-182.339
-198.728
-214.01
-227.883
-240.03
-250.149
-257.936
-262.956
-264.854
-263.444
-258.755
-250.994
-240.496
-227.604
-212.572
-195.489
-176.224
-154.923
-132.49
-110.557
-92.9135
-83.099
-76.1074
-57.7127
-15.566
67.4951
78.0218
89.1283
100.257
110.337
119.482
127.256
133.166
137.196
139.563
140.464
140.136
138.781
136.527
133.47
129.634
125.022
119.625
113.427
106.423
98.6329
90.1075
80.9247
71.2441
61.3665
51.6466
42.4028
33.9105
26.3753
19.9755
14.8621
11.0606
8.63498
7.68442
8.3368
10.91
15.6587
23.4707
33.3826
52.3687
40.7137
27.152
12.3016
-2.77142
-18.9796
-35.7788
-52.7254
-69.9591
-87.2276
-104.416
-121.529
-138.417
-154.97
-171.032
-186.383
-200.772
-213.936
-225.594
-235.471
-243.277
-248.611
-251.093
-250.522
-246.894
-240.352
-231.138
-219.518
-205.733
-189.906
-171.936
-151.961
-130.812
-110.017
-92.7882
-81.985
-73.3292
-54.3431
-14.809
63.0089
72.9826
83.5293
94.1217
103.737
112.49
119.971
125.7
129.662
132.064
133.094
132.979
131.912
130.02
127.393
124.056
120.006
115.231
109.704
103.406
96.342
88.5409
80.0584
71.03
61.7343
52.5083
43.6564
35.4484
28.0938
21.7773
16.6623
12.7936
10.2473
9.13893
9.60257
11.9406
16.3782
23.6349
32.7856
48.6927
37.6561
24.8214
10.789
-3.41359
-18.6668
-34.4442
-50.3245
-66.446
-82.5705
-98.5937
-114.534
-130.257
-145.673
-160.655
-175.013
-188.53
-200.979
-212.112
-221.681
-229.414
-234.945
-237.881
-238.005
-235.294
-229.842
-221.813
-211.4
-198.823
-184.223
-167.522
-148.844
-128.946
-109.236
-92.421
-80.7919
-70.7073
-51.3287
-14.3052
58.7831
68.2448
78.2714
88.3634
97.5418
105.922
113.121
118.67
122.552
124.97
126.1
126.158
125.335
123.751
121.497
118.596
115.044
110.827
105.911
100.267
93.8861
86.7785
78.9782
70.5964
61.8877
53.1708
44.7349
36.8406
29.6981
23.4954
18.4061
14.4927
11.8425
10.5866
10.8632
12.9599
17.0757
23.7733
32.167
45.2286
34.7665
22.6076
9.33403
-4.06487
-18.4356
-33.2718
-48.1703
-63.2683
-78.3397
-93.2915
-108.147
-122.791
-137.148
-151.113
-164.525
-177.197
-188.934
-199.52
-208.735
-216.32
-221.949
-225.222
-225.915
-223.988
-219.502
-212.555
-203.28
-191.863
-178.451
-162.985
-145.573
-126.89
-108.216
-91.8209
-79.5249
-68.2393
-48.658
-14.0336
54.8082
63.793
73.3339
82.9567
91.7237
99.7509
106.677
112.048
115.843
118.259
119.465
119.666
119.047
117.728
115.796
113.275
110.165
106.446
102.083
97.041
91.2972
84.8474
77.7055
69.9577
61.8352
53.6373
45.6363
38.0813
31.1797
25.12
20.0833
16.1484
13.4122
12.0201
12.1128
13.964
17.7487
23.8875
31.535
41.9701
32.0437
20.5141
7.94721
-4.70592
-18.2597
-32.225
-46.2175
-60.3698
-74.4708
-88.4338
-102.289
-115.932
-129.303
-142.316
-154.83
-166.691
-177.73
-187.759
-196.584
-203.964
-209.607
-213.117
-214.264
-213.001
-209.363
-203.399
-195.186
-184.874
-172.605
-158.334
-142.148
-124.643
-106.963
-90.9989
-78.1897
-65.9242
-46.3156
-13.9684
51.0724
59.6121
68.6974
77.879
86.2576
93.9496
100.613
105.807
109.509
111.911
113.174
113.491
113.044
111.952
110.299
108.112
105.39
102.115
98.252
93.7589
88.6056
82.7743
76.2612
69.13
61.5879
53.9134
46.3608
39.1663
32.5312
26.642
21.6843
17.7511
14.9477
13.432
13.3455
14.9487
18.3954
23.9797
30.8974
38.9097
29.4839
18.5432
6.63614
-5.32482
-18.1182
-31.2762
-44.4297
-57.7089
-70.9118
-83.9616
-96.891
-109.607
-122.06
-134.182
-145.853
-156.939
-167.299
-176.771
-185.184
-192.314
-197.901
-201.562
-203.065
-202.357
-199.456
-194.376
-187.146
-177.878
-166.7
-153.577
-138.575
-122.208
-105.484
-89.9678
-76.7922
-63.7604
-44.283
-14.086
47.5644
55.6882
64.3452
73.1102
81.1218
88.4943
94.9048
99.9239
103.529
105.907
107.209
107.622
107.322
106.424
105.013
103.117
100.737
97.858
94.4428
90.4488
85.8393
80.5854
74.6685
68.1317
61.1585
54.0061
46.9107
40.0928
33.7464
28.0531
23.1998
19.2913
16.4402
14.8143
14.5549
15.9097
19.0139
24.0517
30.2612
36.0395
27.0828
16.694
5.40472
-5.91019
-17.9957
-30.4029
-42.778
-55.2473
-67.6206
-79.8252
-91.8978
-103.753
-115.354
-126.644
-137.522
-147.874
-157.579
-166.5
-174.487
-181.335
-186.81
-190.549
-192.322
-192.07
-189.806
-185.515
-179.186
-170.896
-160.753
-148.727
-134.861
-119.591
-103.789
-88.742
-75.3396
-61.7446
-42.5377
-14.3651
44.2738
52.0065
60.2603
68.632
76.2954
83.3624
89.5283
94.3761
97.8828
100.229
101.558
102.048
101.871
101.141
99.9396
98.2983
96.2206
93.6923
90.6786
87.1362
83.0243
78.306
72.9503
66.9817
60.5613
53.9247
47.2894
40.8605
34.8211
29.346
24.621
20.7599
17.8804
16.1588
15.7345
16.8428
19.6026
24.1058
29.6329
33.3505
24.8352
14.965
4.25496
-6.45538
-17.8802
-29.587
-41.2378
-52.9557
-64.559
-75.9805
-87.2586
-98.3174
-109.127
-119.642
-129.775
-139.433
-148.512
-156.894
-164.449
-170.994
-176.31
-180.068
-182.036
-182.156
-180.436
-176.841
-171.333
-163.951
-154.782
-143.796
-131.015
-116.799
-101.891
-87.3375
-73.8388
-59.8722
-41.0551
-14.7875
41.1894
48.5542
56.4271
64.4258
71.7582
78.5333
84.4638
89.1445
92.5512
94.8586
96.2036
96.7563
96.6845
96.0989
95.0802
93.662
91.8502
89.6328
86.9776
83.8423
80.1837
75.9591
71.1279
65.699
59.8112
53.6799
47.5034
41.4703
35.7523
30.5153
25.9401
22.148
19.2597
17.4575
16.8776
17.7437
20.1601
24.1439
29.0181
30.8346
22.7353
13.3531
3.18744
-6.95633
-17.7627
-28.8153
-39.791
-50.8094
-61.697
-72.3923
-82.9335
-93.2526
-103.328
-113.12
-122.558
-131.562
-140.043
-147.903
-155.028
-161.254
-166.379
-170.106
-172.207
-172.623
-171.362
-168.378
-163.608
-157.063
-148.804
-138.8
-127.049
-113.844
-99.8051
-85.7697
-72.2979
-58.1359
-39.809
-15.3346
38.3006
45.3178
52.8303
60.4745
67.4919
73.9886
79.6917
84.2097
87.516
89.7803
91.1327
91.7359
91.7531
91.2922
90.4329
89.21
87.6323
85.6905
83.3552
80.5858
77.3385
73.5665
69.2224
64.3017
58.9241
53.2835
47.5599
41.9252
36.5388
31.5558
27.1503
23.4473
20.5697
18.7023
17.9775
18.6081
20.6852
24.168
28.422
28.4836
20.7762
11.855
2.20174
-7.40985
-17.6361
-28.0765
-38.4217
-48.7879
-59.0091
-69.0296
-78.8869
-88.5202
-97.9123
-107.034
-115.821
-124.21
-132.125
-139.482
-146.183
-152.08
-156.99
-160.646
-162.826
-163.474
-162.598
-160.146
-156.036
-150.254
-142.839
-133.755
-122.978
-110.738
-97.5444
-84.0567
-70.7235
-56.5279
-38.774
-15.9866
35.5966
42.285
49.4559
56.7637
63.4805
69.7112
75.195
79.5541
82.7606
84.9783
86.3312
86.9747
87.0672
86.7144
85.9944
84.9432
83.5721
81.8744
79.8238
77.3822
74.5063
71.1478
67.2538
62.8097
57.9162
52.7482
47.4674
42.2298
37.181
32.4646
28.2456
24.6506
21.8021
19.8851
19.0281
19.4318
21.1767
24.1798
27.8487
26.2885
18.9521
10.4658
1.29666
-7.8148
-17.4959
-27.3619
-37.118
-46.8747
-56.4752
-65.8675
-75.0897
-84.0852
-92.8435
-101.34
-109.521
-117.332
-124.713
-131.588
-137.874
-143.441
-148.118
-151.672
-153.887
-154.711
-154.153
-152.158
-148.635
-143.544
-136.906
-128.678
-118.818
-107.498
-95.1265
-82.2132
-69.1221
-55.0386
-37.9231
-16.7237
33.0671
39.4444
46.2913
53.2783
59.7085
65.6847
70.9573
75.1618
78.2693
80.438
81.786
82.4614
82.6183
82.3591
81.7609
80.8606
79.6716
78.19
76.3926
74.2442
71.7029
68.7205
65.2406
61.2399
56.8033
52.0871
47.2359
42.3895
37.6803
33.2397
29.2217
25.751
22.9492
20.9987
20.0229
20.2108
21.6337
24.1811
27.3017
24.241
17.2559
9.18128
0.469578
-8.1707
-17.3392
-26.6655
-35.8692
-45.056
-54.0773
-62.8836
-71.5149
-79.9184
-88.0867
-96.0016
-103.618
-110.89
-117.765
-124.181
-130.065
-135.302
-139.737
-143.163
-145.379
-146.332
-146.033
-144.43
-141.422
-136.954
-131.026
-123.589
-114.587
-104.14
-92.5689
-80.2554
-67.4982
-53.6547
-37.2313
-17.5247
30.7026
36.7846
43.3233
50.0047
56.1615
61.8938
66.9632
71.0175
74.0275
76.1456
77.4842
78.1845
78.3962
78.2188
77.727
76.9596
75.9314
74.6411
73.0688
71.1822
68.9419
66.3
63.1988
59.6089
55.6007
51.3134
46.8756
42.4115
38.0403
33.8808
30.0747
26.7433
24.0046
22.0359
20.956
20.9411
22.0552
24.1728
26.7835
22.3333
15.681
7.9967
-0.282397
-8.47794
-17.1629
-25.982
-34.667
-43.3201
-51.7996
-60.06
-68.1404
-75.9931
-83.6135
-90.9878
-98.0779
-104.845
-111.246
-117.226
-122.722
-127.635
-131.821
-135.102
-137.288
-138.33
-138.242
-136.97
-134.412
-130.5
-125.217
-118.508
-110.304
-100.683
-89.8886
-78.1981
-65.8554
-52.3645
-36.673
-18.3689
28.4937
34.295
40.5406
46.9307
52.8261
58.3247
63.1987
67.1072
70.0215
72.0879
73.4137
74.1334
74.3913
74.2854
73.8875
73.2372
72.3513
71.2302
69.8576
68.2045
66.2339
63.8994
61.1435
57.9322
54.3235
50.4408
46.3977
42.3035
38.2653
34.3889
30.803
27.6228
24.9623
22.9905
21.8216
21.6192
22.4404
24.156
26.2956
20.5573
14.2211
6.90695
-0.962115
-8.73758
-16.9665
-25.3077
-33.5056
-41.6582
-49.631
-57.3813
-64.9481
-72.2879
-79.3983
-86.2699
-92.8699
-99.1665
-105.121
-110.688
-115.814
-120.409
-124.345
-127.467
-129.6
-130.699
-130.776
-129.783
-127.617
-124.199
-119.499
-113.454
-105.989
-97.1466
-87.1052
-76.0548
-64.1962
-51.1536
-36.2248
-19.2377
26.4315
31.9659
37.932
44.0442
49.6897
54.9643
59.6498
63.4179
66.2385
68.2529
69.5629
70.297
70.5948
70.551
70.2358
69.6891
68.929
67.9579
66.7627
65.3175
63.5882
61.5305
59.0882
56.224
52.9859
49.4824
45.8132
42.0745
38.3608
34.7661
31.4054
28.3866
25.8175
23.8573
22.615
22.2415
22.7884
24.1309
25.8387
18.9057
12.8697
5.90729
-1.57296
-8.95116
-16.7492
-24.64
-32.3799
-40.0629
-47.5608
-54.8344
-61.9218
-68.7837
-75.4193
-81.8232
-87.9669
-93.8236
-99.3605
-104.538
-109.31
-113.598
-117.286
-120.24
-122.302
-123.429
-123.635
-122.874
-121.046
-118.064
-113.887
-108.449
-101.665
-93.5529
-84.2373
-73.8391
-62.5223
-50.0073
-35.8637
-20.1136
24.5073
29.788
35.4876
41.3338
46.7405
51.8003
56.3046
59.9368
62.6658
64.6284
65.9207
66.6656
66.9973
67.0078
66.7655
66.3106
65.6617
64.8238
63.786
62.5257
61.0118
59.2027
57.0442
54.4975
51.601
48.4509
45.1338
41.7335
38.3334
35.0159
31.8828
29.0327
26.5665
24.6317
23.3318
22.8052
23.0985
24.0976
25.4125
17.3712
11.6208
4.99286
-2.11831
-9.12029
-16.5108
-23.9765
-31.285
-38.5267
-45.5792
-52.4072
-59.0471
-65.4633
-71.6574
-77.6256
-83.3445
-88.7908
-93.9371
-98.7487
-103.184
-107.176
-110.62
-113.401
-115.377
-116.51
-116.813
-116.243
-114.705
-112.108
-108.399
-103.51
-97.3529
-89.9236
-81.3046
-71.5643
-60.8337
-48.911
-35.5677
-20.98
22.7132
27.752
33.1973
38.7895
43.9675
48.8213
53.1515
56.6519
59.2922
61.2032
62.4762
63.2283
63.589
63.6476
63.4698
63.096
62.5461
61.8259
60.9279
59.8321
58.5104
56.9241
55.0215
52.7635
50.1811
47.3581
44.3705
41.2902
38.1904
35.143
32.2366
29.5602
27.2065
25.3103
23.9687
23.3075
23.3699
24.0555
25.0159
15.9469
10.4686
4.15889
-2.60158
-9.24689
-16.2521
-23.316
-30.2181
-37.0443
-43.6793
-50.0896
-56.3112
-62.3116
-68.0942
-73.6574
-78.9808
-84.0449
-88.8262
-93.2934
-97.4111
-101.119
-104.326
-106.932
-108.81
-109.93
-110.303
-109.89
-108.599
-106.339
-103.048
-98.6559
-93.0737
-86.2806
-78.3274
-69.2434
-59.132
-47.8497
-35.3157
-21.8221
21.0416
25.8499
31.0522
36.4015
41.3605
46.0167
50.179
53.5526
56.1064
57.9661
59.2188
59.9755
60.361
60.4616
60.3413
60.0397
59.5773
58.9621
58.188
57.2382
56.0876
54.7005
53.0282
51.0321
48.7369
46.2157
43.5342
40.7544
37.9399
35.153
32.4698
29.9696
27.7362
25.8904
24.5226
23.7464
23.6016
24.0041
24.6469
14.6267
9.40736
3.40075
-3.02632
-9.3334
-15.9734
-22.6578
-29.1766
-35.6122
-41.8547
-47.8736
-53.7043
-59.3167
-64.7155
-69.9011
-74.8563
-79.5643
-84.0045
-88.1494
-91.9673
-95.4052
-98.3825
-100.813
-102.588
-103.679
-104.099
-103.812
-102.731
-100.764
-97.8465
-93.9035
-88.8472
-82.6456
-75.3255
-66.8893
-57.4173
-46.8102
-35.0877
-22.6249
19.4853
24.0735
29.0437
34.1606
38.9097
43.3763
47.3771
50.6282
53.0979
54.9071
56.1387
56.8975
57.3044
57.4424
57.3729
57.1353
56.751
56.2288
55.5647
54.7447
53.7462
52.537
51.0715
49.312
47.2783
45.034
42.6355
40.1358
37.5902
35.0521
32.5867
30.2629
28.1553
26.3705
24.9918
24.12
23.7929
23.9422
24.3031
13.404
8.43179
2.71391
-3.39595
-9.38196
-15.676
-22.0012
-28.1582
-34.226
-40.0997
-45.7518
-51.2164
-56.4662
-61.5073
-66.3415
-70.9538
-75.3299
-79.4518
-83.2951
-86.8312
-90.0133
-92.7707
-95.0291
-96.6948
-97.7445
-98.1926
-98.0054
-97.101
-95.3907
-92.804
-89.2668
-84.6916
-79.0389
-72.3181
-64.5153
-55.6909
-45.7796
-34.864
-23.374
18.0375
22.4156
27.1639
32.0583
36.6063
40.8907
44.7361
47.8686
50.257
52.0166
53.2264
53.9855
54.4104
54.581
54.5569
54.3765
54.0618
53.6222
53.0558
52.3509
51.4876
50.4368
49.1565
47.6106
45.814
43.8226
41.6844
39.4443
37.1501
34.8479
32.5923
30.4428
28.4646
26.7501
25.3747
24.4271
23.9427
23.8687
23.9817
12.2733
7.53672
2.09402
-3.71396
-9.39502
-15.3609
-21.3463
-27.1618
-32.8828
-38.4098
-43.7175
-48.8394
-53.7503
-58.4576
-62.9641
-67.2573
-71.3243
-75.1497
-78.7112
-81.9833
-84.9241
-87.4715
-89.5619
-91.1163
-92.1158
-92.5754
-92.465
-91.7086
-90.2206
-87.9288
-84.758
-80.6228
-75.4789
-69.3235
-62.1336
-53.955
-44.7463
-34.6267
-24.0545
16.6918
20.8692
25.4052
30.0865
34.4417
38.5509
42.2467
45.2649
47.5742
49.285
50.4725
51.2304
51.6705
51.8701
51.8861
51.7568
51.5038
51.1378
50.6582
50.0554
49.3123
48.4026
47.2877
45.9337
44.3517
42.5901
40.69
38.6893
36.6287
34.5479
32.4927
30.5134
28.6663
27.0298
25.6711
24.6667
24.0503
23.7823
23.6794
11.2289
6.71723
1.53691
-3.98351
-9.37493
-15.0295
-20.6932
-26.1859
-31.5798
-36.7808
-41.7654
-46.5662
-51.1604
-55.5559
-59.7571
-63.7525
-67.5319
-71.0811
-74.3797
-77.4046
-80.119
-82.4677
-84.3961
-85.8387
-86.7807
-87.239
-87.1861
-86.5524
-85.2567
-83.2266
-80.3868
-76.6544
-71.9819
-66.358
-59.7567
-52.2123
-43.7012
-34.3589
-24.6522
15.4418
19.4276
23.7602
28.2374
32.4077
36.3488
39.9004
42.8083
45.0407
46.7039
47.8684
48.6235
49.0765
49.3015
49.3533
49.2695
49.0716
48.7709
48.3684
47.8562
47.2199
46.4355
45.4682
44.2862
42.8977
41.3444
39.6612
37.8798
36.0349
34.1604
32.2949
30.48
28.7636
27.2111
25.8811
24.8385
24.1147
23.6813
23.3928
10.2654
5.96841
1.03855
-4.20793
-9.32417
-14.683
-20.042
-25.2297
-30.3152
-35.2093
-39.8905
-44.3904
-48.6881
-52.7928
-56.7089
-60.4272
-63.9387
-67.2305
-70.2844
-73.0787
-75.5808
-77.7422
-79.516
-80.848
-81.7281
-82.1745
-82.1629
-81.6302
-80.5002
-78.7019
-76.1609
-72.7977
-68.5617
-63.4363
-57.3958
-50.4661
-42.6372
-34.0467
-25.1545
14.2819
18.0844
22.2224
26.5039
30.4968
34.2764
37.6891
40.4904
42.6484
44.2646
45.406
46.157
46.6205
46.8677
46.9513
46.9079
46.7592
46.5167
46.1826
45.7509
45.209
44.536
43.7004
42.6723
41.4576
40.0923
38.6058
37.0243
35.3774
33.6941
32.0063
30.3487
28.7609
27.2966
26.006
24.9425
24.1349
23.564
23.1185
9.37785
5.28589
0.594919
-4.39047
-9.24493
-14.3232
-19.3932
-24.2925
-29.087
-33.6922
-38.0882
-42.306
-46.3266
-50.1593
-53.8097
-57.2696
-60.5317
-63.584
-66.4099
-68.9897
-71.2935
-73.2794
-74.9066
-76.131
-76.9467
-77.3729
-77.3894
-76.9389
-75.9513
-74.358
-72.0869
-69.0612
-65.2296
-60.5709
-55.061
-48.7209
-41.5499
-33.6793
-25.5507
13.2066
16.8337
20.7854
24.8793
28.702
32.3262
35.6052
38.3034
40.3892
41.9593
43.0774
43.8231
44.2949
44.5616
44.6733
44.6659
44.5609
44.3701
44.0967
43.7364
43.2783
42.7041
41.9855
41.0947
40.0359
38.8397
37.531
36.1311
34.665
33.1574
31.6349
30.1262
28.6636
27.2901
26.0477
24.9792
24.1104
23.4285
22.8529
8.56135
4.66522
0.202336
-4.53424
-9.13979
-13.9514
-18.7475
-23.3742
-27.8939
-32.227
-36.3552
-40.3085
-44.0694
-47.6481
-51.0503
-54.2695
-57.2991
-60.1287
-62.7427
-65.1228
-67.2424
-69.0642
-70.5536
-71.6744
-72.4248
-72.8255
-72.8593
-72.475
-71.6092
-70.1967
-68.1687
-65.452
-61.9944
-57.7715
-52.7616
-46.9815
-40.4374
-33.2498
-25.8337
12.2106
15.6699
19.4433
23.3572
27.0164
30.4911
33.6412
36.2399
38.2556
39.7806
40.8751
41.6145
42.0928
42.3762
42.5128
42.5372
42.471
42.3262
42.1067
41.8094
41.4256
40.939
40.3242
39.556
38.6365
37.5919
36.4431
35.2074
33.9057
32.5589
31.1893
29.8202
28.4778
27.1961
26.009
24.9498
24.0405
23.2729
22.5926
7.81128
4.10232
-0.142852
-4.64223
-9.01088
-13.5693
-18.1055
-22.4742
-26.7347
-30.8114
-34.6879
-38.3929
-41.9109
-45.252
-48.4228
-51.4175
-54.2307
-56.8529
-59.27
-61.4648
-63.4132
-65.0824
-66.4429
-67.4653
-68.1514
-68.5226
-68.5654
-68.2342
-67.4721
-66.2189
-64.4095
-61.975
-58.8631
-55.0464
-50.5053
-45.2532
-39.3008
-32.755
-26.0012
11.2889
14.5878
18.1901
21.9316
25.4336
28.7646
31.7905
34.293
36.2405
37.7213
38.7921
39.524
40.0072
40.3048
40.4632
40.5159
40.4841
40.3799
40.2081
39.9667
39.6484
39.2393
38.7166
38.0573
37.2622
36.3533
35.348
34.2603
33.1073
31.9069
30.6776
29.4386
28.2106
27.02
25.8935
24.856
23.925
23.0952
22.3339
7.12341
3.59317
-0.444023
-4.71738
-8.86044
-13.1782
-17.4683
-21.5927
-25.6081
-29.4432
-33.083
-36.5552
-39.8457
-42.9649
-45.9196
-48.7051
-51.3169
-53.7464
-55.9803
-58.0033
-59.793
-61.3209
-62.5613
-63.4912
-64.1148
-64.4545
-64.5002
-64.2115
-63.5378
-62.4244
-60.8113
-58.6338
-55.8404
-52.4016
-48.2985
-43.5412
-38.1428
-32.1961
-26.0548
10.4367
13.5822
17.0207
20.5966
23.9478
27.1404
30.0465
32.4558
34.3372
35.7746
36.8215
37.545
38.0313
38.3411
38.5184
38.596
38.5946
38.5265
38.3968
38.2048
37.9445
37.6038
37.1627
36.6
35.9155
35.1276
34.2507
33.2958
32.2771
31.2094
30.1084
28.9895
27.8694
26.7679
25.7056
24.7
23.764
22.8935
22.0732
6.49356
3.13411
-0.704575
-4.76236
-8.69089
-12.7799
-16.8362
-20.7295
-24.5135
-28.121
-31.5381
-34.7918
-37.8693
-40.7809
-43.5339
-46.1244
-48.5488
-50.799
-52.8632
-54.7268
-56.3698
-57.767
-58.8963
-59.7399
-60.3039
-60.6116
-60.6556
-60.4009
-59.8028
-58.8122
-57.3745
-55.4305
-52.9298
-49.8413
-46.146
-41.8504
-36.9677
-31.577
-26.0002
9.64985
12.6484
15.93
19.3471
22.5532
25.6126
28.403
30.7223
32.5392
33.9339
34.9569
35.6711
36.1592
36.4789
36.6726
36.7721
36.7975
36.761
36.6685
36.5201
36.3108
36.0306
35.6616
35.1846
34.5982
33.918
33.1556
32.3197
31.4217
30.474
29.4895
28.4812
27.462
26.4467
25.4503
24.4847
23.558
22.6661
21.8069
5.9178
2.72158
-0.927616
-4.77984
-8.50423
-12.3757
-16.2104
-19.8847
-23.4501
-26.8429
-30.0506
-33.0992
-35.9772
-38.6949
-41.2598
-43.6685
-45.9184
-48.0022
-49.9087
-51.6249
-53.1325
-54.4091
-55.436
-56.1994
-56.7073
-56.9836
-57.0233
-56.7959
-56.2625
-55.3795
-54.0987
-52.3657
-50.133
-47.3682
-44.0513
-40.185
-35.7806
-30.9037
-25.8461
8.9239
11.7818
14.9131
18.1778
21.2446
24.1758
26.8546
29.0866
30.8408
32.1936
33.1924
33.8965
34.3846
34.7125
34.9202
35.0387
35.0876
35.079
35.0192
34.9091
34.7449
34.5179
34.2124
33.8111
33.3118
32.7271
32.0666
31.337
30.5473
29.7076
28.8289
27.9217
26.9962
26.0632
25.1334
24.2137
23.308
22.4114
21.5317
5.3924
2.35216
-1.11607
-4.77233
-8.30235
-11.9671
-15.5914
-19.0585
-22.4173
-25.6076
-28.6184
-31.4744
-34.1655
-36.7018
-39.0912
-41.3307
-43.4184
-45.3475
-47.108
-48.6878
-50.0705
-51.2362
-52.169
-52.8586
-53.3143
-53.5605
-53.5942
-53.3891
-52.9113
-52.1231
-50.9819
-49.4392
-47.4506
-44.9836
-42.0166
-38.548
-34.5858
-30.183
-25.6023
8.25478
10.9781
13.9654
17.0839
20.0169
22.8246
25.3957
27.5432
29.2363
30.5478
31.5222
32.2153
32.7023
33.0363
33.2558
33.3907
33.4601
33.4759
33.4448
33.3683
33.2437
33.0634
32.8139
32.4795
32.0572
31.5571
30.987
30.3521
29.6592
28.9168
28.1338
27.3188
26.4798
25.6248
24.7608
23.891
23.0157
22.1285
21.2441
4.9138
2.02265
-1.27282
-4.7422
-8.0872
-11.5556
-14.9802
-18.251
-21.4145
-24.414
-27.2395
-29.9146
-32.4307
-34.7975
-37.0229
-39.1048
-41.0415
-42.8272
-44.4526
-45.9066
-47.1742
-48.238
-49.0845
-49.7065
-50.1143
-50.3322
-50.3592
-50.1726
-49.7431
-49.0383
-48.0213
-46.6495
-44.8822
-42.6875
-40.0425
-36.9413
-33.3872
-29.421
-25.2786
7.6387
10.2332
13.0824
16.0607
18.865
21.5539
24.021
26.0868
27.7205
28.9912
29.9411
30.6223
31.1067
31.4453
31.6744
31.8232
31.9103
31.9474
31.9414
31.8943
31.8043
31.665
31.4648
31.1893
30.8349
30.4097
29.9198
29.3689
28.7626
28.1075
27.4108
26.6797
25.9204
25.1387
24.3388
23.5213
22.6833
21.8169
20.9414
4.47866
1.72998
-1.40048
-4.6917
-7.86058
-11.1422
-14.3774
-17.4625
-20.4414
-23.2608
-25.9119
-28.4174
-30.7693
-32.9778
-35.0501
-36.9853
-38.7817
-40.4344
-41.9347
-43.2724
-44.4342
-45.4047
-46.1727
-46.7329
-47.0969
-47.2888
-47.3089
-47.1379
-46.7507
-46.1196
-45.2129
-43.994
-42.4263
-40.4792
-38.1291
-35.3657
-32.1872
-28.6229
-24.8834
7.07201
9.54325
12.26
15.1037
17.7844
20.3589
22.7257
24.7122
26.288
27.5188
28.4439
29.1125
29.5931
29.9344
30.1713
30.3317
30.4339
30.4893
30.5051
30.4836
30.4238
30.3205
30.1635
29.9399
29.6454
29.2863
28.8672
28.391
27.8619
27.285
26.6662
26.0112
25.3251
24.6117
23.8736
23.1093
22.3134
21.4768
20.621
4.08381
1.47129
-1.5016
-4.62289
-7.62412
-10.7282
-13.7838
-16.6928
-19.4973
-22.147
-24.634
-26.9802
-29.1785
-31.2387
-33.1684
-34.9667
-36.6329
-38.1621
-39.5468
-40.7775
-41.8422
-42.7274
-43.4236
-43.9279
-44.2522
-44.4204
-44.434
-44.2766
-43.9267
-43.3608
-42.5521
-41.4694
-40.0808
-38.3574
-36.2755
-33.8213
-30.9873
-27.7925
-24.4234
6.55124
8.90444
11.4942
14.2087
16.7706
19.2349
21.5049
23.4146
24.9341
26.1255
27.0259
27.6811
28.1567
28.4993
28.742
28.9119
29.0268
29.0978
29.1323
29.133
29.0995
29.0276
28.9084
28.7303
28.4886
28.1876
27.8312
27.4212
26.9609
26.4541
25.9055
25.3196
24.7004
24.0507
23.3715
22.6601
21.9094
21.1088
20.2813
3.72622
1.24387
-1.57853
-4.53784
-7.37944
-10.3147
-13.1997
-15.942
-18.5817
-21.0714
-23.404
-25.6006
-27.6549
-29.5766
-31.3732
-33.0443
-34.5894
-36.0043
-37.282
-38.4142
-39.39
-40.1972
-40.8283
-41.282
-41.5706
-41.7174
-41.7252
-41.5799
-41.2631
-40.7551
-40.0334
-39.0719
-37.843
-36.3204
-34.4808
-32.3076
-29.7884
-26.9325
-23.9037
6.07318
8.31336
10.7815
13.3718
15.8194
18.1776
20.3539
22.1894
23.654
24.8068
25.6823
26.3236
26.7932
27.1355
27.3823
27.5597
27.685
27.7693
27.8196
27.8394
27.8286
27.7839
27.6977
27.5595
27.3642
27.1145
26.8133
26.4621
26.063
25.6189
25.1335
24.6104
24.0524
23.4617
22.8383
22.1787
21.4745
20.7144
19.9214
3.40306
1.04512
-1.63353
-4.43834
-7.12797
-9.90269
-12.6258
-15.2103
-17.6941
-20.0328
-22.2202
-24.2764
-26.1959
-27.9881
-29.6606
-31.2132
-32.6459
-33.9549
-35.1341
-36.1756
-37.0698
-37.806
-38.378
-38.7861
-39.0428
-39.1707
-39.1735
-39.0391
-38.752
-38.2956
-37.6512
-36.7972
-35.71
-34.3665
-32.7441
-30.8247
-28.5915
-26.0451
-23.3286
5.63476
7.76665
10.118
12.5893
14.927
17.1828
19.2688
21.0322
22.4433
23.558
24.4087
25.0356
25.4981
25.839
26.0883
26.2714
26.4051
26.5002
26.5639
26.5998
26.6085
26.5872
26.5297
26.4264
26.2717
26.0671
25.8148
25.5155
25.1709
24.7831
24.3547
23.8885
23.3866
22.8506
22.2797
21.67
21.0127
20.2955
19.5413
3.11157
0.872591
-1.6688
-4.32623
-6.87111
-9.4932
-12.0626
-14.4975
-16.8339
-19.0301
-21.0809
-23.0052
-24.7985
-26.4698
-28.0265
-29.4689
-30.7973
-32.0084
-33.0965
-34.0547
-34.8743
-35.546
-36.0646
-36.4317
-36.6599
-36.7713
-36.7698
-36.6456
-36.3853
-35.975
-35.3994
-34.6406
-33.6789
-32.4941
-31.0653
-29.3732
-27.3981
-25.1332
-22.7022
5.23294
7.26117
9.50068
11.8575
14.0895
16.2468
18.2453
19.9388
21.2976
22.3749
23.2008
23.8129
24.2677
24.6059
24.8563
25.0435
25.1836
25.2875
25.3622
25.4116
25.4367
25.4356
25.4027
25.3297
25.2105
25.0456
24.8363
24.5831
24.2871
23.9496
23.5727
23.1582
22.7078
22.2223
21.7006
21.1388
20.5277
19.8547
19.1417
2.84913
0.723893
-1.68634
-4.20319
-6.61024
-9.08716
-11.5106
-13.8037
-16.0007
-18.0625
-19.9844
-21.785
-23.4599
-25.0182
-26.4671
-27.8071
-29.0386
-30.1591
-31.1635
-32.0452
-32.7966
-33.4096
-33.8801
-34.2105
-34.4135
-34.5104
-34.5056
-34.3908
-34.1549
-33.7861
-33.2717
-32.5973
-31.7463
-30.7016
-29.444
-27.9544
-26.2106
-24.2002
-22.0295
4.86495
6.7939
8.92615
11.1732
13.3035
15.3657
17.2797
18.9053
20.2132
21.2536
22.0547
22.6515
23.0978
23.4324
23.6827
23.8724
24.0174
24.128
24.2116
24.2722
24.3111
24.3269
24.3152
24.2683
24.18
24.0498
23.8783
23.6659
23.4132
23.121
22.7905
22.4232
22.02
21.5812
21.1058
20.5896
20.0234
19.3946
18.7243
2.61335
0.596819
-1.68814
-4.0709
-6.34663
-8.68542
-10.9704
-13.129
-15.194
-17.1288
-18.9295
-20.6135
-22.1775
-23.6301
-24.9784
-26.2232
-27.3651
-28.4018
-29.329
-30.1406
-30.8299
-31.3898
-31.817
-32.1147
-32.2954
-32.3797
-32.3723
-32.2666
-32.0529
-31.7215
-31.2619
-30.6622
-29.909
-28.9875
-27.8809
-26.5703
-25.0326
-23.251
-21.3165
4.5282
6.36204
8.39148
10.533
12.5654
14.536
16.3682
17.928
19.1862
20.1903
20.9666
21.5478
21.9849
22.3149
22.5641
22.7551
22.9034
23.0191
23.1097
23.1792
23.2294
23.2594
23.2656
23.241
23.1795
23.0795
22.9412
22.7648
22.5506
22.299
22.0107
21.6863
21.3265
20.9313
20.4992
20.0262
19.5034
18.9184
18.2911
2.40204
0.48938
-1.67598
-3.93089
-6.08154
-8.28893
-10.4422
-12.4734
-14.4135
-16.2283
-17.9146
-19.4892
-20.949
-22.3027
-23.5571
-24.7132
-25.772
-26.7314
-27.5874
-28.3349
-28.9677
-29.4795
-29.8679
-30.1365
-30.2978
-30.3712
-30.362
-30.2648
-30.0715
-29.7739
-29.3634
-28.8302
-28.1633
-27.3503
-26.3761
-25.2232
-23.8681
-22.291
-20.5698
4.22034
5.96316
7.89398
9.93407
11.8723
13.7544
15.5076
17.0035
18.2131
19.1815
19.9331
20.4983
20.9256
21.2503
21.4972
21.6884
21.8387
21.9581
22.0539
22.1305
22.1897
22.2313
22.2525
22.2469
22.2082
22.1343
22.025
21.8804
21.7005
21.4853
21.235
20.95
20.6302
20.2754
19.884
19.452
18.971
18.4287
17.8443
2.21333
0.399845
-1.65143
-3.78443
-5.816
-7.89845
-9.92666
-11.8369
-13.6587
-15.3601
-16.9385
-18.41
-19.7721
-21.0331
-22.1998
-23.2733
-24.2548
-25.1427
-25.9333
-26.6222
-27.2035
-27.6719
-28.0257
-28.2686
-28.4129
-28.4772
-28.4669
-28.3778
-28.2031
-27.9362
-27.5698
-27.0959
-26.5053
-25.7877
-24.9298
-23.9154
-22.7213
-21.3264
-19.7971
3.93938
5.59505
7.43132
9.37394
11.2213
13.0181
14.6948
16.1287
17.2908
18.224
18.951
19.4999
19.9168
20.2354
20.4792
20.6695
20.8207
20.9424
21.042
21.1239
21.1902
21.2412
21.2746
21.2849
21.2656
21.2141
21.13
21.0132
20.8635
20.6809
20.4651
20.216
19.9332
19.616
19.2629
18.8699
18.429
17.9282
17.386
2.04558
0.326708
-1.6158
-3.63268
-5.55097
-7.5146
-9.42403
-11.2196
-12.9294
-14.5236
-16.0002
-17.3746
-18.6448
-19.8189
-20.9034
-21.8999
-22.8096
-23.6312
-24.3615
-24.9966
-25.5312
-25.9606
-26.2834
-26.5038
-26.6335
-26.6902
-26.6795
-26.5981
-26.4406
-26.2015
-25.8747
-25.4537
-24.9309
-24.2973
-23.5416
-22.6486
-21.5964
-20.3629
-19.0055
3.68351
5.25581
7.00145
8.85038
10.6103
12.3247
13.9272
15.3007
16.4164
17.315
18.0175
18.5497
18.9557
19.2674
19.5073
19.6958
19.8468
19.9697
20.0717
20.1574
20.2292
20.2875
20.3308
20.3542
20.3513
20.3189
20.2564
20.1637
20.0407
19.887
19.7022
19.4857
19.237
18.955
18.6378
18.2819
17.8794
17.4189
16.9181
1.89727
0.268649
-1.57018
-3.47655
-5.28708
-7.13782
-8.93451
-10.6213
-12.225
-13.7179
-15.0984
-16.3813
-17.5651
-18.6577
-19.6654
-20.5898
-21.4325
-22.1925
-22.8672
-23.4528
-23.9448
-24.339
-24.6343
-24.8351
-24.9524
-25.0029
-24.9925
-24.9186
-24.777
-24.5631
-24.2721
-23.8984
-23.4356
-22.8764
-22.2104
-21.4241
-20.4966
-19.406
-18.202
3.45105
4.94358
6.60244
8.36146
10.0372
11.6721
13.2026
14.5174
15.5873
16.4516
17.1298
17.6453
18.0399
18.3439
18.579
18.7648
18.9147
19.0378
19.1411
19.2293
19.305
19.3689
19.4201
19.4542
19.4648
19.4484
19.4044
19.3325
19.2327
19.1045
18.9474
18.7605
18.543
18.2937
18.0104
17.6897
17.324
16.9025
16.4419
1.76682
0.224315
-1.51563
-3.31677
-5.02481
-6.76828
-8.45796
-10.0417
-11.545
-12.942
-14.2318
-15.4286
-16.5311
-17.5472
-18.4829
-19.34
-20.1202
-20.8229
-21.4458
-21.9858
-22.4389
-22.8012
-23.0721
-23.2556
-23.3625
-23.4084
-23.3989
-23.3323
-23.2054
-23.0145
-22.7558
-22.4244
-22.0152
-21.5216
-20.9348
-20.2422
-19.4244
-18.4601
-17.3925
3.24022
4.65647
6.23227
7.90509
9.49987
11.0582
12.5189
13.7763
14.801
15.6316
16.2856
16.7842
17.1669
17.4627
17.6922
17.8744
18.0222
18.1444
18.248
18.3376
18.4159
18.484
18.5413
18.5839
18.6057
18.6029
18.5744
18.5204
18.4407
18.3348
18.2021
18.0418
17.8527
17.6334
17.3819
17.0944
16.7639
16.3799
15.9582
1.65256
0.192274
-1.45331
-3.15414
-4.76461
-6.40607
-7.99413
-9.48022
-10.8883
-12.1947
-13.3989
-14.5144
-15.5406
-16.485
-17.3533
-18.1475
-18.8694
-19.5186
-20.0934
-20.5912
-21.0083
-21.3416
-21.5905
-21.7591
-21.8573
-21.8998
-21.8918
-21.8325
-21.7195
-21.5497
-21.32
-21.0267
-20.6651
-20.2297
-19.7126
-19.1026
-18.3814
-17.5288
-16.5824
3.04912
4.39239
5.88878
7.47896
8.99604
10.4806
11.8737
13.0753
14.0552
14.8523
15.4825
15.9641
16.3345
16.6216
16.8449
17.0227
17.1675
17.2879
17.3907
17.4806
17.5604
17.6313
17.6932
17.7427
17.7737
17.782
17.7668
17.7281
17.6656
17.5791
17.4679
17.3311
17.1675
16.9757
16.7534
16.4971
16.2
15.8519
15.4677
1.55281
0.171078
-1.38438
-2.9895
-4.50699
-6.05135
-7.54275
-8.93612
-10.254
-11.4747
-12.598
-13.6368
-14.5912
-15.4683
-16.2737
-17.0091
-17.6767
-18.2762
-18.8063
-19.2647
-19.6486
-19.9551
-20.1841
-20.3394
-20.4304
-20.4704
-20.4648
-20.4129
-20.3129
-20.1626
-19.9593
-19.7001
-19.3809
-18.9972
-18.5418
-18.0046
-17.3687
-16.6147
-15.776
2.87588
4.14928
5.56961
7.08042
8.52279
9.93633
11.2641
12.4115
13.3471
14.1114
14.718
15.1825
15.5404
15.8184
16.0351
16.2079
16.3489
16.4667
16.5678
16.657
16.737
16.8096
16.8747
16.9295
16.9679
16.9857
16.9818
16.9561
16.9085
16.8388
16.7463
16.6302
16.4892
16.3221
16.1266
15.8992
15.6334
15.3193
14.9709
1.46589
0.15927
-1.31012
-2.82381
-4.25254
-5.70428
-7.10355
-8.40876
-9.64091
-10.7804
-11.8271
-12.7936
-13.6805
-14.4946
-15.241
-15.9216
-16.5387
-17.0921
-17.5806
-18.0026
-18.3555
-18.6373
-18.8479
-18.9913
-19.076
-19.1144
-19.1115
-19.067
-18.9795
-18.8472
-18.6682
-18.4397
-18.1585
-17.8206
-17.4199
-16.947
-16.3864
-15.7199
-14.977
2.71864
3.92502
5.27237
6.70675
8.07711
9.42205
10.6865
11.7815
12.6736
13.4065
13.9902
14.4373
14.7824
15.0511
15.2609
15.4282
15.565
15.6794
15.778
15.8654
15.9447
16.0177
16.0847
16.1433
16.1876
16.2133
16.219
16.2047
16.1702
16.1152
16.039
15.941
15.82
15.6748
15.5033
15.3021
15.0652
14.7829
14.4682
1.39021
0.155356
-1.23191
-2.65832
-4.00238
-5.36554
-6.67675
-7.89778
-9.04793
-10.1104
-11.0844
-11.9826
-12.8064
-13.5615
-14.2525
-14.8819
-15.452
-15.9627
-16.4127
-16.8008
-17.125
-17.3838
-17.5775
-17.7099
-17.789
-17.8262
-17.8263
-17.7891
-17.7135
-17.5982
-17.4413
-17.2407
-16.9936
-16.6966
-16.3443
-15.9284
-15.4345
-14.8458
-14.1881
2.57572
3.71798
4.99541
6.35601
7.65688
8.93533
10.1379
11.182
12.031
12.7347
13.2968
13.7266
14.0586
14.3179
14.5205
14.6821
14.8141
14.9246
15.0199
15.1048
15.1824
15.2546
15.3223
15.3832
15.432
15.464
15.4779
15.4735
15.4507
15.4088
15.3472
15.2652
15.1619
15.036
14.8858
14.7081
14.4973
14.2443
13.9608
1.32444
0.157709
-1.15144
-2.49483
-3.75805
-5.03682
-6.26364
-7.40388
-8.47506
-9.4641
-10.3679
-11.2012
-11.9663
-12.6664
-13.3054
-13.8867
-14.4131
-14.8841
-15.2986
-15.6554
-15.9533
-16.1908
-16.3687
-16.4908
-16.5647
-16.601
-16.604
-16.5739
-16.5096
-16.4101
-16.2738
-16.0986
-15.8822
-15.6218
-15.3126
-14.9472
-14.5126
-13.993
-13.4115
2.44593
3.52709
4.73775
6.02759
7.26173
8.47576
9.61776
10.6112
11.4148
12.0918
12.6347
13.0477
13.3668
13.6168
13.8124
13.9682
14.0952
14.2013
14.2928
14.3743
14.4493
14.5197
14.5867
14.6487
14.7003
14.7371
14.7577
14.762
14.7495
14.7196
14.6714
14.6039
14.5164
14.4078
14.2765
14.1197
13.9322
13.7054
13.4505
1.26786
0.165734
-1.0693
-2.3339
-3.52041
-4.71911
-5.86538
-6.9284
-7.92356
-8.84276
-9.67701
-10.447
-11.1572
-11.8062
-12.3963
-12.9326
-13.4182
-13.8525
-14.2341
-14.5623
-14.836
-15.0542
-15.2178
-15.3302
-15.3991
-15.4342
-15.44
-15.4164
-15.3628
-15.278
-15.1606
-15.0087
-14.8202
-14.5927
-14.322
-14.0016
-13.6197
-13.1619
-12.6486
2.32841
3.35134
4.49853
5.72058
6.89096
8.04265
9.12589
10.0685
10.8223
11.4744
12.0004
12.3976
12.7045
12.946
13.1351
13.2853
13.4073
13.5088
13.5961
13.6737
13.7453
13.813
13.8784
13.9401
13.993
14.0329
14.0587
14.07
14.0665
14.0474
14.0114
13.9574
13.8845
13.7916
13.6773
13.5391
13.3723
13.169
12.9396
1.22081
0.180486
-0.983642
-2.17318
-3.28691
-4.40971
-5.48003
-6.47023
-7.39343
-8.24539
-9.01205
-9.72257
-10.3814
-10.9811
-11.5245
-12.0184
-12.4656
-12.8648
-13.2152
-13.5168
-13.7686
-13.9697
-14.1207
-14.2246
-14.2887
-14.3225
-14.3304
-14.3127
-14.2689
-14.1978
-14.0979
-13.9673
-13.8042
-13.6064
-13.3703
-13.0901
-12.7552
-12.3526
-11.9005
2.22293
3.18999
4.27556
5.4319
6.54039
7.63054
8.65655
9.54882
10.2558
10.8865
11.3952
11.7758
12.071
12.3046
12.4876
12.6325
12.7498
12.8468
12.9296
13.003
13.0707
13.1351
13.198
13.2583
13.3111
13.3527
13.3818
13.3986
13.4026
13.3929
13.368
13.3265
13.2673
13.189
13.0903
12.9689
12.8207
12.6382
12.4317
1.18235
0.20131
-0.89432
-2.01185
-3.05567
-4.10579
-5.10352
-6.02536
-6.88059
-7.66799
-8.36861
-9.02897
-9.64209
-10.192
-10.6888
-11.1429
-11.5541
-11.9195
-12.2395
-12.5154
-12.747
-12.9329
-13.0731
-13.1702
-13.2303
-13.2628
-13.2724
-13.2599
-13.2249
-13.1664
-13.0827
-12.9716
-12.8317
-12.6609
-12.4558
-12.2116
-11.9187
-11.5655
-11.1684
2.12836
3.04146
4.06706
5.15868
6.20571
7.23306
8.2016
9.04031
9.70878
10.3306
10.8209
11.1806
11.464
11.6911
11.8685
12.0086
12.1216
12.2144
12.2929
12.3618
12.4253
12.486
12.5459
12.6042
12.6561
12.698
12.729
12.7495
12.7593
12.7574
12.7423
12.7123
12.6656
12.6009
12.5167
12.4109
12.2796
12.116
11.9301
1.15475
0.220312
-0.822061
-1.87892
-2.86082
-3.84185
-4.7617
-5.60313
-6.36615
-7.06951
-7.65205
-8.29138
-8.90411
-9.43229
-9.90831
-10.3505
-10.7518
-11.1055
-11.4137
-11.6801
-11.9052
-12.0872
-12.2254
-12.3209
-12.38
-12.4123
-12.4233
-12.4141
-12.3854
-12.3365
-12.2625
-12.1647
-12.0409
-11.8888
-11.7052
-11.4858
-11.2221
-10.9035
-10.5453
2.05697
2.9263
3.90431
4.93718
5.92327
6.87786
7.76318
8.50005
9.08527
9.7705
10.2781
10.6334
10.9197
11.1533
11.3352
11.4779
11.5926
11.6863
11.7645
11.8326
11.895
11.9549
12.0146
12.0731
12.1259
12.1687
12.2011
12.2239
12.2373
12.2406
12.2321
12.2101
12.1724
12.1175
12.0437
11.9487
11.8292
11.6786
11.5067
1.13446
0.238531
-0.758462
-1.76231
-2.6866
-3.59884
-4.43799
-5.19011
-5.84582
-6.45005
-6.88241
-7.53029
-8.1726
-8.69749
-9.16946
-9.61757
-10.0261
-10.3834
-10.693
-10.9607
-11.188
-11.3732
-11.515
-11.6132
-11.6743
-11.7079
-11.7207
-11.7139
-11.6897
-11.648
-11.5793
-11.4898
-11.3771
-11.2377
-11.0687
-10.8663
-10.6228
-10.3283
-9.99756
2.00032
2.83271
3.76745
4.74415
5.66694
6.53941
7.32488
7.94108
8.42484
9.20874
9.75988
10.1233
10.4217
10.67
10.8631
11.0136
11.1344
11.2325
11.3137
11.3836
11.447
11.5081
11.5693
11.6299
11.6848
11.7294
11.7633
11.7876
11.8033
11.8098
11.8058
11.7892
11.7579
11.71
11.6436
11.5564
11.4451
11.3033
11.1407
1.11559
0.258453
-0.69296
-1.64357
-2.51037
-3.35383
-4.11386
-4.77865
-5.33345
-5.84202
-6.13565
-6.78123
-7.4444
-7.96249
-8.42564
-8.87512
-9.28848
-9.64809
-9.95736
-10.2243
-10.4522
-10.6393
-10.7841
-10.8852
-10.9487
-10.9842
-10.9992
-10.995
-10.9754
-10.9411
-10.8778
-10.7972
-10.6962
-10.57
-10.4159
-10.2308
-10.0079
-9.73763
-9.4362
1.94433
2.73934
3.62984
4.54936
5.40919
6.19954
6.88948
7.39345
7.77911
8.64172
9.23733
9.60878
9.91531
10.176
10.3799
10.5384
10.6655
10.7684
10.853
10.9247
10.9891
11.051
11.1137
11.1766
11.2341
11.2808
11.3161
11.3414
11.3581
11.3666
11.366
11.3542
11.329
11.288
11.2291
11.1498
11.047
10.9141
10.761
1.09752
0.279274
-0.62657
-1.52451
-2.33459
-3.11012
-3.7934
-4.37281
-4.83346
-5.24557
-5.41646
-6.04722
-6.71937
-7.22823
-7.67917
-8.12489
-8.53976
-8.90019
-9.20812
-9.47292
-9.69933
-9.88688
-10.0334
-10.1375
-10.2041
-10.2423
-10.2599
-10.2578
-10.2419
-10.2136
-10.1548
-10.0817
-9.99135
-9.87755
-9.73767
-9.56932
-9.36621
-9.11883
-8.84054
1.88865
2.64616
3.49168
4.35387
5.15209
5.86126
6.4615
6.85851
7.1524
8.0703
8.70926
9.091
9.40271
9.67258
9.8856
10.0517
10.1852
10.2937
10.3822
10.4561
10.5216
10.5842
10.6482
10.7137
10.7746
10.8246
10.8621
10.8884
10.9055
10.9146
10.9158
10.9076
10.8877
10.8534
10.8021
10.7311
10.6369
10.5133
10.3696
1.08026
0.300731
-0.559832
-1.40611
-2.16095
-2.87039
-3.48008
-3.9765
-4.34958
-4.66284
-4.72789
-5.33166
-5.99931
-6.49528
-6.93094
-7.36771
-7.77986
-8.13934
-8.44525
-8.70709
-8.93075
-9.11696
-9.26425
-9.37148
-9.44271
-9.48606
-9.50901
-9.51185
-9.50223
-9.4821
-9.43003
-9.36673
-9.28869
-9.18874
-9.06413
-8.91293
-8.72997
-8.50767
-8.26448
1.8337
2.554
3.35456
4.16044
4.89949
5.52858
6.04445
6.33479
6.54335
7.49501
8.17385
8.56919
8.88566
9.1622
9.38185
9.5535
9.69258
9.80683
9.90025
9.97742
10.0443
10.1075
10.1723
10.2401
10.3051
10.3599
10.4016
10.4306
10.4487
10.458
10.4597
10.4533
10.4373
10.4087
10.3647
10.302
10.2169
10.103
9.96935
1.06375
0.322233
-0.493911
-1.28977
-1.99133
-2.63714
-3.17717
-3.59366
-3.88545
-4.09679
-4.07169
-4.63678
-5.28586
-5.7644
-6.18188
-6.60462
-7.00921
-7.36523
-7.66858
-7.92749
-8.14799
-8.33154
-8.47776
-8.58565
-8.6585
-8.704
-8.72908
-8.73325
-8.72545
-8.70832
-8.65824
-8.60009
-8.53034
-8.44109
-8.32972
-8.19459
-8.02993
-7.82518
-7.58666
1.78038
2.46475
3.22126
3.97327
4.65559
5.20499
5.64044
5.82014
5.94768
6.91607
7.62962
8.04049
8.36279
8.64633
8.87249
9.04832
9.19088
9.30954
9.40796
9.48924
9.55834
9.62189
9.68654
9.75509
9.8229
9.88273
9.93048
9.96506
9.98718
9.99868
10.0016
9.99686
9.98372
9.95997
9.92261
9.86798
9.79191
9.68742
9.56258
1.04835
0.342792
-0.430837
-1.17818
-1.82818
-2.4128
-2.88656
-3.2262
-3.4423
-3.54927
-3.44881
-3.96408
-4.58094
-5.03682
-5.43284
-5.83645
-6.2282
-6.57728
-6.8766
-7.13247
-7.35051
-7.53322
-7.68187
-7.79651
-7.87971
-7.93714
-7.97505
-7.9921
-7.99815
-7.99608
-7.95929
-7.91584
-7.86224
-7.78949
-7.6948
-7.57753
-7.43552
-7.26637
-7.09773
1.73058
2.38142
3.09588
3.79703
4.42291
4.88991
5.2461
5.30759
5.35591
6.33223
7.07801
7.5042
7.82988
8.1183
8.35189
8.53457
8.68294
8.80723
8.91167
8.99858
9.07162
9.13661
9.20071
9.26801
9.33554
9.39713
9.44882
9.4885
9.51535
9.53023
9.53516
9.53201
9.52138
9.50216
9.4718
9.42656
9.36201
9.27163
9.16568
1.03434
0.361207
-0.373419
-1.07517
-1.67553
-2.20084
-2.60977
-2.8737
-3.01855
-3.02114
-2.85908
-3.31431
-3.88614
-4.31334
-4.68396
-5.0635
-5.4371
-5.77528
-6.06828
-6.31907
-6.53135
-6.70662
-6.84551
-6.94795
-7.01879
-7.06634
-7.09596
-7.10498
-7.10319
-7.09318
-7.04965
-7.00394
-6.9529
-6.88749
-6.80467
-6.70264
-6.57343
-6.39983
-6.16794
1.68574
2.30616
2.98143
3.63497
4.20181
4.58159
4.8582
4.7895
4.75273
5.73446
6.51912
6.96936
7.3
7.58515
7.81394
7.9944
8.14568
8.27827
8.39472
8.49495
8.5802
8.65439
8.72391
8.7938
8.8631
8.9273
8.98336
9.02908
9.0624
9.08251
9.0902
9.08709
9.07468
9.05342
9.02234
8.97863
8.91736
8.82749
8.70955
1.02187
0.37785
-0.321753
-0.9822
-1.53646
-2.0062
-2.35206
-2.54216
-2.62063
-2.51935
-2.30281
-2.68724
-3.20261
-3.59432
-3.93482
-4.28439
-4.63323
-4.95625
-5.24424
-5.49821
-5.72029
-5.9122
-6.07644
-6.21466
-6.32571
-6.41123
-6.4778
-6.52297
-6.55894
-6.58729
-6.57537
-6.5574
-6.53196
-6.4895
-6.42783
-6.34871
-6.25759
-6.16585
-6.12874
1.64523
2.23758
2.8766
3.48655
3.99299
4.28921
4.49144
4.26851
4.12487
5.10205
5.9274
6.42097
6.78734
7.09399
7.32193
7.48186
7.60477
7.71417
7.81931
7.92042
8.01531
8.10319
8.18607
8.26572
8.34038
8.40818
8.46959
8.52459
8.57178
8.60976
8.63774
8.65564
8.66358
8.66129
8.64783
8.62167
8.58269
8.53318
8.50029
1.01142
0.394239
-0.273757
-0.897781
-1.41214
-1.83478
-2.12544
-2.25286
-2.27338
-2.05997
-1.78177
-2.085
-2.53143
-2.8788
-3.18586
-3.50183
-3.81608
-4.10648
-4.36459
-4.58951
-4.77947
-4.93012
-5.03769
-5.10291
-5.14261
-5.17416
-5.19822
-5.20641
-5.20389
-5.19115
-5.14863
-5.11009
-5.07292
-5.02894
-4.97459
-4.90509
-4.80258
-4.63001
-4.32529
1.60848
2.17437
2.77991
3.35055
3.80018
4.03292
4.1683
3.7455
3.47227
4.43341
5.26459
5.77138
6.17706
6.55361
6.86185
7.08358
7.23305
7.3347
7.41203
7.48132
7.55118
7.62547
7.70601
7.79008
7.8675
7.93018
7.97751
8.01142
8.03354
8.04473
8.04574
8.03791
8.023
8.00255
7.9767
7.94179
7.88534
7.77581
7.57262
1.00362
0.404794
-0.24033
-0.835682
-1.31722
-1.69968
-1.94041
-2.01548
-1.9752
-1.62998
-1.28924
-1.51534
-1.87858
-2.16335
-2.42801
-2.71633
-3.01924
-3.31821
-3.6052
-3.87872
-4.13886
-4.3876
-4.62637
-4.84949
-5.03309
-5.1698
-5.28271
-5.37718
-5.47411
-5.57011
-5.60735
-5.62244
-5.63112
-5.62748
-5.60803
-5.57919
-5.56587
-5.61259
-5.83496
1.58269
2.1295
2.70806
3.24135
3.63273
3.80739
3.83285
3.14864
2.78306
3.79215
4.63211
5.09101
5.41149
5.70685
5.98926
6.25896
6.51224
6.73736
6.92609
7.07912
7.20337
7.30777
7.404
7.50866
7.6331
7.76605
7.89226
8.00738
8.11082
8.20235
8.28042
8.34255
8.38668
8.41177
8.41959
8.41723
8.42702
8.4981
8.72626
0.99637
0.391155
-0.255264
-0.839357
-1.29499
-1.63069
-1.80051
-1.79249
-1.63512
-1.13923
-0.78977
-0.973905
-1.2655
-1.47332
-1.64499
-1.81738
-1.99077
-2.1573
-2.31175
-2.44863
-2.55654
-2.61825
-2.62164
-2.57437
-2.53059
-2.51883
-2.51929
-2.50459
-2.46832
-2.44461
-2.39559
-2.35357
-2.32466
-2.2976
-2.26646
-2.22371
-2.12962
-1.9125
-1.41372
1.58111
2.12903
2.69678
3.19413
3.50933
3.56986
3.33223
2.33788
1.96673
3.15569
4.20939
4.88164
5.29944
5.51671
5.55803
5.49113
5.38827
5.30723
5.27176
5.28392
5.33708
5.42471
5.53351
5.62853
5.67114
5.67701
5.67569
5.67091
5.66138
5.64699
5.63134
5.61908
5.61338
5.61505
5.6197
5.61121
5.54209
5.31597
4.77599
0.984527
0.35242
-0.316963
-0.908697
-1.34831
-1.63483
-1.71812
-1.59164
-1.25724
-0.612643
-0.262152
-0.401476
-0.66173
-0.912183
-1.1693
-1.44099
-1.7293
-2.0357
-2.36438
-2.72271
-3.12074
-3.56331
-4.03003
-4.46924
-4.78992
-4.99228
-5.19267
-5.35488
-5.61583
-5.9885
-5.89586
-5.92714
-6.05039
-6.14323
-6.1926
-6.23995
-6.35078
-6.6176
-7.21745
1.59321
2.15815
2.73127
3.20296
3.44193
3.34934
2.75626
1.48534
0.902021
1.97636
3.16075
4.32394
5.44967
6.5137
7.4145
8.10187
8.59332
8.90543
9.08064
9.1661
9.203
9.22488
9.28112
9.45037
9.7625
10.1026
10.3823
10.6127
10.8133
10.9875
11.1288
11.2343
11.3062
11.3505
11.3814
11.4282
11.564
11.9002
12.6163
131.73
135.634
138.257
137.967
135.957
132.764
128.04
121.664
114.208
106.346
98.3883
90.4653
82.6513
75.0142
67.6379
60.595
53.9251
47.6436
41.7504
36.2323
31.0705
26.2498
21.7513
17.5547
13.642
9.99826
6.60994
3.46389
0.548144
-2.14989
-4.64241
-6.94099
-9.0571
-10.9999
-12.7766
-14.3919
-15.8481
-17.1451
-18.282
-19.2579
-20.073
-20.7308
-21.2373
-21.6017
-21.8354
-21.9508
-21.9595
-21.8718
-21.6962
-21.4392
-21.1066
-20.7037
-20.2366
-19.7121
-19.1379
-18.522
-17.8726
-17.1971
-16.5023
-15.7946
-15.0794
-14.3615
-13.6449
-12.9329
-12.2276
-11.531
-10.8456
-10.2583
-9.73416
-9.19966
-8.62055
-8.07958
-7.39516
-6.97898
-5.97535
-6.11525
-4.08262
-5.9899
-1.09557
-7.6391
131.727
128.405
124.2
116.576
105.938
96.6879
89.5853
83.5972
78.2958
73.5742
69.289
65.3047
61.5579
58.0383
54.7462
51.6796
48.834
46.2026
43.7765
41.545
39.4971
37.6214
35.9065
34.3411
32.9145
31.617
30.4388
29.371
28.4046
27.5311
26.7422
26.0296
25.3853
24.8019
24.2722
23.7895
23.3478
22.9417
22.566
22.2162
21.8878
21.5766
21.2783
20.9884
20.7025
20.4161
20.1247
19.8243
19.5114
19.1834
18.8388
18.4772
18.0992
17.7059
17.2989
16.8801
16.4508
16.0121
15.5646
15.1088
14.645
14.1735
13.6951
13.2113
12.7241
12.2374
11.7547
11.3445
10.9873
10.6166
10.2345
9.84435
9.44548
9.06783
8.59579
8.47048
7.39135
8.88747
4.41194
12.9175
98.8551
101.583
103.702
105.072
105.983
106.122
104.861
102.189
98.5862
94.3708
89.7252
84.8546
79.9266
75.0545
70.2939
65.6162
60.9459
56.2242
51.4377
46.6104
41.7842
37.0095
32.334
27.7992
23.4415
19.2903
15.3679
11.6883
8.25849
5.07802
2.14047
-0.564447
-3.04987
-5.32844
-7.41131
-9.3076
-11.0234
-12.5628
-13.928
-15.1215
-16.1471
-17.0105
-17.7204
-18.2869
-18.7218
-19.0369
-19.2424
-19.347
-19.3576
-19.2796
-19.118
-18.8779
-18.5653
-18.1872
-17.7512
-17.2651
-16.7367
-16.1733
-15.5817
-14.9683
-14.3388
-13.6987
-13.0527
-12.4047
-11.7575
-11.1136
-10.476
-9.92694
-9.43427
-8.93184
-8.3805
-7.87043
-7.20839
-6.82156
-5.84054
-5.99443
-4.02125
-5.86318
-1.17629
-7.47813
96.4263
93.3788
88.0207
79.8474
71.9712
66.0348
61.7346
58.6401
56.4852
54.8808
53.4139
51.8895
50.2857
48.6246
46.9264
45.2109
43.4969
41.8015
40.1406
38.5276
36.9739
35.4887
34.0787
32.749
31.5026
30.341
29.2642
28.2711
27.3592
26.5251
25.7643
25.0717
24.4413
23.8671
23.3429
22.8626
22.4208
22.0125
21.6336
21.2803
20.9495
20.6379
20.3423
20.0592
19.7848
19.5147
19.2444
18.9695
18.686
18.3907
18.0814
17.7571
17.4178
17.0641
16.6973
16.3186
15.9288
15.5287
15.1185
14.6985
14.269
13.8303
13.3831
12.9287
12.469
12.0073
11.5474
11.1545
10.8113
10.4545
10.0863
9.71059
9.3258
8.96457
8.50473
8.39697
7.34089
8.79083
4.49578
12.6168
50.5938
52.77
54.5017
55.6349
56.328
56.5459
55.9337
54.5772
52.8861
51.0711
49.2191
47.4075
45.6534
43.9202
42.174
40.385
38.5088
36.4978
34.3255
31.9921
29.5157
26.9241
24.2476
21.5177
18.7653
16.0215
13.3146
10.67
8.1089
5.64723
3.29545
1.06067
-1.05304
-3.04245
-4.90454
-6.63619
-8.23366
-9.69311
-11.0114
-12.1873
-13.222
-14.1198
-14.8873
-15.5328
-16.065
-16.4921
-16.8205
-17.055
-17.1988
-17.2548
-17.2261
-17.1166
-16.9319
-16.6784
-16.3631
-15.9934
-15.5763
-15.1183
-14.6255
-14.104
-13.5594
-12.9973
-12.4226
-11.8398
-11.2522
-10.6631
-10.0753
-9.56673
-9.10779
-8.63915
-8.11927
-7.63995
-7.00882
-6.64211
-5.7075
-5.8417
-3.98568
-5.6865
-1.29907
-7.22639
47.8431
44.7217
41.0746
37.1909
33.8839
31.3575
29.5606
28.5164
28.1679
28.2553
28.4792
28.6896
28.8522
28.9594
29.0053
28.9863
28.9008
28.7492
28.534
28.2594
27.9313
27.5566
27.1433
26.6997
26.2345
25.7555
25.2703
24.7856
24.3068
23.8385
23.3842
22.9463
22.5264
22.1252
21.7429
21.3789
21.0327
20.7032
20.3898
20.0913
19.8071
19.5359
19.2765
19.027
18.7846
18.5463
18.3083
18.0667
17.8177
17.5583
17.2862
17.0004
16.7007
16.3873
16.0613
15.7232
15.3737
15.0128
14.6406
14.257
13.8624
13.4571
13.0421
12.6184
12.1878
11.7534
11.3184
10.9448
10.6173
10.2762
9.92349
9.56363
9.19444
8.84939
8.40747
8.30341
7.3049
8.64846
4.62333
12.274
26.5476
27.896
28.8622
29.6058
30.2333
30.9103
30.8918
30.3154
29.326
28.1938
27.1213
26.1778
25.3441
24.563
23.7834
22.9701
22.09
21.1111
20.0137
18.7965
17.4719
16.059
14.5766
13.0417
11.4691
9.87258
8.26432
6.65402
5.05011
3.45928
1.88743
0.34057
-1.17479
-2.65087
-4.0784
-5.44705
-6.74574
-7.96382
-9.09228
-10.1249
-11.0588
-11.8948
-12.6357
-13.2861
-13.8501
-14.331
-14.7302
-15.0479
-15.2833
-15.4361
-15.5073
-15.4996
-15.4174
-15.2665
-15.0534
-14.7844
-14.4656
-14.1024
-13.7002
-13.2639
-12.799
-12.3106
-11.804
-11.2838
-10.7536
-10.2174
-9.67813
-9.20892
-8.78236
-8.34611
-7.85692
-7.40789
-6.80655
-6.4627
-5.56711
-5.69895
-3.92437
-5.55227
-1.34403
-7.06465
24.7777
22.7541
20.723
19.0444
17.8602
17.0855
16.6653
16.5783
16.7695
17.129
17.5509
17.9856
18.416
18.8348
19.2361
19.6137
19.9625
20.2772
20.5535
20.788
20.9784
21.1235
21.2233
21.2789
21.2924
21.2668
21.2054
21.1122
20.9911
20.8462
20.6812
20.4997
20.3051
20.1001
19.8877
19.6703
19.45
19.229
19.0091
18.7918
18.5785
18.37
18.1664
17.9674
17.7714
17.5763
17.3792
17.177
16.9665
16.7451
16.5111
16.2634
16.0022
15.7277
15.4407
15.1415
14.8303
14.5069
14.1709
13.822
13.4605
13.0869
12.7023
12.3079
11.9053
11.4975
11.0873
10.7331
10.4215
10.096
9.75849
9.41374
9.05923
8.72933
8.30325
8.20575
7.24824
8.53694
4.66121
12.0581
14.0911
14.0122
13.786
13.4523
12.9093
12.5317
12.7719
12.845
12.5986
12.1628
11.6864
11.229
10.8248
10.4931
10.2357
10.0404
9.87592
9.69218
9.439
9.08529
8.62234
8.05673
7.40115
6.669
5.87238
5.0221
4.12754
3.19599
2.23335
1.24441
0.233731
-0.793515
-1.83128
-2.87205
-3.90667
-4.9247
-5.91488
-6.86633
-7.76967
-8.61809
-9.40778
-10.1376
-10.8079
-11.4197
-11.9732
-12.4669
-12.8977
-13.2615
-13.5541
-13.7724
-13.9155
-13.9847
-13.9835
-13.9168
-13.7901
-13.6087
-13.3772
-13.0999
-12.781
-12.4245
-12.0349
-11.6172
-11.1763
-10.7171
-10.2434
-9.75941
-9.26835
-8.83816
-8.44405
-8.0405
-7.58267
-7.16502
-6.59384
-6.2765
-5.41575
-5.55816
-3.84357
-5.4372
-1.3493
-6.94423
14.0474
13.9409
13.9576
14.1729
14.4459
14.6881
14.9237
15.1758
15.4522
15.7408
16.023
16.2944
16.5538
16.7998
17.0317
17.2489
17.4509
17.6372
17.8076
17.9616
18.099
18.2194
18.3226
18.4079
18.4748
18.523
18.5519
18.5615
18.5517
18.5231
18.4764
18.4126
18.3331
18.2394
18.1332
18.0163
17.8904
17.7573
17.619
17.4773
17.3337
17.1897
17.0458
16.902
16.7576
16.6105
16.4586
16.299
16.1291
15.9469
15.751
15.5408
15.3167
15.0793
14.8291
14.5667
14.2918
14.0038
13.7022
13.3863
13.0563
12.7129
12.3572
11.9907
11.6152
11.2334
10.8478
10.5134
10.2184
9.90922
9.58744
9.25775
8.91757
8.60204
8.1911
8.10112
7.17505
8.43328
4.6521
11.8814
7.6052
6.31965
5.17921
3.94565
2.28294
0.867672
0.822387
1.0311
1.1512
1.16723
1.0549
0.854303
0.664936
0.566239
0.581815
0.705699
0.921831
1.19216
1.45913
1.6705
1.79542
1.82404
1.75951
1.61015
1.38458
1.09001
0.732184
0.31536
-0.157079
-0.682104
-1.25636
-1.87546
-2.53373
-3.22369
-3.93603
-4.66005
-5.38451
-6.09887
-6.79439
-7.465
-8.10725
-8.7197
-9.30174
-9.85224
-10.3686
-10.8462
-11.2785
-11.6585
-11.9795
-12.2364
-12.427
-12.5515
-12.6123
-12.6134
-12.559
-12.453
-12.2987
-12.0989
-11.8564
-11.574
-11.2556
-10.9055
-10.5282
-10.1286
-9.71072
-9.2788
-8.83608
-8.44529
-8.08439
-7.71454
-7.28957
-6.90473
-6.36596
-6.07678
-5.25375
-5.40748
-3.75641
-5.31206
-1.35451
-6.80709
9.11921
10.7033
12.3153
13.8575
15.0891
15.9051
16.3909
16.6575
16.7976
16.8821
16.9421
16.9875
17.0219
17.0458
17.059
17.0624
17.057
17.0441
17.0254
17.0026
16.9776
16.9519
16.9269
16.9033
16.8816
16.8615
16.8423
16.823
16.8022
16.7785
16.7503
16.7166
16.6763
16.6289
16.574
16.5118
16.4427
16.3674
16.287
16.2027
16.1155
16.0265
15.9359
15.8436
15.7485
15.6487
15.5418
15.4252
15.2964
15.1534
14.9954
14.8221
14.6341
14.4322
14.2173
13.9896
13.7491
13.4949
13.226
12.9418
12.6421
12.3276
11.9998
11.6602
11.3108
10.9544
10.5933
10.2794
10.0019
9.70999
9.40489
9.09095
8.76555
8.46414
8.06938
7.98466
7.09256
8.31208
4.63975
11.6778
6.32337
4.12759
1.98232
-0.11225
-2.25421
-3.80283
-4.04248
-3.95482
-3.85163
-3.77234
-3.80186
-3.90633
-3.9712
-3.91979
-3.7542
-3.50689
-3.19434
-2.83213
-2.45661
-2.11143
-1.82763
-1.61801
-1.48179
-1.41199
-1.40121
-1.44418
-1.53783
-1.68084
-1.87281
-2.11378
-2.40357
-2.74125
-3.12457
-3.54936
-4.0093
-4.49627
-5.0012
-5.51543
-6.03178
-6.54531
-7.05317
-7.55391
-8.0462
-8.52757
-8.99367
-9.43788
-9.85185
-10.2268
-10.5546
-10.8294
-11.0479
-11.2097
-11.3164
-11.3706
-11.3755
-11.3333
-11.2459
-11.1146
-10.9406
-10.7258
-10.4731
-10.1861
-9.86919
-9.52683
-9.16304
-8.78218
-8.38727
-8.0358
-7.70826
-7.37228
-6.98082
-6.62926
-6.12466
-5.86401
-5.0821
-5.24545
-3.66431
-5.17406
-1.35946
-6.6517
8.54715
10.6382
12.5289
14.1337
15.3703
16.213
16.6881
16.8666
16.8581
16.7649
16.6513
16.5382
16.4276
16.3206
16.2169
16.1162
16.0182
15.9231
15.8314
15.7437
15.6608
15.5834
15.5124
15.4484
15.392
15.3435
15.3026
15.2692
15.2423
15.221
15.2038
15.1891
15.1753
15.1605
15.1432
15.1223
15.0968
15.0666
15.0318
14.9932
14.9515
14.9075
14.8614
14.813
14.7609
14.7033
14.6375
14.5609
14.4709
14.3657
14.2443
14.1068
13.9537
13.7861
13.6048
13.4104
13.2025
12.9803
12.7427
12.4887
12.2181
11.9315
11.6304
11.3165
10.9921
10.6602
10.3231
10.0295
9.76972
9.49566
9.20797
8.91053
8.60069
8.31337
7.93615
7.85453
7.00071
8.17114
4.62471
11.4531
4.62954
3.13613
1.71662
0.346335
-1.02624
-2.12772
-2.62455
-2.86715
-3.05882
-3.23314
-3.4294
-3.61387
-3.69333
-3.6218
-3.44629
-3.24712
-3.05557
-2.86266
-2.66842
-2.48967
-2.34347
-2.2376
-2.17131
-2.13986
-2.13879
-2.16606
-2.22185
-2.30766
-2.42534
-2.57671
-2.76331
-2.98602
-3.24469
-3.53748
-3.86066
-4.20894
-4.57629
-4.95717
-5.34737
-5.7445
-6.14767
-6.55661
-6.97048
-7.38668
-7.80033
-8.20418
-8.58933
-8.94651
-9.26742
-9.54589
-9.77842
-9.96402
-10.1036
-10.1989
-10.2515
-10.2626
-10.2322
-10.1603
-10.0468
-9.89247
-9.69937
-9.47052
-9.20975
-8.92139
-8.60922
-8.27762
-7.92929
-7.61641
-7.32171
-7.01897
-6.66076
-6.34206
-5.87222
-5.63983
-4.90054
-5.07323
-3.56352
-5.02791
-1.35373
-6.49253
6.11399
7.50724
8.76602
9.87977
10.8314
11.592
12.1352
12.4603
12.6125
12.6742
12.7138
12.7572
12.8035
12.8532
12.9062
12.9616
13.0187
13.0764
13.1339
13.1904
13.245
13.2973
13.3469
13.3939
13.4384
13.4808
13.5217
13.5614
13.6004
13.6389
13.6768
13.7137
13.7487
13.7809
13.8092
13.8325
13.8502
13.8619
13.8678
13.8685
13.8648
13.8577
13.8476
13.8343
13.8168
13.7933
13.7614
13.7185
13.662
13.5902
13.5021
13.3975
13.2772
13.142
12.9927
12.8298
12.6529
12.461
12.253
12.0279
11.7852
11.5254
11.25
10.9608
10.6603
10.3518
10.0376
9.76361
9.52116
9.26476
8.99474
8.71442
8.42101
8.14803
7.78961
7.71018
6.89734
8.01522
4.59713
11.2256
4.05956
3.17092
2.32395
1.51216
0.729558
0.0633298
-0.357972
-0.614512
-0.848521
-1.10087
-1.34922
-1.52392
-1.57949
-1.50739
-1.35867
-1.2308
-1.18293
-1.19968
-1.24428
-1.29774
-1.3566
-1.42198
-1.49478
-1.57527
-1.66349
-1.76015
-1.86707
-1.98698
-2.12302
-2.27827
-2.45545
-2.65658
-2.88262
-3.13289
-3.40496
-3.69506
-3.99892
-4.31294
-4.63498
-4.96459
-5.30257
-5.64998
-6.007
-6.37182
-6.74019
-7.10548
-7.45951
-7.79374
-8.10053
-8.37423
-8.61152
-8.81126
-8.97383
-9.10006
-9.19052
-9.24494
-9.26221
-9.24088
-9.17983
-9.07887
-8.93917
-8.76317
-8.55424
-8.31639
-8.05312
-7.76867
-7.46536
-7.18996
-6.92729
-6.65689
-6.33134
-6.04459
-5.60934
-5.40445
-4.70801
-4.8902
-3.45118
-4.87385
-1.33378
-6.33307
4.90759
5.7175
6.44999
7.10986
7.69552
8.19488
8.59261
8.88052
9.07083
9.2081
9.33817
9.47417
9.61352
9.75789
9.90796
10.0635
10.2241
10.389
10.5567
10.7256
10.8939
11.0598
11.2216
11.3779
11.5276
11.6702
11.8053
11.9329
12.0533
12.1667
12.273
12.3723
12.4641
12.5479
12.6231
12.6891
12.7458
12.7932
12.832
12.8631
12.8879
12.9075
12.9228
12.9338
12.9401
12.9403
12.9321
12.9135
12.8823
12.8367
12.7757
12.6993
12.6077
12.5016
12.3816
12.2478
12.0997
11.9363
11.7563
11.5586
11.3426
11.1087
10.8581
10.5928
10.3154
10.0293
9.73701
9.48174
9.25577
9.01644
8.76398
8.50116
8.22505
7.9669
7.62858
7.55124
6.78159
7.84628
4.55507
10.9975
4.88731
4.31004
3.76582
3.24322
2.74454
2.29715
1.97374
1.7962
1.64587
1.44538
1.27249
1.19149
1.16156
1.18078
1.23091
1.24862
1.16762
0.986563
0.754354
0.516405
0.294765
0.0929717
-0.0957412
-0.280984
-0.469599
-0.663831
-0.86304
-1.06633
-1.27405
-1.48798
-1.71058
-1.9441
-2.19001
-2.44849
-2.71825
-2.99702
-3.28226
-3.57211
-3.866
-4.16478
-4.47021
-4.78409
-5.10719
-5.43842
-5.77443
-6.10972
-6.4374
-6.7503
-7.04202
-7.30786
-7.54509
-7.75267
-7.9307
-8.07942
-8.19855
-8.28689
-8.34237
-8.3626
-8.34559
-8.29037
-8.19743
-8.06861
-7.90678
-7.71554
-7.49804
-7.25825
-6.99801
-6.75866
-6.52696
-6.28784
-5.99412
-5.73818
-5.33695
-5.15836
-4.50434
-4.69554
-3.32636
-4.70973
-1.30053
-6.17005
5.43751
5.96573
6.4333
6.84841
7.21863
7.54543
7.82562
8.05373
8.23161
8.38113
8.52498
8.66619
8.80403
8.94056
9.07672
9.21348
9.3518
9.49217
9.63485
9.77965
9.92609
10.0734
10.2205
10.3666
10.5106
10.6516
10.7891
10.9224
11.0513
11.1752
11.2936
11.4062
11.512
11.6103
11.7002
11.781
11.8524
11.9143
11.9673
12.0123
12.0504
12.0826
12.11
12.1327
12.1505
12.1623
12.1666
12.1616
12.1456
12.1172
12.0756
12.0204
11.9518
11.87
11.7752
11.6672
11.545
11.4076
11.2535
11.0814
10.8907
10.6816
10.4551
10.2131
9.95817
9.69381
9.42255
9.185
8.97459
8.75151
8.51612
8.27079
8.01254
7.76973
7.45264
7.3775
6.65334
7.66406
4.50061
10.7643
6.71759
6.24678
5.789
5.35609
4.9431
4.55743
4.23995
4.03953
3.88196
3.67667
3.53097
3.46745
3.40859
3.33345
3.23821
3.10854
2.91746
2.65437
2.34837
2.04228
1.76556
1.52501
1.3094
1.09916
0.877424
0.637316
0.381309
0.115604
-0.154876
-0.428316
-0.705196
-0.986604
-1.27315
-1.56441
-1.85894
-2.1549
-2.45062
-2.7453
-3.03933
-3.3343
-3.63244
-3.93584
-4.24558
-4.56107
-4.87975
-5.19726
-5.50808
-5.80649
-6.08741
-6.34717
-6.58368
-6.79617
-6.98463
-7.14901
-7.28859
-7.40167
-7.48574
-7.53794
-7.55579
-7.53784
-7.48407
-7.3958
-7.27538
-7.12596
-6.9502
-6.75174
-6.53186
-6.32655
-6.12433
-5.91506
-5.65203
-5.4255
-5.05736
-4.90352
-4.29105
-4.49006
-3.18977
-4.53489
-1.25509
-6.00093
7.1782
7.60662
7.97055
8.27292
8.52083
8.72294
8.88863
9.02573
9.14199
9.2488
9.35221
9.45044
9.54315
9.63072
9.71322
9.79117
9.86524
9.93618
10.0048
10.0719
10.1381
10.2041
10.2702
10.3368
10.4041
10.4723
10.5415
10.6114
10.6821
10.7531
10.8239
10.8939
10.9622
11.0279
11.09
11.1477
11.2004
11.2477
11.2897
11.3269
11.3596
11.3884
11.4136
11.4353
11.4528
11.4655
11.4719
11.4708
11.4609
11.4411
11.4109
11.3698
11.3178
11.2547
11.1802
11.0936
10.9937
10.8792
10.7482
10.5996
10.4325
10.2467
10.0433
9.82379
9.59077
9.34752
9.09654
8.87585
8.68008
8.47228
8.25311
8.02473
7.78433
7.557
7.26188
7.18888
6.51222
7.46805
4.43467
10.5228
8.15557
7.73983
7.32321
6.92832
6.54712
6.18108
5.84891
5.57783
5.27399
4.84583
4.44974
4.20934
4.04121
3.88407
3.70492
3.50483
3.28278
3.03269
2.77156
2.52177
2.29973
2.11489
1.95917
1.81047
1.64619
1.45334
1.23123
0.987172
0.729444
0.462798
0.188295
-0.0945143
-0.385729
-0.684213
-0.987754
-1.2938
-1.60015
-1.9055
-2.20967
-2.5135
-2.81843
-3.12587
-3.43647
-3.74962
-4.06324
-4.37385
-4.6771
-4.9685
-5.24409
-5.50105
-5.73782
-5.95383
-6.14906
-6.32334
-6.47586
-6.60488
-6.70791
-6.78212
-6.82503
-6.83506
-6.81189
-6.75646
-6.67063
-6.55706
-6.41791
-6.25634
-6.07306
-5.899
-5.72415
-5.54275
-5.30886
-5.11007
-4.77381
-4.64303
-4.0709
-4.27616
-3.04332
-4.3505
-1.19852
-5.82574
8.56427
8.92026
9.20734
9.42261
9.57194
9.67164
9.74405
9.80539
9.86287
9.91961
9.97564
10.0297
10.0814
10.1301
10.1754
10.217
10.2548
10.2888
10.3192
10.3462
10.3704
10.3919
10.4115
10.4296
10.4467
10.4634
10.4802
10.4975
10.5158
10.5353
10.556
10.5779
10.6006
10.6239
10.6474
10.6704
10.6927
10.7141
10.7344
10.7536
10.7716
10.7885
10.8039
10.8174
10.8283
10.8356
10.8383
10.8353
10.8257
10.8088
10.7842
10.7515
10.7106
10.6609
10.6019
10.5323
10.4508
10.3555
10.2447
10.1169
9.97109
9.80702
9.62531
9.42732
9.21543
8.99263
8.7612
8.55664
8.37468
8.18118
7.97716
7.76471
7.54152
7.32931
7.0563
6.98514
6.35739
7.25773
4.35685
10.2713
7.92479
7.57144
7.21452
6.86735
6.52418
6.18436
5.85437
5.54325
5.18841
4.73203
4.23853
3.8395
3.55128
3.3293
3.13439
2.93373
2.74378
2.59125
2.4359
2.27302
2.13791
2.04735
1.98023
1.91372
1.82771
1.7101
1.55896
1.37961
1.17996
0.965848
0.739278
0.499651
0.246017
-0.021401
-0.300928
-0.590059
-0.88617
-1.18711
-1.49145
-1.79852
-2.10808
-2.42003
-2.73383
-3.04822
-3.361
-3.66911
-3.96888
-4.25667
-4.52929
-4.78443
-5.0208
-5.2379
-5.43567
-5.61389
-5.77186
-5.90814
-6.02061
-6.10693
-6.16497
-6.19337
-6.19177
-6.16084
-6.10204
-6.01752
-5.9089
-5.77885
-5.62749
-5.48116
-5.33097
-5.17492
-4.96817
-4.79518
-4.48941
-4.37994
-3.84687
-4.05671
-2.88955
-4.15859
-1.13294
-5.64514
8.26021
8.53531
8.75456
8.91305
9.01698
9.08554
9.14023
9.19286
9.24596
9.29971
9.35408
9.40873
9.46337
9.51753
9.57072
9.6225
9.67249
9.72038
9.76592
9.80891
9.8492
9.88664
9.92115
9.95268
9.98121
10.0068
10.0295
10.0495
10.0671
10.0825
10.0961
10.1082
10.1193
10.1295
10.1393
10.1489
10.1585
10.1683
10.1785
10.1889
10.1996
10.2101
10.2201
10.2289
10.2355
10.2393
10.2392
10.2345
10.2248
10.2096
10.1886
10.1618
10.1287
10.0889
10.0415
9.98519
9.91827
9.83888
9.74511
9.63535
9.50847
9.36405
9.20245
9.02475
8.83303
8.62992
8.41738
8.22834
8.05956
7.87952
7.68958
7.49185
7.28477
7.08689
6.83563
6.76582
6.18773
7.03228
4.26676
10.0077
6.98307
6.75799
6.51211
6.26886
6.02681
5.78415
5.54076
5.29538
5.00029
4.59913
4.14009
3.72951
3.39956
3.1385
2.92679
2.74942
2.59394
2.46523
2.40205
2.3673
2.3205
2.27371
2.23087
2.17918
2.10772
2.00129
1.8565
1.68316
1.49259
1.29148
1.08216
0.86398
0.634837
0.392892
0.137653
-0.130055
-0.40857
-0.695975
-0.990479
-1.29056
-1.59488
-1.90219
-2.21103
-2.51953
-2.82533
-3.12558
-3.41711
-3.69684
-3.96205
-4.21072
-4.4416
-4.65408
-4.84792
-5.02287
-5.17838
-5.31336
-5.4263
-5.51552
-5.57952
-5.61731
-5.6287
-5.61422
-5.57496
-5.5126
-5.42821
-5.32394
-5.19937
-5.07682
-4.94818
-4.81459
-4.6326
-4.48325
-4.20644
-4.11657
-3.62128
-3.83407
-2.73089
-3.96089
-1.06059
-5.45874
7.18304
7.35488
7.48848
7.58487
7.65289
7.70708
7.75913
7.81328
7.86955
7.92798
7.98871
8.05173
8.11696
8.18416
8.253
8.32308
8.39401
8.46539
8.53683
8.60797
8.67846
8.74794
8.81605
8.88243
8.94668
9.00842
9.06724
9.12281
9.17485
9.22319
9.26777
9.30867
9.34608
9.3803
9.41172
9.44076
9.46784
9.49332
9.51748
9.54044
9.56215
9.58235
9.60062
9.61639
9.62902
9.63785
9.64235
9.64208
9.63685
9.62657
9.61127
9.59091
9.56532
9.53402
9.49615
9.45043
9.39527
9.32882
9.24922
9.15487
9.04456
8.91771
8.77446
8.61563
8.44299
8.25872
8.06442
7.89043
7.73438
7.56721
7.3905
7.20641
7.01425
6.82968
6.59943
6.53045
6.00232
6.79066
4.1647
9.72894
6.02155
5.92658
5.81888
5.70464
5.58829
5.47075
5.34989
5.22164
5.05587
4.83574
4.61006
4.40977
4.22099
4.03946
3.86442
3.70648
3.58095
3.48397
3.41425
3.41939
3.46898
3.43935
3.34366
3.21485
3.04132
2.8308
2.58898
2.32157
2.0408
1.75844
1.4807
1.20853
0.939582
0.670349
0.397967
0.120983
-0.160768
-0.446713
-0.736019
-1.02779
-1.32108
-1.61487
-1.90793
-2.19874
-2.48545
-2.76587
-3.03759
-3.29822
-3.54557
-3.77792
-3.994
-4.19302
-4.3745
-4.53804
-4.68314
-4.80905
-4.91483
-4.99943
-5.062
-5.10203
-5.1195
-5.11485
-5.08884
-5.04268
-4.97688
-4.89309
-4.79046
-4.68777
-4.57752
-4.4634
-4.30365
-4.17561
-3.92609
-3.85412
-3.39566
-3.60963
-2.5696
-3.75842
-0.98431
-5.26537
6.0937
6.1661
6.22752
6.28055
6.32815
6.3736
6.41967
6.46749
6.51741
6.56983
6.62514
6.68365
6.74566
6.81127
6.88047
6.9531
7.02892
7.10755
7.18861
7.27167
7.35631
7.44212
7.52872
7.61571
7.70274
7.78943
7.87538
7.9602
8.04351
8.12494
8.20414
8.28082
8.35475
8.42577
8.49374
8.55863
8.62039
8.67898
8.73432
8.78629
8.83466
8.87909
8.91918
8.95448
8.98451
9.00887
9.02727
9.03955
9.04576
9.04603
9.04057
9.02953
9.0129
8.99039
8.96135
8.92479
8.87938
8.82355
8.75568
8.67432
8.57829
8.46695
8.34024
8.19875
8.04394
7.87755
7.7008
7.54146
7.39784
7.24323
7.07924
6.90803
6.72978
6.5576
6.34741
6.27888
5.8008
6.53191
4.052
9.43076
5.22625
5.20288
5.16048
5.11719
5.0763
5.03716
4.99819
4.9579
4.91154
4.87367
4.85685
4.87005
4.91087
4.95124
4.96555
4.93659
4.87253
4.79914
4.72291
4.64573
4.59285
4.56091
4.45221
4.25486
4.00045
3.67976
3.30698
2.91643
2.52632
2.14475
1.77743
1.4272
1.09342
0.773242
0.463258
0.160766
-0.135686
-0.426624
-0.712267
-0.992832
-1.26855
-1.53953
-1.80566
-2.06648
-2.32124
-2.56885
-2.80795
-3.03708
-3.25476
-3.45967
-3.65068
-3.82689
-3.98763
-4.13231
-4.26043
-4.37144
-4.46478
-4.53995
-4.59657
-4.63447
-4.65374
-4.65469
-4.63772
-4.60359
-4.55224
-4.48478
-4.40011
-4.31394
-4.21928
-4.12183
-3.98186
-3.87276
-3.64881
-3.59286
-3.17061
-3.38357
-2.40749
-3.55117
-0.90679
-5.0624
5.22784
5.25091
5.27875
5.31182
5.34617
5.38077
5.41626
5.45304
5.49141
5.53177
5.57464
5.62055
5.67002
5.72353
5.78143
5.84396
5.91121
5.98308
6.05937
6.13975
6.2238
6.31104
6.40103
6.4933
6.58744
6.68306
6.77982
6.87741
6.97556
7.07399
7.1724
7.27051
7.36798
7.46445
7.55948
7.65264
7.74344
7.83136
7.91586
7.99637
8.0723
8.14306
8.20807
8.26676
8.31865
8.36335
8.4006
8.43027
8.4524
8.46715
8.47473
8.47536
8.46913
8.45594
8.43545
8.40704
8.36979
8.3226
8.26426
8.1936
8.1096
8.01162
7.89951
7.77363
7.63517
7.48549
7.32546
7.18028
7.04879
6.90654
6.755
6.59628
6.43128
6.27081
6.07971
6.01124
5.5836
6.25453
3.93152
9.10761
4.37379
4.34489
4.33027
4.30142
4.26312
4.22368
4.18653
4.15348
4.12605
4.10011
4.07233
4.09445
4.15936
4.21286
4.24083
4.23839
4.19822
4.11998
4.01813
3.8999
3.75103
3.59143
3.45516
3.28967
3.07939
2.84865
2.5667
2.22869
1.8782
1.54195
1.22376
0.921702
0.633965
0.358116
0.0912666
-0.168824
-0.423148
-0.671759
-0.91441
-1.15103
-1.38181
-1.60707
-1.82704
-2.04177
-2.25106
-2.45442
-2.65119
-2.84048
-3.02131
-3.19262
-3.3533
-3.50229
-3.63869
-3.76169
-3.87071
-3.96531
-4.04516
-4.11007
-4.15996
-4.19492
-4.215
-4.22032
-4.21088
-4.18695
-4.14798
-4.09452
-4.02525
-3.95334
-3.87229
-3.78929
-3.66701
-3.57447
-3.37479
-3.33213
-2.94682
-3.15466
-2.24708
-3.33622
-0.832829
-4.84502
4.39907
4.42569
4.4581
4.4936
4.53085
4.56991
4.61062
4.65266
4.6959
4.74042
4.78644
4.83429
4.88438
4.93717
4.99317
5.05284
5.11659
5.18469
5.25731
5.33442
5.41588
5.50138
5.59055
5.68293
5.77803
5.87536
5.97448
6.07499
6.17655
6.27888
6.38174
6.48489
6.58812
6.69116
6.7937
6.89536
6.99569
7.09419
7.19025
7.28324
7.37248
7.45727
7.53689
7.61066
7.67792
7.73812
7.79075
7.83547
7.87205
7.90037
7.92042
7.93226
7.93589
7.93133
7.91843
7.89688
7.86624
7.82586
7.77498
7.71283
7.63865
7.55186
7.45228
7.34013
7.21636
7.08199
6.93759
6.80594
6.68623
6.55609
6.41689
6.27054
6.11846
5.96938
5.79659
5.72746
5.35219
5.95539
3.81022
8.74877
3.8778
3.83761
3.80765
3.76865
3.71701
3.65541
3.58652
3.51421
3.44202
3.31831
3.06964
2.82742
2.67406
2.53835
2.38652
2.21738
2.0421
1.87279
1.71779
1.57992
1.43959
1.23438
0.925324
0.619434
0.43943
0.34118
0.260683
0.202024
0.136447
0.0383257
-0.0836432
-0.21399
-0.345278
-0.47718
-0.612207
-0.752627
-0.898875
-1.04989
-1.20423
-1.36077
-1.51887
-1.67798
-1.83755
-1.99689
-2.15525
-2.31186
-2.46587
-2.61637
-2.76226
-2.90237
-3.03542
-3.1601
-3.27528
-3.37999
-3.47351
-3.5554
-3.62544
-3.68359
-3.72988
-3.76445
-3.7873
-3.79828
-3.79708
-3.78346
-3.75647
-3.71626
-3.66131
-3.60243
-3.53391
-3.46377
-3.358
-3.27949
-3.10378
-3.07021
-2.725
-2.91977
-2.09113
-3.11
-0.768866
-4.60794
3.91644
3.9595
4.00601
4.0556
4.10749
4.16131
4.21648
4.2725
4.32897
4.38565
4.44239
4.49912
4.55592
4.61301
4.67075
4.72958
4.79002
4.85258
4.91776
4.98597
5.05749
5.13247
5.21091
5.29264
5.37736
5.4647
5.55417
5.64528
5.73756
5.83057
5.92389
6.01719
6.11021
6.20272
6.29453
6.38543
6.47524
6.56378
6.65076
6.73585
6.81867
6.89872
6.97548
7.04834
7.1166
7.17957
7.23655
7.28684
7.32988
7.36513
7.39221
7.41084
7.42077
7.42188
7.41409
7.39722
7.37109
7.33548
7.28993
7.2341
7.16749
7.08962
7.00034
6.89984
6.78885
6.66807
6.53793
6.41889
6.3103
6.19183
6.06469
5.9306
5.79118
5.65326
5.49837
5.42686
5.10916
5.62965
3.69699
8.34647
4.19552
4.15747
4.13015
4.10955
4.09025
4.06501
4.02698
3.97327
3.90328
3.76493
3.44722
2.98596
2.57174
2.25085
1.98303
1.7326
1.48342
1.23472
0.993724
0.767273
0.558039
0.351682
0.080744
-0.378469
-0.904405
-1.01483
-1.03241
-1.04512
-1.02948
-1.00229
-0.987686
-0.987492
-0.997883
-1.01821
-1.04768
-1.08584
-1.13345
-1.19142
-1.25975
-1.33766
-1.42412
-1.51819
-1.61896
-1.72548
-1.83674
-1.95163
-2.06896
-2.18749
-2.3058
-2.42242
-2.53581
-2.64442
-2.74689
-2.84207
-2.92907
-3.00733
-3.0766
-3.13685
-3.18814
-3.23052
-3.26388
-3.28791
-3.302
-3.30549
-3.29713
-3.27653
-3.24218
-3.20101
-3.14998
-3.09601
-3.01297
-2.94913
-2.80677
-2.77692
-2.48935
-2.65483
-1.93715
-2.85389
-0.723153
-4.34457
4.2327
4.27867
4.3251
4.37241
4.42059
4.46953
4.51898
4.56871
4.61843
4.66783
4.71662
4.76449
4.81125
4.85679
4.90109
4.94424
4.9865
5.02822
5.06983
5.11181
5.15464
5.19878
5.24461
5.29238
5.34226
5.39428
5.44836
5.50429
5.5618
5.6206
5.68032
5.74061
5.80119
5.86185
5.92235
5.98253
6.04238
6.10188
6.16098
6.21966
6.27785
6.33539
6.39211
6.44764
6.50144
6.55294
6.60139
6.64594
6.6858
6.7201
6.74809
6.76912
6.78254
6.78796
6.78515
6.77382
6.75381
6.72507
6.68739
6.64059
6.58444
6.51861
6.44301
6.35772
6.26324
6.15994
6.04821
5.94546
5.85137
5.74837
5.63748
5.5201
5.39796
5.27545
5.14504
5.06957
4.83233
5.23334
3.59584
7.85333
4.54908
4.50743
4.47521
4.45306
4.43699
4.42055
4.39956
4.37266
4.33956
4.29148
4.17713
3.87438
3.40805
2.99685
2.70132
2.47396
2.27344
2.07641
1.87068
1.65392
1.43553
1.2341
1.05902
0.879094
0.619572
0.285234
0.0686886
-0.0352269
-0.104315
-0.136753
-0.159516
-0.20455
-0.263143
-0.32137
-0.377427
-0.434982
-0.496329
-0.562276
-0.633406
-0.71009
-0.792253
-0.879474
-0.971446
-1.06811
-1.16932
-1.27468
-1.38341
-1.49452
-1.6068
-1.71889
-1.82942
-1.93709
-2.04065
-2.139
-2.23141
-2.31735
-2.39664
-2.46924
-2.53519
-2.5945
-2.64692
-2.69199
-2.72888
-2.75663
-2.77367
-2.77912
-2.77132
-2.75321
-2.72324
-2.69072
-2.6319
-2.59027
-2.4769
-2.46671
-2.21819
-2.39206
-1.73604
-2.63194
-0.612889
-4.17619
4.58772
4.62855
4.66856
4.70808
4.74739
4.78658
4.82581
4.86519
4.90469
4.9442
4.98348
5.02221
5.06009
5.09679
5.13194
5.16524
5.19654
5.22577
5.25303
5.27849
5.30242
5.32524
5.34734
5.36908
5.39088
5.41301
5.43572
5.45909
5.48314
5.50781
5.53299
5.55848
5.58416
5.60988
5.63549
5.66094
5.68628
5.71158
5.73695
5.76254
5.78852
5.81499
5.84205
5.86956
5.89736
5.92513
5.95232
5.9783
6.00239
6.02381
6.04172
6.05543
6.06418
6.06736
6.06455
6.05535
6.03943
6.01662
5.98668
5.94943
5.90465
5.85207
5.79155
5.72306
5.6469
5.56313
5.47199
5.38771
5.31019
5.22503
5.13315
5.03569
4.93434
4.83226
4.72821
4.66237
4.48673
4.84177
3.36135
7.53565
4.49354
4.46305
4.44086
4.42751
4.41826
4.40623
4.38743
4.36319
4.33718
4.31279
4.27317
4.14965
3.82466
3.39308
3.04997
2.81941
2.64973
2.50729
2.37866
2.25762
2.13942
2.02211
1.90889
1.80542
1.7091
1.58885
1.30444
0.711448
0.413193
0.273693
0.180204
0.147989
0.140863
0.123122
0.0888344
0.0466112
0.0020338
-0.0444943
-0.094396
-0.149069
-0.209482
-0.27597
-0.348642
-0.427804
-0.513773
-0.606596
-0.705827
-0.810571
-0.919486
-1.03103
-1.14358
-1.25563
-1.36564
-1.47227
-1.57454
-1.67177
-1.7636
-1.84994
-1.9308
-2.00616
-2.07578
-2.13922
-2.19559
-2.24381
-2.28224
-2.30966
-2.32438
-2.32596
-2.314
-2.29992
-2.2619
-2.23977
-2.15128
-2.15964
-1.94396
-2.13042
-1.52457
-2.41657
-0.484987
-4.01833
4.52306
4.556
4.58774
4.61842
4.64829
4.6775
4.70637
4.73516
4.76419
4.79362
4.82349
4.85384
4.88457
4.91546
4.94616
4.97631
5.0055
5.03337
5.05966
5.08412
5.10663
5.12723
5.14603
5.16322
5.17905
5.19372
5.2075
5.22059
5.2331
5.24511
5.25669
5.26777
5.27834
5.28837
5.29778
5.3066
5.31488
5.32267
5.33011
5.33738
5.34464
5.35206
5.35977
5.3678
5.37619
5.3848
5.39333
5.40146
5.40876
5.41474
5.41878
5.42035
5.4189
5.41388
5.40488
5.3915
5.37341
5.3504
5.32221
5.28864
5.24951
5.20454
5.15354
5.09649
5.03349
4.96436
4.8893
4.81994
4.75607
4.68599
4.61055
4.53082
4.44833
4.36563
4.28587
4.2322
4.1115
4.44084
3.0899
7.22357
3.50745
3.47758
3.45329
3.4303
3.40712
3.3826
3.35412
3.32189
3.28876
3.25712
3.22587
3.18469
3.11761
3.01333
2.87251
2.7435
2.62433
2.51521
2.44259
2.37249
2.28091
2.16433
2.03103
1.89228
1.7586
1.63424
1.50648
1.35552
1.14914
0.949142
0.830261
0.731483
0.676328
0.6451
0.600509
0.541962
0.48335
0.430391
0.381464
0.332724
0.280672
0.223443
0.160542
0.0917009
0.0163566
-0.0661209
-0.15596
-0.252791
-0.355532
-0.46272
-0.572746
-0.684129
-0.795385
-0.905189
-1.01255
-1.11661
-1.21682
-1.31289
-1.4046
-1.49173
-1.57389
-1.65057
-1.72083
-1.78359
-1.83722
-1.88044
-1.91157
-1.92783
-1.92952
-1.9295
-1.90807
-1.90131
-1.83389
-1.85682
-1.6714
-1.86584
-1.31082
-2.19146
-0.355669
-3.82933
3.54554
3.59212
3.63767
3.68171
3.72484
3.76688
3.80791
3.84805
3.88758
3.92675
3.96578
4.00497
4.04454
4.08461
4.12514
4.16606
4.20709
4.24794
4.28831
4.3278
4.36609
4.40292
4.43811
4.47156
4.50325
4.53318
4.56141
4.58803
4.61307
4.63656
4.65854
4.67894
4.69774
4.71491
4.73035
4.74411
4.75619
4.76663
4.77554
4.78306
4.78934
4.79456
4.79884
4.80231
4.80504
4.80706
4.80826
4.80849
4.80756
4.80522
4.80114
4.79499
4.78648
4.77523
4.76102
4.74359
4.72269
4.69825
4.67008
4.63806
4.60207
4.56191
4.51746
4.46872
4.41564
4.35789
4.2957
4.23854
4.18605
4.12881
4.06762
4.00351
3.93785
3.87312
3.81545
3.77461
3.7051
4.00966
2.79761
6.8284
2.81182
2.79339
2.78665
2.78068
2.77073
2.75479
2.73375
2.70999
2.68593
2.66257
2.63945
2.61449
2.58606
2.55701
2.53126
2.49024
2.3993
2.31119
2.18664
2.01752
1.91605
1.85706
1.81615
1.77482
1.72558
1.6705
1.61436
1.55674
1.49007
1.39864
1.29866
1.3204
1.24477
1.10067
0.99898
0.934242
0.88442
0.836087
0.787783
0.738438
0.68484
0.62536
0.560432
0.490748
0.41612
0.335774
0.249196
0.156524
0.058636
-0.0431263
-0.147389
-0.25296
-0.358869
-0.464278
-0.568584
-0.671236
-0.771766
-0.869823
-0.965039
-1.05699
-1.14506
-1.22853
-1.30636
-1.37737
-1.43999
-1.49289
-1.53444
-1.56025
-1.57126
-1.581
-1.57183
-1.5764
-1.52593
-1.55966
-1.40056
-1.59917
-1.09174
-1.95534
-0.217764
-3.61027
2.83881
2.86561
2.89286
2.92
2.94749
2.97494
3.00226
3.02933
3.05616
3.08285
3.10955
3.1365
3.164
3.19234
3.2218
3.2526
3.2848
3.31843
3.35343
3.38964
3.42685
3.46477
3.5032
3.54192
3.58077
3.61959
3.65823
3.69662
3.73463
3.77211
3.8089
3.84474
3.87944
3.91271
3.94423
3.97377
4.00113
4.02609
4.04855
4.06844
4.08574
4.10056
4.11295
4.12302
4.13086
4.13657
4.14023
4.14181
4.14128
4.13861
4.13368
4.12639
4.11664
4.10424
4.08916
4.0713
4.05058
4.02699
4.00052
3.97113
3.93881
3.90347
3.86509
3.82376
3.77939
3.73162
3.68076
3.63436
3.59197
3.54618
3.49774
3.44766
3.39711
3.34883
3.31063
3.28244
3.25807
3.53782
2.46277
6.35811
2.33023
2.32705
2.32237
2.31158
2.29268
2.26845
2.24304
2.21907
2.19684
2.17501
2.15153
2.12469
2.09366
2.05967
2.02478
1.98979
1.95876
1.93263
1.91199
1.90288
1.89403
1.85346
1.79649
1.74141
1.69801
1.65651
1.60866
1.55509
1.50101
1.44441
1.37752
1.28125
1.17687
1.15317
1.11327
1.06901
1.03781
1.0071
0.969307
0.925306
0.875228
0.819006
0.757695
0.692259
0.622506
0.547656
0.467429
0.382397
0.293749
0.202875
0.110905
0.0186052
-0.073706
-0.165921
-0.258074
-0.350112
-0.441838
-0.532931
-0.62291
-0.71113
-0.796778
-0.878907
-0.95636
-1.02793
-1.09212
-1.14768
-1.19312
-1.22317
-1.23898
-1.25407
-1.25281
-1.26466
-1.22694
-1.26786
-1.13063
-1.33008
-0.864204
-1.70646
-0.0631133
-3.35752
2.338
2.35184
2.36676
2.38265
2.39951
2.41709
2.43529
2.45385
2.47263
2.49147
2.51026
2.52899
2.54773
2.56662
2.58588
2.60572
2.62633
2.6479
2.67058
2.69446
2.71952
2.74576
2.77309
2.80145
2.83079
2.86103
2.8921
2.924
2.95667
2.99004
3.02398
3.05831
3.09285
3.12726
3.16117
3.19423
3.22604
3.2562
3.28435
3.31021
3.33349
3.35407
3.37186
3.38679
3.3989
3.40823
3.41489
3.4189
3.42035
3.41928
3.4157
3.40964
3.40113
3.39011
3.37662
3.36071
3.34237
3.32167
3.29866
3.27343
3.24601
3.21641
3.18471
3.15102
3.11529
3.07715
3.03703
3.00078
2.96783
2.93267
2.8959
2.85852
2.82154
2.78805
2.76638
2.74956
2.7631
3.01787
2.06849
5.81137
1.77619
1.78135
1.78745
1.77944
1.76019
1.73901
1.71941
1.70057
1.6808
1.65911
1.63503
1.60821
1.57852
1.54665
1.51465
1.48363
1.45484
1.43661
1.44664
1.48887
1.55878
1.68362
1.80115
1.81049
1.77178
1.71701
1.66792
1.62473
1.58568
1.54959
1.512
1.46614
1.41324
1.37099
1.36578
1.33204
1.2778
1.23376
1.1895
1.1326
1.06574
0.994344
0.920787
0.845263
0.767357
0.686154
0.600933
0.512248
0.421956
0.332251
0.244713
0.159944
0.0777724
-0.00238817
-0.0811985
-0.159172
-0.23656
-0.313365
-0.389376
-0.464202
-0.537247
-0.607785
-0.674851
-0.73745
-0.794264
-0.844232
-0.886085
-0.914549
-0.930321
-0.94606
-0.948087
-0.962939
-0.933554
-0.977791
-0.857795
-1.05418
-0.624397
-1.43655
0.110481
-3.03429
1.78228
1.79443
1.80653
1.81892
1.83217
1.8461
1.86078
1.87609
1.89193
1.90814
1.92452
1.94095
1.95731
1.97355
1.98966
2.0057
2.02173
2.0379
2.05435
2.07115
2.08841
2.10619
2.12456
2.14352
2.1631
2.18333
2.20424
2.22589
2.24834
2.27165
2.29584
2.32089
2.34677
2.37331
2.4003
2.4275
2.45457
2.48111
2.50674
2.5311
2.55379
2.57452
2.59302
2.6091
2.62266
2.6336
2.64193
2.64768
2.65088
2.65161
2.64993
2.64594
2.63972
2.63131
2.6208
2.60826
2.59374
2.57733
2.55909
2.53911
2.51746
2.49417
2.46944
2.4434
2.416
2.38701
2.35699
2.33012
2.30595
2.28051
2.25428
2.22817
2.20284
2.18164
2.1722
2.16259
2.20363
2.43184
1.58656
5.13434
1.28708
1.27707
1.2624
1.24244
1.22455
1.21183
1.20042
1.18529
1.16494
1.14128
1.11723
1.09438
1.07259
1.05097
1.02925
1.00796
0.987262
0.968549
0.960368
0.978622
1.03071
1.0865
1.17601
1.40335
1.6374
1.69553
1.68124
1.63963
1.59717
1.56194
1.53653
1.51508
1.49293
1.46921
1.4406
1.42833
1.41515
1.35364
1.28499
1.22327
1.1572
1.07863
0.993058
0.906921
0.82088
0.734865
0.649303
0.564253
0.47952
0.395678
0.31415
0.236182
0.162058
0.091241
0.0229664
-0.0432738
-0.107592
-0.169903
-0.230047
-0.287927
-0.34342
-0.396385
-0.44645
-0.493202
-0.535841
-0.573718
-0.605901
-0.628043
-0.639909
-0.652487
-0.653984
-0.668383
-0.643629
-0.688328
-0.581268
-0.771583
-0.372957
-1.14103
0.297697
-2.59676
1.2958
1.30481
1.31413
1.32347
1.33285
1.34238
1.35217
1.36229
1.37273
1.38345
1.39435
1.40535
1.41636
1.42726
1.43792
1.44829
1.45834
1.46811
1.47759
1.48683
1.49589
1.50486
1.51383
1.52281
1.53188
1.54115
1.5507
1.56063
1.57109
1.58224
1.59418
1.60707
1.621
1.63598
1.65199
1.66897
1.68673
1.705
1.72347
1.74186
1.75976
1.77684
1.79278
1.80731
1.82018
1.83121
1.84028
1.84734
1.85233
1.85526
1.85616
1.85509
1.8521
1.84727
1.84069
1.83242
1.82253
1.81113
1.79829
1.78412
1.76867
1.752
1.73436
1.71586
1.69648
1.67612
1.6555
1.6375
1.62116
1.60409
1.58664
1.56963
1.55347
1.54189
1.54123
1.53535
1.59199
1.79203
1.02843
4.26766
0.711593
0.704665
0.7016
0.696892
0.694196
0.693322
0.692338
0.688994
0.68198
0.671861
0.660594
0.649917
0.640277
0.630982
0.621157
0.610538
0.599204
0.58698
0.575372
0.57121
0.584714
0.612476
0.642492
0.67434
0.740675
0.916728
1.12192
1.20254
1.20496
1.18038
1.15571
1.14468
1.15722
1.18515
1.20983
1.23171
1.26599
1.36405
1.4481
1.43849
1.40853
1.36722
1.29464
1.18605
1.05292
0.912305
0.780117
0.662108
0.556619
0.460253
0.370549
0.286569
0.208406
0.13629
0.0701162
0.0096103
-0.0453338
-0.0947053
-0.138554
-0.177242
-0.211384
-0.24172
-0.268827
-0.293149
-0.314664
-0.333359
-0.348878
-0.359041
-0.362114
-0.366635
-0.362694
-0.371757
-0.347225
-0.386685
-0.292043
-0.461175
-0.116443
-0.763354
0.425466
-1.82161
0.714366
0.708316
0.702801
0.697694
0.692961
0.688689
0.684946
0.681854
0.679456
0.677781
0.676849
0.676671
0.677213
0.678361
0.680014
0.682078
0.684481
0.687135
0.689901
0.69275
0.695639
0.698541
0.701441
0.704337
0.707245
0.710205
0.713304
0.716622
0.720328
0.724604
0.729622
0.735613
0.742766
0.751262
0.76122
0.772725
0.785763
0.800204
0.815878
0.832505
0.849738
0.867219
0.884576
0.901401
0.917316
0.932
0.945161
0.956586
0.966137
0.973721
0.979331
0.982983
0.984762
0.984772
0.983166
0.980071
0.975639
0.970044
0.963371
0.955734
0.947194
0.937848
0.927892
0.91743
0.906437
0.894883
0.883612
0.873831
0.865373
0.857077
0.849047
0.841517
0.833638
0.827668
0.827238
0.811376
0.851678
1.0166
0.333651
2.92329
0.0474829
0.065516
0.073267
0.0867285
0.107338
0.129612
0.15076
0.170082
0.187604
0.20386
0.21972
0.23588
0.252423
0.268801
0.284218
0.298093
0.310256
0.320669
0.329235
0.336543
0.343557
0.350493
0.357233
0.364072
0.374246
0.392492
0.431524
0.514286
0.620975
0.694276
0.730407
0.746074
0.753092
0.755771
0.754475
0.74568
0.720664
0.668732
0.647199
0.70673
0.609398
0.389882
0.226474
0.148402
0.135095
0.157758
0.191675
0.213374
0.213753
0.198137
0.176093
0.153824
0.132589
0.110978
0.0878039
0.0632947
0.0387824
0.015775
-0.00465415
-0.0221065
-0.0367393
-0.0490407
-0.0594917
-0.0685405
-0.0762957
-0.0830064
-0.0886924
-0.0927324
-0.0925079
-0.0939691
-0.0901537
-0.0972278
-0.0808767
-0.111097
-0.049569
-0.161693
0.0493307
-0.320379
0.34947
-0.787895
0.0185465
-0.0102698
-0.0377342
-0.0638854
-0.089194
-0.113517
-0.136845
-0.15908
-0.180128
-0.199837
-0.218064
-0.23467
-0.249549
-0.262601
-0.273728
-0.282868
-0.289974
-0.295046
-0.298107
-0.29918
-0.298339
-0.295637
-0.291146
-0.284963
-0.277208
-0.267979
-0.257369
-0.245461
-0.232284
-0.217872
-0.20221
-0.185233
-0.166859
-0.147001
-0.1256
-0.102609
-0.0780453
-0.0519948
-0.0246379
0.00374028
0.0327848
0.0620877
0.0911906
0.119592
0.146823
0.172435
0.196044
0.217347
0.236142
0.252332
0.265902
0.276905
0.285484
0.291808
0.2961
0.298574
0.299473
0.299045
0.297465
0.294928
0.291585
0.287605
0.283205
0.278535
0.273626
0.268485
0.263874
0.261388
0.257427
0.252432
0.246489
0.24039
0.23482
0.233677
0.241517
0.24431
0.278681
0.366228
0.00612107
1.22142
)
;

boundaryField
{
    inlet
    {
        type            freestreamPressure;
        freestreamValue uniform 0;
        value           nonuniform List<scalar> 
134
(
0.979734
0.350704
-0.31542
-0.904272
-1.34174
-1.62688
-1.70975
-1.58389
-1.25112
-0.60966
-0.112886
-0.172958
-0.285263
-0.393534
-0.504895
-0.622787
-0.748137
-0.881627
-1.0251
-1.18181
1.58546
-1.35613
-1.55019
-1.7551
-1.94822
-2.08972
-2.16172
-2.28554
-2.29383
-2.34363
-2.80376
-2.58236
-2.5974
-2.65274
-2.69471
-2.71758
-2.73956
-2.78947
-2.90817
-3.04735
2.14764
2.71797
3.18737
3.42517
3.33304
2.74284
1.47811
-3.35949
-3.28887
-3.17829
-3.10736
-3.05465
-2.99459
-2.9265
-2.85674
-2.78686
-2.7154
-2.64124
-2.56439
-2.48513
-2.40329
-2.31835
-2.22915
-2.13356
-2.02926
-1.91331
-1.83916
-1.76962
-1.68631
-1.5897
-1.47822
-1.33565
-1.14274
-0.801357
-0.346434
0.513384
1.12412
1.79658
2.45614
3.09384
3.69615
4.20568
4.5941
4.87143
5.04713
5.14524
5.19251
5.21224
5.22342
5.25395
5.34834
5.52354
5.71455
5.87135
6.00032
6.11245
6.20962
6.28831
6.34681
6.38631
6.41026
6.42672
6.45209
6.52778
6.7165
7.1201
7.28996
7.12045
6.9271
6.8053
6.70568
6.59079
6.46406
6.33565
6.20698
6.07542
5.93918
5.79728
5.64861
5.49144
5.3233
5.14111
4.9388
4.71198
4.43389
4.25495
4.07927
3.85676
3.59189
3.28388
2.90225
2.41331
1.65378
0.691475
)
;
    }
    outlet
    {
        type            freestreamPressure;
        freestreamValue uniform 0;
        value           nonuniform List<scalar> 
160
(
0.000198686
0.000102192
0.000260143
7.9331e-06
0.000285635
-8.19644e-05
0.000329401
-0.000167436
0.000396124
-0.00024993
0.00046817
-0.000329007
0.000536488
-0.000404596
0.00059873
-0.00047638
0.00065493
-0.000544062
0.000706843
-0.000607169
0.000757338
-0.000665285
0.000808705
-0.000718018
0.000861217
-0.00076508
0.000913088
-0.000806214
0.000961755
-0.000841173
0.00100536
-0.000869817
0.00104333
-0.000892051
0.00107555
-0.000907922
0.00110172
-0.000917539
0.00112367
-0.000920997
0.00114458
-0.000918552
0.00116528
-0.000910367
0.00118554
-0.000896676
0.00120577
-0.000877778
0.00123622
-0.000854032
0.00129167
-0.000825735
0.00141155
-0.00079316
0.0016687
-0.000756547
0.00200109
-0.000715976
0.00222953
-0.000671549
0.0023486
-0.000623213
0.00240769
-0.000570775
0.00243848
-0.000513992
0.00245321
-0.000452599
0.00245338
-0.000386431
0.00243193
-0.00031534
0.00236568
-0.000239382
0.00222202
-0.000158807
0.00219984
-7.41487e-05
0.00242909
1.37491e-05
0.00211272
0.000103839
0.00137543
0.000194914
0.000814184
0.000285618
0.000540005
0.000374458
0.000486438
0.000460033
0.000554378
0.000540998
0.000660047
0.000616181
0.000726201
0.000684657
0.000723273
0.000745786
0.000668321
0.000799237
0.000592399
0.000844922
0.000515986
0.000882964
0.000443498
0.000913744
0.000370527
0.00093775
0.000293234
0.000955613
0.000212252
0.00096797
0.000131737
0.000975541
5.64176e-05
0.000979079
-1.03473e-05
0.000979117
-6.73405e-05
0.000976243
-0.000115118
0.00097093
-0.000155299
0.0009637
-0.000189485
0.000955249
-0.000219168
0.000946065
-0.000244742
0.00093624
-0.000267032
0.000925794
-0.000286128
0.000917309
-0.000299888
0.000915346
-0.000299872
0.00090746
-0.000305182
0.000896429
-0.000293862
0.000882427
-0.000317269
0.000868311
-0.000265867
0.000856561
-0.00036388
0.000861543
-0.000165514
0.000900948
-0.000528054
0.000924369
0.000170211
0.00106897
-0.0010166
0.00142908
0.00131289
2.50213e-05
-0.00222016
0.0046592
)
;
    }
    walls
    {
        type            zeroGradient;
    }
    frontAndBack
    {
        type            empty;
    }
}


// ************************************************************************* //
