/*--------------------------------*- C++ -*----------------------------------*\
| =========                 |                                                 |
| \\      /  F ield         | OpenFOAM: The Open Source CFD Toolbox           |
|  \\    /   O peration     | Version:  2312                                  |
|   \\  /    A nd           | Website:  www.openfoam.com                      |
|    \\/     M anipulation  |                                                 |
\*---------------------------------------------------------------------------*/
FoamFile
{
    version     2.0;
    format      ascii;
    arch        "LSB;label=32;scalar=64";
    class       volScalarField;
    location    "100";
    object      p;
}
// * * * * * * * * * * * * * * * * * * * * * * * * * * * * * * * * * * * * * //

dimensions      [0 2 -2 0 0 0 0];

internalField   nonuniform List<scalar> 
10720
(
19.4026
-45.7261
-122.723
-200.162
-273.626
-349.211
-417.828
-477.162
-529.896
-572.813
-607.297
-634.325
-654.396
-668.69
-677.877
-681.524
-680.508
-673.778
-661.736
-642.046
-614.424
-577.64
-535.193
-491.166
-451.111
-415.783
-387.121
-336.196
-279.224
-245.072
-217.456
-183.166
-143.571
-101.157
-68.6473
-56.3778
-68.9361
-39.9331
5.39977
82.9789
140.255
199.131
252.587
296.28
325.629
337.867
338.577
328.983
308.659
283.413
257.502
232.386
208.853
187.457
167.642
149.275
131.83
115.009
98.2761
81.5482
64.4909
47.2634
30.2619
15.4847
4.17559
-4.76912
-11.9658
-17.5883
-21.5502
-23.8802
-24.7547
-24.2282
-22.4599
-19.6155
-15.7064
-11.1635
-3.53416
11.6432
97.3011
48.1009
-7.65616
-67.6855
-130.146
-194.793
-258.39
-318.895
-375.514
-426.519
-471.434
-510.066
-542.471
-568.784
-588.939
-602.658
-610.076
-610.87
-605.282
-591.965
-569.746
-538.302
-500.66
-462.582
-428.597
-390.953
-354.987
-322.991
-291.28
-256.724
-221.067
-183.593
-143.47
-101.3
-68.8013
-56.3
-69.3806
-40.8809
3.41049
141.094
182.259
222.511
260.316
292.246
315.385
327.392
329.069
320.98
304.774
283.969
261.361
238.407
216.023
194.835
174.831
155.965
137.964
120.576
103.435
86.4404
69.3402
52.2251
35.555
20.8966
9.15915
-0.474681
-8.34675
-14.4523
-18.7744
-21.4276
-22.6249
-22.4147
-20.9497
-18.3798
-14.6806
-10.342
-1.61466
13.5832
105.683
61.6616
11.4865
-44.3855
-103.076
-164.035
-225.666
-285.506
-342.035
-394.175
-440.669
-481.081
-515.117
-542.483
-563.258
-577.8
-586.363
-588.619
-584.443
-572.824
-553.008
-523.82
-488.133
-450.667
-416.247
-382.967
-348.972
-319.938
-290.12
-255.286
-219.061
-181.741
-142.607
-101.835
-69.7703
-56.1382
-69.8853
-40.871
3.03091
144.933
182.342
218.782
252.449
280.348
300.704
312.248
315.103
309.516
296.822
279.271
259.055
237.722
216.324
195.592
175.792
156.963
138.975
121.613
104.57
87.7007
70.8653
54.0851
37.7492
23.107
11.0734
1.20611
-6.8185
-13.0555
-17.539
-20.3739
-21.7364
-21.6598
-20.3
-17.7943
-14.1264
-9.55387
-0.738814
14.6872
118.504
81.524
38.8625
-8.51998
-58.8013
-111.977
-166.456
-220.569
-273.09
-322.871
-368.81
-410.193
-446.462
-477.252
-502.372
-521.882
-535.769
-543.461
-544.555
-538.323
-524.045
-501.668
-473.58
-440.791
-405.348
-379.864
-347.798
-317.794
-287.075
-252.848
-217.247
-180.426
-142.074
-102.589
-71.1895
-56.5916
-69.8683
-39.8342
4.92246
151.318
182.364
212.953
241.729
265.922
284.155
295.359
299.221
295.787
286.107
271.8
254.562
235.713
216.239
196.857
177.94
159.634
141.929
124.701
107.749
90.9636
74.2514
57.6405
41.5168
26.9057
14.6616
4.54814
-3.74714
-10.2908
-15.102
-18.2554
-19.9048
-20.0859
-18.9594
-16.6541
-13.126
-8.563
0.222957
15.905
119.581
86.7377
48.6772
6.15621
-39.0691
-87.416
-137.564
-188.032
-237.897
-286.037
-331.355
-373.049
-410.415
-442.895
-470.09
-491.811
-507.655
-517.306
-520.304
-516.144
-504.279
-484.951
-459.37
-430.101
-399.005
-373.739
-342.763
-312.934
-282.755
-249.642
-214.971
-178.929
-141.453
-103.159
-72.5113
-57.4153
-68.7732
-37.8394
7.06458
148.777
176.258
203.446
229.078
250.711
267.401
278.311
282.948
281.269
274.088
262.576
248.03
231.516
213.915
195.922
177.967
160.288
142.982
126.019
109.295
92.7248
76.2554
59.9453
44.1323
29.648
17.2688
6.93715
-1.59306
-8.37924
-13.434
-16.8122
-18.6689
-19.0338
-18.0672
-15.8865
-12.431
-7.8292
0.895155
15.9175
118.573
89.4648
55.5943
17.7795
-22.4095
-65.6557
-110.753
-156.521
-202.29
-247.053
-289.881
-330.026
-366.743
-399.4
-427.502
-450.671
-468.477
-480.654
-486.647
-485.869
-477.813
-462.65
-441.667
-417.861
-392.039
-364.873
-335.388
-306.732
-277.673
-245.811
-212.165
-177.021
-140.589
-103.531
-73.6736
-58.1502
-66.9523
-35.536
8.21573
144.469
168.78
193.028
216.069
235.645
251.131
261.761
266.934
266.624
261.447
252.291
240.172
225.934
210.318
193.954
177.265
160.53
143.91
127.451
111.123
94.8851
78.728
62.7285
47.1984
32.8413
20.3638
9.83964
1.09734
-5.9179
-11.219
-14.8499
-16.9542
-17.5519
-16.7973
-14.7956
-11.4737
-6.89817
1.72294
15.4784
114.974
88.7238
58.1042
23.9085
-12.3408
-51.5302
-92.5958
-134.51
-176.833
-218.675
-259.241
-297.867
-333.808
-366.407
-395.106
-419.402
-438.806
-452.817
-460.857
-462.312
-456.795
-444.55
-426.774
-405.809
-382.213
-355.427
-328.129
-300.902
-272.784
-241.98
-209.307
-175.075
-139.713
-103.894
-74.7762
-58.7576
-64.9453
-33.2773
9.45178
138.356
160.252
182.225
203.216
221.156
235.66
246.003
251.534
252.274
248.694
241.488
231.465
219.288
205.562
190.828
175.472
159.78
143.956
128.104
112.257
96.4254
80.637
64.9877
49.7714
35.5914
23.0856
12.4192
3.49623
-3.7279
-9.26332
-13.1376
-15.4712
-16.2761
-15.7031
-13.8502
-10.6311
-6.06672
2.43214
15.3831
110.333
86.5026
58.6578
27.5934
-5.22815
-40.802
-78.157
-116.399
-155.244
-193.939
-231.797
-268.267
-302.67
-334.37
-362.786
-387.366
-407.544
-422.777
-432.519
-436.171
-433.327
-424.187
-409.725
-391.651
-370.78
-346.116
-320.868
-294.862
-267.607
-237.88
-206.252
-173.005
-138.765
-104.227
-75.8308
-59.2972
-62.913
-31.1334
11.0717
131.598
151.48
171.56
190.851
207.435
221.1
231.145
236.906
238.439
236.119
230.509
222.268
211.923
199.959
186.829
172.859
158.323
143.436
128.337
113.103
97.7862
82.448
67.2027
52.3305
38.3655
25.8858
15.1199
6.04545
-1.36495
-7.11712
-11.2209
-13.7802
-14.8011
-14.428
-12.7482
-9.66185
-5.14647
3.17326
15.6024
105.028
83.2141
57.7011
29.2632
-0.676238
-33.1632
-67.3209
-102.345
-138.083
-173.878
-209.16
-243.485
-276.241
-306.841
-334.724
-359.314
-380.009
-396.239
-407.371
-412.795
-412.073
-405.407
-393.63
-377.996
-359.193
-336.831
-313.307
-288.479
-262.202
-233.615
-203.07
-170.84
-137.733
-104.477
-76.8157
-59.7699
-60.9006
-29.1693
12.4772
124.528
142.743
161.243
179.102
194.536
207.468
217.209
223.108
225.232
223.905
219.593
212.849
204.099
193.731
182.112
169.509
156.164
142.284
128.02
113.479
98.7494
83.9188
69.1175
54.6187
40.9044
28.503
17.6838
8.4903
0.917297
-5.03502
-9.36027
-12.1412
-13.375
-13.1954
-11.6807
-8.71975
-4.25631
3.86837
15.9498
99.4558
79.3694
55.8649
29.6995
2.25191
-27.5417
-58.8674
-90.9996
-123.878
-156.925
-189.675
-221.772
-252.677
-281.881
-308.851
-333.014
-353.775
-370.527
-382.633
-389.507
-390.683
-386.318
-377.087
-363.87
-347.215
-327.168
-305.343
-281.826
-256.656
-229.232
-199.784
-168.599
-136.629
-104.626
-77.7067
-60.1634
-58.9465
-27.419
13.3267
117.447
134.24
151.388
168.012
182.46
194.73
204.166
210.129
212.691
212.144
208.886
203.39
196.013
187.064
176.842
165.555
153.405
140.576
127.217
113.45
99.383
85.1255
70.8207
56.7349
43.3141
31.046
20.2241
10.9486
3.24108
-2.89032
-7.42219
-10.4156
-11.8589
-11.8756
-10.5342
-7.71273
-3.32597
4.57972
16.3321
93.8154
75.2231
53.4613
29.269
3.9878
-23.4534
-52.2912
-81.8642
-112.164
-142.691
-173.064
-203.008
-232.053
-259.758
-285.643
-309.168
-329.747
-346.776
-359.59
-367.622
-370.366
-367.929
-360.884
-349.844
-335.222
-317.279
-297.136
-274.982
-250.958
-224.695
-196.364
-166.264
-135.443
-104.66
-78.4738
-60.4787
-57.0743
-25.8669
13.7305
110.499
126.066
142.041
157.588
171.174
182.842
191.965
197.938
200.819
200.883
198.477
194.019
187.814
180.113
171.158
161.108
150.121
138.352
125.936
112.995
99.6485
86.0177
72.2531
58.6154
45.5264
33.4405
22.6635
13.3424
5.52797
-0.761456
-5.48594
-8.68401
-10.3331
-10.544
-9.37521
-6.69555
-2.39763
5.2818
16.692
88.2422
70.9607
50.7318
28.2768
4.89714
-20.4691
-47.0999
-74.3834
-102.355
-130.571
-158.717
-186.589
-213.782
-239.925
-264.589
-287.273
-307.425
-324.454
-337.692
-346.588
-350.634
-349.875
-344.785
-335.773
-323.09
-307.115
-288.671
-267.907
-245.061
-219.977
-192.802
-163.83
-134.166
-104.571
-79.0972
-60.7196
-55.2937
-24.4936
13.7709
103.783
118.277
133.219
147.814
160.636
171.747
180.557
186.496
189.603
190.144
188.428
184.831
179.619
173.004
165.185
156.278
146.4
135.676
124.217
112.139
99.5585
86.6023
73.4211
60.2705
47.5534
35.6988
25.0164
15.69
7.80048
1.37797
-3.52094
-6.91153
-8.75961
-9.16308
-8.16966
-5.6402
-1.44996
5.9882
17.0192
82.8192
66.6954
47.8259
26.9111
5.21416
-18.3102
-42.9768
-68.2111
-94.0829
-120.196
-146.284
-172.201
-197.603
-222.179
-245.558
-267.286
-286.85
-303.681
-317.129
-326.646
-331.743
-332.393
-328.989
-321.794
-310.915
-296.776
-279.995
-260.619
-238.977
-215.098
-189.107
-161.296
-132.793
-104.353
-79.5708
-60.8855
-53.6084
-23.2998
13.4931
97.3456
110.896
124.916
138.661
150.792
161.389
169.892
175.758
179.022
179.932
178.775
175.889
171.519
165.845
159.032
151.164
142.326
132.611
122.105
110.905
99.1199
86.8732
74.312
61.6842
49.3768
37.798
27.257
17.9654
10.0324
3.5023
-1.55218
-5.12292
-7.16273
-7.75558
-6.93782
-4.56364
-0.496333
6.68891
17.3072
77.5952
62.5031
44.8491
25.3109
5.11496
-16.7639
-39.673
-63.0664
-87.0419
-111.238
-135.429
-159.515
-183.205
-206.242
-228.311
-249.007
-267.854
-284.321
-297.783
-307.699
-313.617
-315.443
-313.497
-307.93
-298.73
-286.306
-271.125
-253.131
-232.721
-210.07
-185.282
-158.654
-131.311
-103.999
-79.8929
-60.9751
-52.0193
-22.3042
12.9508
91.2151
103.922
117.118
130.094
141.597
151.714
159.914
165.683
169.045
170.242
169.536
167.24
163.579
158.715
152.787
145.857
137.98
129.223
119.646
109.323
98.3495
86.8378
74.9274
62.8549
50.9926
39.7323
29.3786
20.1627
12.2201
5.61039
0.421861
-3.31383
-5.53596
-6.31397
-5.67234
-3.4601
0.467359
7.38575
17.5594
72.5992
58.4363
41.8763
23.5773
4.72769
-15.6734
-36.9993
-58.7352
-80.9924
-103.44
-125.887
-148.27
-170.344
-191.899
-212.665
-232.289
-250.337
-266.316
-279.639
-289.774
-296.306
-299.091
-298.385
-294.251
-286.588
-275.748
-262.092
-245.469
-226.31
-204.897
-181.323
-155.894
-129.71
-103.504
-80.0641
-60.9918
-50.5265
-21.5278
12.1849
85.4027
97.3501
109.798
122.075
133.001
142.666
150.571
156.222
159.639
161.055
160.712
158.904
155.843
151.676
146.523
140.431
133.435
125.575
116.888
107.426
97.2651
86.5039
75.2678
63.7778
52.3925
41.4898
31.3666
22.267
14.3495
7.68909
2.3894
-1.49477
-3.88879
-4.84663
-4.38047
-2.33573
1.43625
8.07435
17.778
67.8458
54.5271
38.959
21.783
4.14806
-14.9163
-34.8102
-55.0459
-75.7427
-96.5951
-117.443
-138.25
-158.806
-178.942
-198.436
-216.974
-234.171
-249.572
-262.63
-272.829
-279.794
-283.348
-283.681
-280.799
-274.524
-265.144
-252.935
-237.66
-219.756
-199.584
-177.227
-153.008
-127.982
-102.864
-80.0879
-60.9423
-49.1363
-20.9736
11.2182
79.9088
91.1668
102.931
114.568
124.958
134.197
141.816
147.335
150.771
152.351
152.303
150.898
148.343
144.773
140.297
134.95
128.751
121.721
113.876
105.248
95.8901
85.8832
75.3359
64.4512
53.5723
43.0626
33.2106
24.2673
16.4101
9.72951
4.34356
0.329457
-2.22419
-3.35496
-3.06279
-1.19098
2.41012
8.75403
17.9669
63.3417
50.7927
36.129
19.9775
3.4443
-14.4051
-32.9997
-51.8714
-71.1475
-90.546
-109.926
-129.272
-148.409
-167.202
-185.465
-202.929
-219.247
-234.006
-246.701
-256.84
-264.081
-268.233
-269.426
-267.619
-262.585
-254.542
-243.692
-229.73
-213.072
-194.134
-172.995
-149.993
-126.124
-102.082
-79.9695
-60.8327
-47.8588
-20.6232
10.0752
74.7273
85.3558
96.4904
107.537
117.431
126.264
133.603
138.981
142.409
144.111
144.297
143.227
141.099
138.041
134.154
129.465
123.984
117.716
110.66
102.827
94.2517
84.9934
75.1412
64.8778
54.5287
44.4435
34.9002
26.1516
18.3901
11.7206
6.27454
2.15055
-0.549093
-1.84454
-1.72389
-0.0296719
3.38634
9.42268
18.1293
59.0853
47.2415
33.4096
18.1941
2.66863
-14.0741
-31.482
-49.1112
-67.09
-85.1574
-103.189
-121.188
-139.004
-156.532
-173.618
-190.029
-205.459
-219.534
-231.79
-241.769
-249.15
-253.751
-255.641
-254.748
-250.813
-243.986
-234.402
-221.704
-206.273
-188.558
-168.633
-146.849
-124.135
-101.155
-79.7123
-60.6646
-46.704
-20.4474
8.7871
69.8477
79.8974
90.4513
100.951
110.379
118.829
125.895
131.123
134.524
136.311
136.686
135.893
134.126
131.507
128.131
124.022
119.182
113.608
107.283
100.202
92.3794
83.855
74.6964
65.0635
55.2626
45.6285
36.4274
27.9099
20.2789
13.6522
8.17331
3.96103
1.1304
-0.31995
-0.36728
1.14547
4.36315
10.0793
18.2693
55.0707
43.8773
30.8112
16.4596
1.85646
-13.87
-30.1918
-46.6827
-63.4759
-80.3234
-97.117
-113.872
-130.461
-146.801
-162.768
-178.159
-192.707
-206.075
-217.84
-227.578
-234.987
-239.905
-242.347
-242.218
-239.244
-233.513
-225.101
-213.612
-199.379
-182.868
-164.149
-143.579
-122.014
-100.084
-79.3175
-60.4368
-45.6761
-20.4194
7.38057
65.2575
74.7724
84.7885
94.7782
103.769
111.855
118.656
123.73
127.086
128.93
129.454
128.892
127.429
125.187
122.255
118.656
114.389
109.441
103.788
97.4098
90.3043
82.4907
74.0159
65.0166
55.7775
46.6162
37.7865
29.5335
22.0665
15.514
10.0304
5.75249
2.80722
1.21305
1.00241
2.33073
5.33846
10.7227
18.3904
51.291
40.7
28.3431
14.7899
1.03786
-13.7542
-29.0764
-44.524
-60.2286
-75.9562
-91.6097
-107.217
-122.666
-137.894
-152.803
-167.216
-180.9
-193.552
-204.789
-214.223
-221.57
-226.691
-229.556
-230.055
-227.913
-223.161
-215.826
-205.483
-192.412
-177.079
-159.55
-140.183
-119.759
-98.8654
-78.787
-60.1473
-44.7729
-20.5201
5.87399
60.9431
69.9625
79.4782
88.9913
97.5696
105.309
111.852
116.77
120.068
121.948
122.59
122.218
121.013
119.094
116.548
113.397
109.637
105.253
100.213
94.4872
88.0576
80.9261
73.1189
64.7495
56.0786
47.4063
38.9728
31.0144
23.7432
17.2963
11.8363
7.51625
4.474
2.74834
2.38017
3.52238
6.31015
11.3521
18.4959
47.7372
37.7065
26.0096
13.198
0.232589
-13.6956
-28.0967
-42.5833
-57.2859
-71.9828
-86.5879
-101.134
-115.528
-129.719
-143.629
-157.11
-169.953
-181.892
-192.578
-201.661
-208.874
-214.101
-217.275
-218.282
-216.849
-212.966
-206.612
-197.348
-185.395
-171.209
-154.848
-136.666
-117.371
-97.4994
-78.1234
-59.7953
-43.9867
-20.7367
4.28066
56.892
65.4495
74.4978
83.5631
91.7526
99.1621
105.455
110.217
113.447
115.343
116.077
115.863
114.877
113.235
111.024
108.264
104.955
101.076
96.5939
91.4677
85.6698
79.1867
72.0254
64.2753
56.1734
48.0011
39.9835
32.3463
25.3005
18.9891
13.5811
9.24318
6.12274
4.27898
3.76029
4.71607
7.27591
11.9671
18.5894
44.4002
34.8923
23.8106
11.6902
-0.544589
-13.6724
-27.2208
-40.8204
-54.5969
-68.3439
-81.9813
-95.5493
-108.963
-122.188
-135.163
-147.756
-159.791
-171.026
-181.151
-189.849
-196.871
-202.121
-205.509
-206.913
-206.078
-202.958
-197.492
-189.236
-178.352
-165.274
-150.053
-133.033
-114.85
-95.9875
-77.3307
-59.3813
-43.3079
-21.0579
2.61397
53.0901
61.2163
69.826
78.4698
86.2916
93.3872
99.4383
104.042
107.198
109.095
109.901
109.817
109.017
107.614
105.693
103.278
100.366
96.939
92.9593
88.3822
83.1707
77.2984
70.7555
63.6089
56.0717
48.4052
40.8186
33.5248
26.731
20.5835
15.2553
10.924
7.74504
5.79754
5.13648
5.90712
8.23314
12.5673
18.6739
41.2704
32.2509
21.7454
10.2708
-1.28541
-13.6679
-26.4256
-39.2031
-52.1244
-64.9918
-77.7353
-90.397
-102.903
-115.229
-127.326
-139.083
-150.342
-160.893
-170.455
-178.745
-185.533
-190.737
-194.256
-195.964
-195.624
-193.165
-188.498
-181.176
-171.308
-159.293
-145.179
-129.291
-112.202
-94.3328
-76.4137
-58.9059
-42.7254
-21.4719
0.889425
49.5242
57.2477
65.4448
73.6902
81.1642
87.96
93.7768
98.2242
101.299
103.188
104.047
104.071
103.429
102.232
100.564
98.4491
95.8886
92.8638
89.3362
85.2589
80.5882
75.2871
69.3316
62.7684
55.786
48.6254
41.4797
34.5471
28.0285
22.0715
16.85
12.5495
9.3324
7.29627
6.50205
7.09043
9.1791
13.1524
18.7521
38.3377
29.7763
19.8107
8.94118
-1.98137
-13.6698
-25.6917
-37.7062
-49.8336
-61.8881
-73.8037
-85.6263
-97.2897
-108.778
-120.055
-131.022
-141.545
-151.432
-160.438
-168.307
-174.829
-179.932
-183.511
-185.441
-185.502
-183.613
-179.658
-173.197
-164.286
-153.286
-140.241
-125.451
-109.431
-92.5408
-75.3775
-58.3698
-42.2272
-21.9641
-0.874579
46.1823
53.5272
61.3361
69.2053
76.3488
82.8575
88.4476
92.7404
95.732
97.6025
98.5017
98.6139
98.1062
97.0876
95.639
93.7887
91.5379
88.8705
85.7484
82.1237
77.9484
73.1781
67.7766
61.772
55.3301
48.6706
41.9704
35.4128
29.1892
23.4461
18.3568
14.1112
10.8761
8.76701
7.84999
8.26065
10.1107
13.7222
18.8263
35.5922
27.4617
18.0035
7.70138
-2.62797
-13.6682
-25.0035
-36.3078
-47.6982
-58.9978
-70.1458
-81.1896
-92.0712
-102.781
-113.29
-123.516
-133.339
-142.591
-151.052
-158.494
-164.73
-169.687
-173.268
-175.347
-175.729
-174.325
-170.998
-165.325
-157.311
-147.274
-135.254
-121.525
-106.547
-90.6174
-74.2283
-57.7734
-41.8022
-22.5195
-2.65994
43.0519
50.0405
57.4827
64.995
71.8241
78.0584
83.43
87.5715
90.4776
92.3225
93.2497
93.4357
93.043
92.1784
90.9216
89.3028
87.3252
84.9746
82.2148
78.9982
75.2748
70.9943
66.1115
60.6386
54.7184
48.5512
42.2967
36.1228
30.2101
24.7021
19.7682
15.6002
12.3678
10.2018
9.17296
9.41212
11.0244
14.2765
18.8983
33.0244
25.3
16.3192
6.55047
-3.22281
-13.6562
-24.3498
-34.9918
-45.6959
-56.2933
-66.7288
-77.0494
-87.204
-97.1894
-106.982
-116.512
-125.674
-134.319
-142.252
-149.269
-155.203
-159.982
-163.518
-165.686
-166.316
-165.317
-162.542
-157.584
-150.404
-141.277
-130.236
-117.526
-103.558
-88.5723
-72.9713
-57.1183
-41.4377
-23.1225
-4.44942
40.1213
46.7734
53.8687
61.0418
67.5713
73.5437
78.7039
82.6978
85.5174
87.3318
88.2779
88.5248
88.2306
87.4997
86.4106
84.9947
83.2579
81.188
78.7514
75.9018
72.5884
68.7574
64.3572
59.3858
53.9664
48.2785
42.4657
36.6798
31.09
25.8346
21.0775
17.0088
13.7993
11.5924
10.4635
10.5389
11.9167
14.8147
18.9695
30.6251
23.2832
14.7532
5.48664
-3.76422
-13.6282
-23.721
-33.7441
-43.808
-53.7512
-63.5241
-73.1726
-82.652
-91.962
-101.087
-109.964
-118.502
-126.571
-133.994
-140.594
-146.217
-150.794
-154.247
-156.453
-157.269
-156.606
-154.311
-149.996
-143.589
-135.315
-125.203
-113.468
-100.475
-86.4138
-71.6147
-56.405
-41.1218
-23.7591
-6.22653
37.3787
43.7128
50.4793
57.3302
63.5736
69.2954
74.2519
78.1015
80.8345
82.6146
83.5725
83.8697
83.66
83.0456
82.1036
80.8663
79.342
77.5206
75.3714
72.8505
69.9077
66.4876
62.5337
58.0334
53.0902
47.865
42.4856
37.0884
31.8293
26.8406
22.2788
18.3297
15.1625
12.931
11.7144
11.635
12.7838
15.336
19.0407
28.3845
21.4047
13.2998
4.50753
-4.25229
-13.5809
-23.1099
-32.5545
-42.0196
-51.3531
-60.5085
-69.5322
-78.3824
-87.0641
-95.5646
-103.83
-111.783
-119.305
-126.241
-132.432
-137.742
-142.102
-145.442
-147.645
-148.592
-148.203
-146.32
-142.583
-136.885
-129.408
-120.173
-109.367
-97.3128
-84.1537
-70.1641
-55.6347
-40.8416
-24.4131
-7.97539
34.8132
40.8463
47.3011
53.8448
59.8151
65.2971
70.0571
73.7662
76.4132
78.1563
79.1203
79.4592
79.3228
78.8102
77.9972
76.9172
75.5801
73.9787
72.0851
69.8578
67.2486
64.2028
60.6599
56.5985
52.1055
47.3238
42.3662
37.354
32.4297
27.7184
23.3679
19.5562
16.45
14.2097
12.9183
12.6945
13.6215
15.8394
19.1124
26.2938
19.6565
11.9538
3.60967
-4.68753
-13.5126
-22.5116
-31.4134
-40.3185
-49.0825
-57.6615
-66.1029
-74.3679
-82.4633
-90.3817
-98.0763
-105.478
-112.483
-118.955
-124.751
-129.749
-133.882
-137.087
-139.255
-140.288
-140.116
-138.586
-135.361
-130.311
-123.575
-115.165
-105.239
-94.0834
-81.8041
-68.6271
-54.8076
-40.5814
-25.0695
-9.67906
32.4147
38.1622
44.3204
50.5712
56.2809
61.5329
66.1041
69.6764
72.2384
73.9427
74.9081
75.2817
75.2088
74.7858
74.0863
73.1451
71.9736
70.5668
68.9
66.935
64.626
61.9188
58.7522
55.098
51.0279
46.6682
42.1181
37.4838
32.8947
28.4678
24.341
20.683
17.6551
15.4213
14.0684
13.7114
14.426
16.3233
19.1844
24.3445
18.0314
10.7099
2.78945
-5.07114
-13.4213
-21.9218
-30.3136
-38.6938
-46.9248
-54.9663
-62.8641
-70.5835
-78.1329
-85.508
-92.6684
-99.5539
-106.072
-112.103
-117.52
-122.211
-126.112
-129.166
-131.272
-132.354
-132.351
-131.119
-128.345
-123.884
-117.832
-110.194
-101.102
-90.8026
-79.3763
-67.0107
-53.9235
-40.3275
-25.7113
-11.32
30.173
35.6492
41.5253
47.497
52.9575
57.989
62.3783
65.818
68.2964
69.9605
70.9236
71.3262
71.3082
70.9646
70.3656
69.5473
68.5224
67.2879
65.8223
64.091
62.0508
59.6497
56.8265
53.5479
49.8727
45.9121
41.7523
37.4857
33.2287
29.0897
25.1962
21.7053
18.7716
16.559
15.158
14.68
15.1931
16.786
19.2562
22.528
16.5227
9.56243
2.0434
-5.40489
-13.307
-21.3379
-29.2504
-37.138
-44.8701
-52.4085
-59.7989
-67.0094
-74.0493
-80.9175
-87.5787
-93.9809
-100.042
-105.655
-110.708
-115.101
-118.768
-121.662
-123.687
-124.786
-124.911
-123.927
-121.549
-117.62
-112.197
-105.278
-96.9694
-87.4848
-76.8837
-65.3212
-52.982
-40.064
-26.3224
-12.881
28.0788
33.2972
38.9045
44.6099
49.8321
54.6523
58.8662
62.178
64.5745
66.1976
67.1553
67.5817
67.6122
67.3383
66.8287
66.1194
65.2246
64.1428
62.856
61.3328
59.5332
57.4077
54.8965
51.9629
48.6546
45.0689
41.2803
37.3687
33.4374
29.5864
25.9323
22.6197
19.7944
17.6172
16.1814
15.595
15.9191
17.2251
19.3268
20.8367
15.1235
8.5062
1.36761
-5.69093
-13.1698
-20.7579
-28.2197
-35.6447
-42.9086
-49.9766
-56.8925
-63.6277
-70.192
-76.5872
-82.7824
-88.7318
-94.3635
-99.5826
-104.29
-108.394
-111.831
-114.558
-116.487
-117.579
-117.797
-117.017
-114.982
-111.53
-106.684
-100.433
-92.8591
-84.1454
-74.3383
-63.5658
-51.9826
-39.776
-26.8865
-14.3451
26.1232
31.0967
36.4477
41.8984
46.893
51.5106
55.556
58.7439
61.0602
62.642
63.5921
64.0384
64.1111
63.899
63.4689
62.8567
62.0773
61.1315
60.0034
58.6654
57.0808
55.2031
52.9747
50.3566
47.3873
44.1517
40.7139
37.1419
33.5273
29.9612
26.5498
23.4237
20.719
18.5906
17.1332
16.4513
16.6002
17.6385
19.3951
19.2629
13.8273
7.5359
0.758199
-5.93145
-13.0103
-20.1803
-27.2174
-34.2075
-41.0321
-47.6596
-54.1318
-60.4228
-66.5437
-72.497
-78.2568
-83.7829
-89.0123
-93.8605
-98.2388
-102.065
-105.277
-107.835
-109.66
-110.726
-111.006
-110.392
-108.653
-105.626
-101.306
-95.6718
-88.785
-80.7993
-71.7528
-61.7519
-50.924
-39.4495
-27.3883
-15.6969
24.2979
29.0381
34.1448
39.3523
44.1293
48.5528
52.4364
55.5043
57.7427
59.2831
60.2235
60.6857
60.7954
60.6386
60.2793
59.7536
59.0772
58.2519
57.2653
56.0921
54.6996
53.0442
51.0711
48.7406
46.0832
43.1729
40.0644
36.8153
33.5057
30.2187
27.0498
24.1159
21.542
19.4746
18.0086
17.2446
17.233
18.0235
19.4596
17.7993
12.6278
6.6463
0.211289
-6.12884
-12.8294
-19.6046
-26.2417
-32.8221
-39.2343
-45.4486
-51.5055
-57.3812
-63.0876
-68.6289
-73.9822
-79.1129
-83.9657
-88.4651
-92.5327
-96.0932
-99.0866
-101.476
-103.192
-104.216
-104.537
-104.055
-102.569
-99.9178
-96.0742
-91.0084
-84.762
-77.461
-69.1401
-59.887
-49.8074
-39.0721
-27.8139
-16.9247
22.5948
27.1128
31.9865
36.9619
41.5307
45.7684
49.4963
52.4488
54.6113
56.1104
57.0395
57.5146
57.6565
57.5487
57.2529
56.8045
56.2197
55.5022
54.6411
53.6149
52.3937
50.9376
49.1945
47.1253
44.7538
42.1443
39.3431
36.3987
33.3809
30.3644
27.435
24.6962
22.2611
20.2655
18.8035
17.9709
17.8145
18.3778
19.5183
16.4391
11.5189
5.83237
-0.277058
-6.28591
-12.6283
-19.0306
-25.2901
-31.4854
-37.5099
-43.3366
-49.0046
-54.492
-59.811
-64.9672
-69.941
-74.7022
-79.2024
-83.3749
-87.1493
-90.4568
-93.2403
-95.4642
-97.068
-98.0419
-98.3822
-98.0051
-96.7331
-94.4132
-90.9995
-86.4549
-80.8031
-74.1447
-66.5129
-57.9799
-48.6337
-38.6348
-28.1529
-18.0196
21.0064
25.3126
29.964
34.7175
39.0874
43.1472
46.7258
49.5673
51.6561
53.1143
54.031
54.5161
54.6864
54.6223
54.383
54.0033
53.5004
52.8789
52.1297
51.2344
50.166
48.8883
47.3523
45.5197
43.4094
41.0766
38.5607
35.9021
33.1609
30.4045
27.7091
25.1656
22.8749
20.9609
19.5146
18.6269
18.3422
18.699
19.5695
15.1758
10.4949
5.08915
-0.710676
-6.40522
-12.4083
-18.4577
-24.3612
-30.1937
-35.8538
-41.3168
-46.6204
-51.7443
-56.7015
-61.4981
-66.1176
-70.5336
-74.7042
-78.5702
-82.0686
-85.1364
-87.7191
-89.7826
-91.2743
-92.1909
-92.5365
-92.2404
-91.1485
-89.1182
-86.0904
-82.0219
-76.9205
-70.8637
-63.8833
-56.0396
-47.4058
-38.1313
-28.3968
-18.9766
19.5255
23.6299
28.069
32.6107
36.7904
40.6799
44.1152
46.8498
48.8677
50.2858
51.1892
51.682
51.877
51.8513
51.6624
51.3442
50.9144
50.3781
49.7288
48.95
48.0179
46.8995
45.5498
43.9314
42.0586
39.9796
37.7274
35.3351
32.8546
30.3459
27.8768
25.5262
23.3833
21.5588
20.1393
19.2102
18.8136
18.9848
19.611
14.003
9.55026
4.4119
-1.09345
-6.48959
-12.171
-17.8867
-23.454
-28.9445
-34.262
-39.3834
-44.3456
-49.1294
-53.7481
-58.2089
-62.4977
-66.5917
-70.4542
-74.0332
-77.2724
-80.1136
-82.5052
-84.4145
-85.7965
-86.652
-86.9915
-86.757
-85.8158
-84.0373
-81.3547
-77.7191
-73.1252
-67.6299
-61.2633
-54.0753
-46.1281
-37.5577
-28.5409
-19.7937
18.1455
22.0573
26.2938
30.633
34.6309
38.3573
41.6554
44.2874
46.2368
47.6158
48.5052
49.004
49.2204
49.229
49.0847
48.8213
48.4563
47.996
47.4354
46.7603
45.9497
44.9739
43.791
42.3659
40.7089
38.8618
36.8521
34.707
32.4705
30.1959
27.9434
25.7814
23.7872
22.0585
20.676
19.7186
19.2269
19.2333
19.6405
12.9152
8.67984
3.79615
-1.4289
-6.54174
-11.9181
-17.3178
-22.5674
-27.7352
-32.7304
-37.5315
-42.1735
-46.6392
-50.9416
-55.0889
-59.0687
-62.8622
-66.4373
-69.7478
-72.7434
-75.3713
-77.582
-79.3444
-80.62
-81.4125
-81.7384
-81.5499
-80.7341
-79.1734
-76.7978
-73.5544
-69.4271
-64.4545
-58.6636
-52.0965
-44.806
-36.9136
-28.5831
-20.4717
16.8598
20.5883
24.631
28.7768
32.6009
36.1713
39.3377
41.8714
43.7548
45.0957
45.9708
46.4739
46.709
46.7479
46.6433
46.4286
46.1212
45.7283
45.2463
44.6633
43.9609
43.1121
42.0787
40.8277
39.3663
37.7305
35.9433
34.0263
32.017
29.9623
27.9154
25.9353
24.0888
22.4602
21.1237
20.1506
19.5804
19.4425
19.6556
11.907
7.8786
3.23769
-1.72059
-6.56446
-11.6511
-16.7516
-21.7009
-26.5646
-31.2564
-35.7564
-40.0983
-44.2662
-48.2733
-52.1277
-55.8195
-59.3327
-62.6394
-65.699
-68.4665
-70.8934
-72.9335
-74.5568
-75.7303
-76.4603
-76.7672
-76.6124
-75.9007
-74.5281
-72.4242
-69.5345
-65.8346
-61.3469
-56.0945
-50.1122
-43.4452
-36.2005
-28.5238
-21.0133
15.663
19.2164
23.0742
27.0349
30.6927
34.1137
37.1539
39.593
41.4131
42.7172
43.5779
44.0841
44.3355
44.4012
44.3319
44.1602
43.9039
43.5705
43.1582
42.6567
42.0502
41.3145
40.415
39.3204
38.0358
36.592
35.008
33.301
31.5021
29.6525
27.7992
25.993
24.2911
22.7653
21.4822
20.5054
19.8727
19.6108
19.6538
10.9733
7.14221
2.73248
-1.97189
-6.56013
-11.372
-16.1888
-20.8542
-25.4307
-29.8368
-34.0539
-38.1145
-42.0037
-45.7348
-49.3161
-52.7394
-55.9915
-59.0479
-61.8732
-64.4271
-66.6653
-68.545
-70.0372
-71.1139
-71.7829
-72.0672
-71.9368
-71.3116
-70.1008
-68.2367
-65.6649
-62.3545
-58.315
-53.5643
-48.1303
-42.0519
-35.4215
-28.3648
-21.4222
14.5494
17.9359
21.617
25.4009
28.8995
32.1773
35.0965
37.4447
39.2039
40.4721
41.3184
41.8267
42.0924
42.182
42.1441
42.0106
41.7993
41.5185
41.1675
40.7381
40.2164
39.581
38.8007
37.8463
36.7211
35.4514
34.0526
32.538
30.9332
29.2741
27.6018
25.9604
24.3983
22.9761
21.7524
20.7828
20.1028
19.7366
19.6324
10.1095
6.4664
2.27693
-2.18585
-6.53135
-11.0824
-15.6303
-20.0273
-24.3326
-28.4695
-32.4208
-36.2175
-39.8459
-43.3191
-46.6456
-49.8187
-52.8274
-55.6508
-58.2577
-60.612
-62.6736
-64.4026
-65.7718
-66.7569
-67.3674
-67.6276
-67.5146
-66.9612
-65.8897
-64.2365
-61.9489
-58.9924
-55.3654
-51.0801
-46.1582
-40.6323
-34.5806
-28.1091
-21.7026
13.5141
16.7412
20.2537
23.8682
27.2146
30.355
33.1579
35.419
37.1194
38.353
39.1849
39.6943
39.9726
40.0835
40.0736
39.9739
39.8024
39.5679
39.2708
38.9046
38.4576
37.9109
37.2364
36.4074
35.4255
34.313
33.0824
31.7434
30.3172
28.8341
27.3302
25.8436
24.4154
23.096
21.9361
20.9833
20.2704
19.8185
19.5891
9.3111
5.84725
1.86758
-2.36532
-6.48018
-10.7838
-15.0769
-19.2199
-23.2693
-27.1525
-30.8538
-34.4029
-37.7872
-41.0194
-44.1084
-47.0485
-49.8307
-52.4372
-54.8407
-57.0088
-58.9053
-60.4931
-61.7473
-62.6467
-63.2016
-63.4372
-63.3365
-62.8432
-61.8913
-60.4232
-58.3891
-55.7523
-52.5034
-48.648
-44.202
-39.192
-33.6824
-27.7607
-21.8596
12.5522
15.6272
18.9782
22.431
25.6314
28.6401
31.3315
33.5087
35.1525
36.3523
37.1698
37.6796
37.969
38.0989
38.1139
38.0443
37.9081
37.7143
37.4645
37.1536
36.772
36.3034
35.7224
35.0049
34.1513
33.1803
32.1019
30.9229
29.6602
28.3392
26.9913
25.6493
24.3481
23.1292
22.0359
21.1082
20.3754
19.8555
19.5215
8.57402
5.28093
1.50124
-2.51304
-6.40868
-10.4776
-14.5295
-18.4322
-22.2398
-25.8839
-29.3501
-32.6669
-35.8226
-38.8297
-41.6971
-44.4203
-46.9922
-49.3971
-51.6111
-53.6059
-55.3483
-56.8045
-57.9513
-58.7707
-59.2732
-59.4846
-59.3925
-58.9499
-58.1012
-56.7954
-54.9864
-52.6376
-49.733
-46.2729
-42.2671
-37.7361
-32.7319
-27.3245
-21.8984
11.6591
14.5888
17.7854
21.0833
24.1439
27.0264
29.6105
31.7069
33.2961
34.4631
35.2662
35.7755
36.0745
36.2214
36.2587
36.216
36.111
35.9531
35.7446
35.4823
35.1579
34.7575
34.2589
33.6401
32.9007
32.0566
31.1152
30.0813
28.9677
27.7955
26.5915
25.3839
24.2022
23.0806
22.0554
21.1596
20.4187
19.8472
19.4279
7.89418
4.76393
1.17469
-2.63149
-6.31908
-10.1652
-13.9885
-17.664
-21.2435
-24.6623
-27.9074
-31.0061
-33.9479
-36.7447
-39.4054
-41.9267
-44.3028
-46.5204
-48.5587
-50.3922
-51.9911
-53.3249
-54.3718
-55.1169
-55.5707
-55.7588
-55.6726
-55.2734
-54.5141
-53.3503
-51.7408
-49.6498
-47.0574
-43.9588
-40.3582
-36.2699
-31.7346
-26.8062
-21.8257
10.8303
13.6212
16.67
19.8195
22.7462
25.5075
27.9886
30.0074
31.5437
32.6787
33.4672
33.9753
34.2825
34.4445
34.5018
34.4831
34.4058
34.2795
34.1074
33.8874
33.6129
33.2721
32.8456
32.3138
31.6756
30.9444
30.126
29.223
28.2449
27.2088
26.137
25.0538
23.984
22.9558
21.999
21.1405
20.4017
19.7936
19.3072
7.2677
4.29274
0.884944
-2.72319
-6.21319
-9.84787
-13.4546
-16.9153
-20.2794
-23.486
-26.5232
-29.4173
-32.1588
-34.7591
-37.2273
-39.5606
-41.7549
-43.7986
-45.6735
-47.3574
-48.8232
-50.0432
-50.9976
-51.6738
-52.0824
-52.2487
-52.167
-51.8049
-51.1233
-50.0841
-48.6509
-46.7899
-44.4792
-41.7094
-38.4798
-34.7989
-30.6966
-26.2128
-21.6491
10.0616
12.7197
15.627
18.6344
21.4328
24.0778
26.46
28.4038
29.889
30.9927
31.7667
32.2727
32.5867
32.762
32.8371
32.8399
32.7872
32.6888
32.5487
32.3656
32.1346
31.8457
31.4821
31.0265
30.4776
29.8465
29.1376
28.3521
27.4966
26.5843
25.6338
24.6654
23.6999
22.7605
21.8714
21.0544
20.3264
19.6954
19.1586
6.69085
3.864
0.629122
-2.79055
-6.09281
-9.52692
-12.9285
-16.1862
-19.347
-22.3535
-25.1955
-27.8977
-30.4515
-32.8683
-35.1571
-37.3156
-39.341
-41.2232
-42.9467
-44.4916
-45.834
-46.9486
-47.8175
-48.4303
-48.7975
-48.9437
-48.8654
-48.5357
-47.922
-46.9922
-45.7145
-44.0581
-42
-39.5279
-36.6363
-33.3285
-29.6244
-25.552
-21.3776
9.34893
11.88
14.6518
17.5232
20.1985
22.7319
25.0188
26.8905
28.3262
29.3994
30.1584
30.6617
30.9812
31.1681
31.2589
31.2806
31.2498
31.1762
31.0641
30.9135
30.7203
30.4765
30.1677
29.7787
29.3081
28.7653
28.1534
27.4725
26.7272
25.9272
25.0874
24.2244
23.3559
22.5006
21.6779
20.9053
20.1956
19.5537
18.982
6.1601
3.4745
0.404367
-2.83594
-5.95982
-9.2037
-12.411
-15.4766
-18.4455
-21.2638
-23.9221
-26.4443
-28.8227
-31.0683
-33.1896
-35.1856
-37.054
-38.7866
-40.3697
-41.786
-43.014
-44.031
-44.8211
-45.3756
-45.705
-45.833
-45.7576
-45.4565
-44.9027
-44.0692
-42.9287
-41.4536
-39.6212
-37.417
-34.832
-31.8643
-28.5255
-24.8325
-21.0214
8.68846
11.0982
13.7404
16.4815
19.0388
21.465
23.6603
25.4623
26.8499
27.893
28.6369
29.1364
29.4602
29.657
29.7615
29.8
29.7885
29.7367
29.6494
29.527
29.367
29.1624
28.9012
28.5703
28.1681
27.7026
27.1762
26.5881
25.9411
25.2422
24.503
23.7368
22.9581
22.1819
21.4239
20.6977
20.0122
19.3701
18.7776
5.67221
3.12128
0.208127
-2.86152
-5.81596
-8.87935
-11.9026
-14.7868
-17.5745
-20.2154
-22.7013
-25.0548
-27.269
-29.3547
-31.3203
-33.1652
-34.8879
-36.4818
-37.9348
-39.2318
-40.3539
-41.2807
-41.9983
-42.4995
-42.7945
-42.9061
-42.8337
-42.5582
-42.0576
-41.3091
-40.2897
-38.9751
-37.3436
-35.3794
-33.0711
-30.4123
-27.4074
-24.0638
-20.5909
8.07677
10.3707
12.8888
15.5052
17.9495
20.2728
22.3798
24.1144
25.4551
26.4685
27.1971
27.6919
28.0186
28.2236
28.34
28.3931
28.3986
28.3659
28.3003
28.2027
28.0715
27.901
27.6812
27.4008
27.0582
26.6602
26.2086
25.7022
25.1425
24.5342
23.8858
23.208
22.5121
21.8102
21.1147
20.4358
19.7795
19.1463
18.5455
5.22429
2.80165
0.0380398
-2.86921
-5.66274
-8.55491
-11.404
-14.1166
-16.7335
-19.2075
-21.5312
-23.7265
-25.7872
-27.7238
-29.5444
-31.2489
-32.8366
-34.3018
-35.6344
-36.8211
-37.8453
-38.6888
-39.3395
-39.7918
-40.0557
-40.1529
-40.0834
-39.8314
-39.3783
-38.7054
-37.7932
-36.6204
-35.1673
-33.4174
-31.3576
-28.9783
-26.2775
-23.255
-20.0965
7.51076
9.69413
12.0938
14.591
16.9269
19.1513
21.1732
22.8424
24.1374
25.1214
25.8341
26.3233
26.6516
26.8632
26.9897
27.0553
27.0754
27.0595
27.0127
26.9368
26.8306
26.6899
26.506
26.2695
25.9787
25.6394
25.253
24.8182
24.3353
23.8075
23.2408
22.6432
22.0234
21.391
20.7554
20.1242
19.5008
18.884
18.2856
4.81375
2.51335
-0.10787
-2.86073
-5.5015
-8.23131
-10.9154
-13.466
-15.9219
-18.2388
-20.4102
-22.4573
-24.3744
-26.1718
-27.8575
-29.4317
-30.8943
-32.2405
-33.4616
-34.5464
-35.4801
-36.2468
-36.8358
-37.2433
-37.479
-37.5633
-37.4971
-37.2667
-36.8566
-36.2512
-35.434
-34.3868
-33.0917
-31.5326
-29.6953
-27.568
-25.1435
-22.4153
-19.5484
6.98771
9.0657
11.3523
13.7352
15.9673
18.0966
20.0363
21.6423
22.8927
23.8474
24.5437
25.0264
25.3549
25.5715
25.7063
25.7825
25.8152
25.8136
25.7832
25.7259
25.6415
25.5264
25.3737
25.1752
24.9294
24.641
24.3112
23.9387
23.5232
23.0666
22.5728
22.0476
21.4974
20.9295
20.351
19.767
19.1793
18.5848
17.9975
4.43835
2.25433
-0.231301
-2.8374
-5.33321
-7.90915
-10.4372
-12.8348
-15.139
-17.3081
-19.3367
-21.2448
-23.0279
-24.6954
-26.2556
-27.7089
-29.0555
-30.2917
-31.41
-32.4007
-33.2508
-33.9465
-34.4788
-34.8451
-35.055
-35.1279
-35.0651
-34.8548
-34.4837
-33.939
-33.2066
-32.2709
-31.1157
-29.726
-28.0875
-26.1865
-24.0123
-21.5532
-18.9561
6.5051
8.4825
10.6609
12.9346
15.0669
17.1048
18.9652
20.5099
21.7168
22.6425
23.322
23.7972
24.1246
24.3448
24.486
24.571
24.6142
24.6248
24.6083
24.5671
24.5014
24.4085
24.2827
24.1171
23.9101
23.6657
23.3848
23.0663
22.7095
22.3153
21.8862
21.4259
20.9391
20.4309
19.9063
19.3687
18.8179
18.2501
17.6806
4.09588
2.02281
-0.333828
-2.80039
-5.15866
-7.58885
-9.96932
-12.2226
-14.3838
-16.4141
-18.3087
-20.0869
-21.7447
-23.2914
-24.7348
-26.0758
-27.3152
-28.4497
-29.4731
-30.3769
-31.15
-31.7804
-32.2605
-32.5889
-32.7752
-32.8379
-32.7784
-32.5865
-32.2511
-31.7611
-31.1047
-30.2682
-29.2374
-27.9982
-26.5367
-24.8387
-22.8906
-20.6769
-18.3283
6.06036
7.9417
10.0166
12.1853
14.2218
16.1716
17.9556
19.4409
20.6055
21.5026
22.1651
22.632
22.9573
23.1794
23.3255
23.4174
23.4693
23.4901
23.4853
23.4578
23.408
23.3341
23.2314
23.0941
22.9205
22.7139
22.4751
22.2031
21.8971
21.5574
21.1852
20.7829
20.3534
19.9
19.426
18.9331
18.42
17.8817
17.3346
3.78413
1.81685
-0.416888
-2.75084
-4.97866
-7.27078
-9.51172
-11.6288
-13.6554
-15.5553
-17.3244
-18.9812
-20.5222
-21.9564
-23.2914
-24.5284
-25.6684
-26.709
-27.6449
-28.4687
-29.171
-29.7413
-30.1733
-30.4669
-30.6315
-30.6847
-30.6282
-30.4533
-30.1504
-29.71
-29.1218
-28.374
-27.4538
-26.3486
-25.0449
-23.5285
-21.7842
-19.7939
-17.6736
5.65095
7.4403
9.41589
11.4838
13.4281
15.293
17.0033
18.4313
19.5547
20.4239
21.0693
21.5273
21.8494
22.0722
22.2217
22.3189
22.3777
22.4068
22.4118
22.3956
22.3593
22.3015
22.2186
22.1055
21.9605
21.7862
21.5834
21.3512
21.0889
20.7963
20.474
20.123
19.7449
19.3416
18.9147
18.4647
17.9889
17.4817
16.96
3.50075
1.63446
-0.482181
-2.69006
-4.79406
-6.95533
-9.06436
-11.0528
-12.9528
-14.7302
-16.3819
-17.9252
-19.3574
-20.6871
-21.9216
-23.0623
-24.1105
-25.0644
-25.9197
-26.6699
-27.307
-27.8221
-28.2101
-28.4716
-28.6163
-28.6606
-28.6067
-28.4472
-28.1737
-27.778
-27.2513
-26.583
-25.7618
-24.7759
-23.613
-22.2594
-20.6987
-18.9112
-17.0001
5.27412
6.97522
8.85542
10.8264
12.6818
14.4651
16.1042
17.4769
18.5605
19.4023
20.0308
20.4796
20.7977
21.0201
21.1717
21.2728
21.3369
21.3725
21.3855
21.3788
21.3538
21.3097
21.2435
21.1509
21.0303
20.8834
20.711
20.5126
20.2876
20.0355
19.7563
19.4504
19.1182
18.7603
18.377
17.9675
17.5283
17.0528
16.558
3.24327
1.4735
-0.531532
-2.61949
-4.60595
-6.64318
-8.62735
-10.4945
-12.2751
-13.9374
-15.479
-16.9165
-18.2473
-19.48
-20.6215
-21.6733
-22.6369
-23.511
-24.292
-24.9747
-25.552
-26.0163
-26.364
-26.5961
-26.7223
-26.7583
-26.7065
-26.5606
-26.3135
-25.9581
-25.4867
-24.8898
-24.1571
-23.2781
-22.2413
-21.0336
-19.6383
-18.035
-16.3153
4.92714
6.54355
8.3321
10.2098
11.9799
13.6846
15.2552
16.5745
17.6192
18.4344
19.0461
19.4856
19.7992
20.0204
20.1729
20.2766
20.3446
20.3853
20.4045
20.4056
20.39
20.3573
20.3053
20.2302
20.1302
20.0064
19.8597
19.6897
19.4961
19.2784
19.0363
18.7695
18.4778
18.1608
17.8176
17.4462
17.0423
16.5985
16.1315
3.00932
1.33178
-0.566807
-2.54062
-4.41544
-6.33513
-8.20114
-9.95365
-11.6217
-13.1758
-14.6141
-15.9526
-17.1891
-18.3317
-19.3872
-20.357
-21.2428
-22.0436
-22.7565
-23.3772
-23.8997
-24.3177
-24.6284
-24.8335
-24.9426
-24.9707
-24.9205
-24.7866
-24.563
-24.2437
-23.8218
-23.289
-22.6358
-21.8528
-20.9292
-19.8527
-18.6067
-17.1706
-15.6261
4.60745
6.14261
7.84324
9.63157
11.3198
12.949
14.4535
15.721
16.7278
17.5166
18.1117
18.5418
18.8506
19.0701
19.2228
19.328
19.3986
19.443
19.4671
19.4744
19.4666
19.4435
19.4034
19.3432
19.2605
19.1563
19.031
18.8848
18.7174
18.5285
18.3178
18.0847
17.8285
17.5479
17.2412
16.9054
16.5353
16.1229
15.684
2.79675
1.20734
-0.589708
-2.45488
-4.22368
-6.03187
-7.78609
-9.43039
-10.9923
-12.4445
-13.7857
-15.0314
-16.1798
-17.2388
-18.2147
-19.109
-19.9234
-20.6571
-21.3078
-21.872
-22.3445
-22.7202
-22.9971
-23.1776
-23.2709
-23.2915
-23.2424
-23.1188
-22.916
-22.6287
-22.251
-21.7754
-21.1936
-20.4968
-19.6751
-18.7169
-17.606
-16.3221
-14.9379
4.31282
5.77017
7.3867
9.08956
10.6995
12.2565
13.6971
14.914
15.8833
16.6459
17.2243
17.6449
17.9489
18.1664
18.3188
18.4249
18.4971
18.544
18.5717
18.5838
18.5821
18.567
18.5371
18.4895
18.4218
18.334
18.2268
18.1002
17.9545
17.7895
17.605
17.4005
17.1748
16.9263
16.6525
16.3497
16.0119
15.6302
15.2197
2.60377
1.09855
-0.601608
-2.36337
-4.03141
-5.73392
-7.3824
-8.92455
-10.3865
-11.7427
-12.9927
-14.1512
-15.2172
-16.1983
-17.1004
-17.9251
-18.6738
-19.3463
-19.9404
-20.4531
-20.8804
-21.2177
-21.464
-21.6221
-21.701
-21.7145
-21.6659
-21.5513
-21.3667
-21.1077
-20.7691
-20.3446
-19.8266
-19.2072
-18.4773
-17.626
-16.6376
-15.4923
-14.2548
4.04141
5.42444
6.96079
8.58226
10.1174
11.6051
12.9839
14.1512
15.0831
15.8192
16.3807
16.7916
17.0906
17.3061
17.4582
17.5648
17.6381
17.6867
17.7168
17.7323
17.7356
17.727
17.7056
17.6688
17.6138
17.5402
17.4482
17.3381
17.2103
17.065
16.9021
16.7213
16.5215
16.3008
16.0563
15.7837
15.4763
15.1248
14.7429
2.42885
1.00403
-0.603615
-2.26686
-3.8391
-5.44137
-6.98987
-8.43565
-9.80336
-11.0694
-12.2337
-13.3105
-14.2992
-15.2075
-16.0409
-16.8012
-17.4897
-18.1062
-18.6488
-19.1151
-19.5014
-19.8043
-20.0232
-20.161
-20.2269
-20.2339
-20.1854
-20.0784
-19.9096
-19.6754
-19.3714
-18.9921
-18.531
-17.9809
-17.3336
-16.5788
-15.7014
-14.6824
-13.5792
3.79165
5.10392
6.56402
8.10802
9.5718
10.9927
12.311
13.4296
14.3241
15.0337
15.578
15.9787
16.2725
16.486
16.6379
16.7451
16.8194
16.8692
16.901
16.919
16.9258
16.9223
16.908
16.8803
16.8364
16.775
16.6961
16.5999
16.4871
16.3579
16.2127
16.0514
15.8732
15.6762
15.4573
15.212
14.933
14.6107
14.2573
2.27058
0.922475
-0.596862
-2.16617
-3.64722
-5.15431
-6.60812
-7.96295
-9.24197
-10.4233
-11.5072
-12.5074
-13.4238
-14.264
-15.0334
-15.7339
-16.3668
-16.9321
-17.428
-17.8523
-18.2019
-18.474
-18.6685
-18.7885
-18.8427
-18.8438
-18.7953
-18.6948
-18.5397
-18.3271
-18.0535
-17.7142
-17.3034
-16.8151
-16.2418
-15.5739
-14.7969
-13.8927
-12.9121
3.56203
4.80693
6.19457
7.66463
9.05981
10.4158
11.6748
12.7454
13.6028
14.2862
14.8131
15.2031
15.4912
15.7025
15.8545
15.9627
16.0384
16.0895
16.1227
16.1425
16.152
16.1523
16.1434
16.1234
16.0888
16.038
15.9705
15.8865
15.7863
15.6705
15.5398
15.3944
15.2339
15.0568
14.8599
14.6387
14.3859
14.0913
13.7662
2.12742
0.852472
-0.582597
-2.06232
-3.4565
-4.87305
-6.23694
-7.5057
-8.70104
-9.80283
-10.8114
-11.74
-12.589
-13.3655
-14.0752
-14.72
-15.3015
-15.8197
-16.273
-16.6594
-16.9763
-17.2211
-17.3941
-17.4985
-17.5427
-17.5387
-17.4902
-17.3954
-17.2522
-17.0585
-16.8114
-16.507
-16.1407
-15.7072
-15.1998
-14.6097
-13.9232
-13.1229
-12.2537
3.35083
4.53142
5.84984
7.24876
8.57737
9.86985
11.0705
12.0944
12.9155
13.5736
14.0835
14.4623
14.7438
14.9525
15.1044
15.2141
15.2918
15.345
15.3799
15.4014
15.4128
15.4159
15.4112
15.3971
15.3703
15.3286
15.2711
15.1977
15.1086
15.0044
14.8858
14.7535
14.6075
14.4466
14.2684
14.0681
13.8386
13.5699
13.2721
1.99764
0.792469
-0.562325
-1.95663
-3.268
-4.59827
-5.87653
-7.06356
-8.1796
-9.20654
-10.1446
-11.0063
-11.7924
-12.5099
-13.1638
-13.7565
-14.2902
-14.765
-15.1794
-15.5316
-15.8192
-16.04
-16.1943
-16.2854
-16.3212
-16.3131
-16.2648
-16.1751
-16.0424
-15.8651
-15.6412
-15.3675
-15.0402
-14.6549
-14.2059
-13.685
-13.0793
-12.3725
-11.604
3.15602
4.27486
5.52661
6.85626
8.11951
9.34939
10.4929
11.472
12.2584
12.8934
13.3872
13.7541
14.028
14.2331
14.3845
14.4958
14.5761
14.6323
14.67
14.6939
14.7073
14.7127
14.7109
14.7012
14.6803
14.6459
14.597
14.533
14.4539
14.36
14.252
14.1308
13.9969
13.8495
13.6866
13.5041
13.2951
13.0499
12.7779
1.87928
0.740684
-0.537783
-1.85085
-3.0835
-4.33148
-5.52797
-6.63706
-7.67742
-8.63357
-9.50509
-10.3042
-11.0323
-11.6949
-12.2968
-12.8408
-13.3299
-13.7644
-14.143
-14.4641
-14.7255
-14.9252
-15.0634
-15.1433
-15.1724
-15.1613
-15.1137
-15.029
-14.9058
-14.7432
-14.5395
-14.2926
-13.9994
-13.6565
-13.2587
-12.7989
-12.265
-11.6416
-10.9635
2.97536
4.03469
5.22183
6.48322
7.68188
8.85022
9.93819
10.8747
11.628
12.2429
12.7223
13.0772
13.3424
13.5425
13.6923
13.8045
13.8878
13.948
13.99
14.0177
14.0343
14.0421
14.0427
14.0359
14.019
13.9899
13.9477
13.8918
13.8216
13.7372
13.639
13.5278
13.4043
13.2683
13.1182
12.9506
12.7592
12.5348
12.2864
1.77034
0.695059
-0.511048
-1.74729
-2.90521
-4.07518
-5.19362
-6.22812
-7.1958
-8.0848
-8.8922
-9.63202
-10.3064
-10.9183
-11.4714
-11.9699
-12.4173
-12.8144
-13.1601
-13.4529
-13.6908
-13.8718
-13.9962
-14.0667
-14.0903
-14.0773
-14.0312
-13.9515
-13.8374
-13.6882
-13.5028
-13.2796
-13.0163
-12.7103
-12.3574
-11.9512
-11.4804
-10.931
-10.3332
2.8066
3.80855
4.93285
6.12707
7.2624
8.37129
9.40638
10.3022
11.0209
11.6184
12.086
12.4294
12.6854
12.8793
13.0257
13.1375
13.2233
13.2885
13.3366
13.3705
13.3923
13.404
13.4074
13.4027
13.3881
13.362
13.3242
13.2743
13.2118
13.1361
13.0472
12.9454
12.8314
12.7052
12.5658
12.4107
12.2341
12.0277
11.8005
1.6691
0.654154
-0.483382
-1.64716
-2.73469
-3.83117
-4.87554
-5.83914
-6.73717
-7.56267
-8.30666
-8.98879
-9.61296
-10.1774
-10.6845
-11.1402
-11.5489
-11.9112
-12.2263
-12.4934
-12.7103
-12.8751
-12.9878
-13.0505
-13.07
-13.0558
-13.0116
-12.9373
-12.8323
-12.6961
-12.5277
-12.326
-12.0894
-11.8159
-11.5022
-11.1426
-10.727
-10.2425
-9.71587
2.64783
3.59427
4.6576
5.78596
6.86024
7.91314
8.89972
9.75708
10.4376
11.0187
11.4758
11.8088
12.0558
12.2425
12.3834
12.4922
12.579
12.649
12.7048
12.7477
12.7781
12.7968
12.8051
12.8032
12.7898
12.7648
12.7289
12.6827
12.626
12.558
12.4778
12.3852
12.2802
12.163
12.0329
11.8879
11.7237
11.5324
11.3233
1.57533
0.618459
-0.453363
-1.5484
-2.56955
-3.59683
-4.57184
-5.46898
-6.30141
-7.06622
-7.74949
-8.37831
-8.95572
-9.47404
-9.93625
-10.3509
-10.7227
-11.0519
-11.3382
-11.5813
-11.7793
-11.93
-12.0327
-12.0891
-12.1053
-12.0904
-12.0484
-11.9796
-11.8839
-11.7607
-11.6092
-11.4281
-11.2162
-10.9719
-10.6926
-10.3738
-10.0063
-9.57863
-9.11425
2.49842
3.39104
4.39437
5.4582
6.47389
7.47404
8.41623
9.23799
9.88429
10.4501
10.8947
11.216
11.4547
11.6337
11.7663
11.868
11.9517
12.0239
12.0874
12.1413
12.1841
12.2143
12.2315
12.2351
12.2239
12.199
12.1629
12.1179
12.0648
12.0029
11.931
11.8476
11.7522
11.6441
11.5228
11.387
11.233
11.054
10.8599
1.49056
0.589587
-0.418641
-1.44799
-2.40574
-3.36718
-4.27642
-5.11154
-5.88219
-6.58911
-7.21496
-7.80242
-8.34024
-8.81147
-9.22749
-9.6023
-9.93902
-10.2363
-10.4946
-10.7147
-10.895
-11.0329
-11.127
-11.1781
-11.1916
-11.1761
-11.1361
-11.0727
-10.9861
-10.8764
-10.742
-10.5814
-10.3933
-10.1761
-9.92778
-9.6448
-9.3194
-8.94144
-8.53189
2.36032
3.2011
4.14611
5.14691
6.10605
7.05404
7.95174
8.73548
9.35639
9.91735
10.3461
10.6518
10.8836
11.0568
11.1797
11.27
11.3445
11.4134
11.4806
11.5447
11.6018
11.6475
11.6785
11.6923
11.6864
11.6624
11.625
11.5788
11.5263
11.4682
11.403
11.3289
11.2438
11.1461
11.0349
10.9086
10.7644
10.5964
10.4147
1.42024
0.562899
-0.3963
-1.37056
-2.2725
-3.17178
-4.01057
-4.77284
-5.45955
-6.09279
-6.61255
-7.19023
-7.73369
-8.18372
-8.57538
-8.934
-9.25826
-9.54341
-9.79059
-10.0018
-10.176
-10.3101
-10.4019
-10.4521
-10.4653
-10.4503
-10.4122
-10.3526
-10.2733
-10.1749
-10.053
-9.90839
-9.73882
-9.54199
-9.31592
-9.05793
-8.76156
-8.41805
-8.04607
2.24904
3.04861
3.94894
4.89472
5.80023
6.68645
7.51108
8.20765
8.75933
9.38519
9.83153
10.1377
10.3797
10.5636
10.6884
10.7732
10.8399
10.9035
10.9708
11.042
11.1123
11.1748
11.2232
11.2518
11.2561
11.2367
11.1995
11.1513
11.097
11.039
10.9769
10.9088
10.8318
10.7433
10.641
10.523
10.3868
10.2265
10.0528
1.36178
0.539789
-0.377974
-1.30434
-2.15493
-2.99324
-3.76022
-4.44251
-5.0316
-5.57629
-5.95453
-6.55232
-7.13305
-7.58028
-7.96261
-8.32049
-8.64722
-8.93375
-9.18147
-9.3934
-9.56886
-9.70503
-9.7996
-9.85244
-9.86802
-9.8549
-9.81915
-9.7627
-9.6892
-9.60015
-9.48691
-9.35477
-9.20015
-9.01921
-8.80982
-8.57005
-8.29449
-7.97543
-7.63037
2.15711
2.92315
3.78475
4.68096
5.53326
6.34869
7.08146
7.67004
8.13078
8.85398
9.34173
9.65908
9.92036
10.1256
10.2629
10.3502
10.4132
10.4715
10.5361
10.6099
10.689
10.7656
10.8312
10.877
10.8951
10.8844
10.8506
10.8023
10.7464
10.6871
10.6259
10.5613
10.4901
10.4089
10.3144
10.2037
10.0739
9.91941
9.75089
1.30831
0.521651
-0.354133
-1.23178
-2.03049
-2.80758
-3.5045
-4.10912
-4.60694
-5.06605
-5.31275
-5.92041
-6.53224
-6.97603
-7.3465
-7.70027
-8.02753
-8.31452
-8.56204
-8.77386
-8.95001
-9.08768
-9.18498
-9.24059
-9.25885
-9.24808
-9.21507
-9.16202
-9.09449
-9.01542
-8.9118
-8.79358
-8.65607
-8.49319
-8.30225
-8.08185
-7.82763
-7.53307
-7.21661
2.07054
2.80406
3.62801
4.47636
5.27725
6.02002
6.66224
7.14875
7.51956
8.31978
8.84858
9.17485
9.45121
9.67842
9.83279
9.92725
9.98853
10.0398
10.0968
10.1667
10.2483
10.3346
10.4158
10.4803
10.5163
10.519
10.4932
10.4478
10.3915
10.331
10.2695
10.2071
10.1411
10.0675
9.98182
9.8801
9.7584
9.61112
9.44887
1.26073
0.508936
-0.324883
-1.15367
-1.90036
-2.61632
-3.24519
-3.77425
-4.18816
-4.56155
-4.69277
-5.29717
-5.929
-6.36928
-6.72751
-7.0743
-7.39993
-7.68653
-7.93347
-8.14476
-8.32093
-8.45949
-8.55896
-8.61727
-8.63847
-8.63044
-8.60044
-8.55055
-8.48845
-8.41836
-8.32353
-8.21872
-8.0984
-7.95429
-7.78287
-7.58291
-7.35069
-7.08035
-6.78866
1.99024
2.69213
3.47892
4.28012
5.02978
5.69716
6.25226
6.64076
6.92721
7.78232
8.35101
8.68668
8.97404
9.22189
9.39696
9.50477
9.56984
9.61663
9.66459
9.72563
9.80299
9.89224
9.9841
10.0654
10.1205
10.1404
10.1273
10.0891
10.0354
9.97465
9.91257
9.85112
9.78891
9.72199
9.64526
9.55352
9.44153
9.30324
9.14949
1.21888
0.501211
-0.291288
-1.0719
-1.76725
-2.42289
-2.98607
-3.4418
-3.77905
-4.06499
-4.09819
-4.68586
-5.32389
-5.75882
-6.10493
-6.44255
-6.76409
-7.04918
-7.2952
-7.50583
-7.68167
-7.82094
-7.92205
-7.98332
-8.00857
-8.00515
-7.98049
-7.93618
-7.88162
-7.82207
-7.73772
-7.64773
-7.54608
-7.42262
-7.27283
-7.09515
-6.88655
-6.64303
-6.38562
1.91601
2.58666
3.33587
4.08924
4.7866
5.3761
5.85014
6.14295
6.35206
7.24222
7.84737
8.19341
8.48855
8.75417
8.95094
9.07675
9.15189
9.19969
9.24099
9.29148
9.35934
9.44443
9.54002
9.63339
9.70641
9.74589
9.74993
9.7241
9.67744
9.61935
9.55734
9.49565
9.43473
9.37185
9.30214
9.21971
9.11824
8.99049
8.84653
1.18212
0.497455
-0.255239
-0.989319
-1.63517
-2.2323
-2.73276
-3.11752
-3.38434
-3.57956
-3.53102
-4.08842
-4.71759
-5.14392
-5.47819
-5.80502
-6.11996
-6.40187
-6.6463
-6.85613
-7.03185
-7.1717
-7.2736
-7.33637
-7.36359
-7.36274
-7.34127
-7.30012
-7.24982
-7.19647
-7.11808
-7.0384
-6.95143
-6.8459
-6.71667
-6.56165
-6.37676
-6.15575
-5.90944
1.84752
2.48726
3.19786
3.90244
4.5458
5.05598
5.45665
5.65306
5.78967
6.69972
7.33689
7.69301
7.99304
8.27392
8.49318
8.64082
8.73172
8.78643
8.82543
8.86651
8.92205
8.99691
9.08875
9.18725
9.2741
9.33309
9.35804
9.35087
9.31827
9.26895
9.21125
9.15109
9.09094
9.02985
8.96421
8.88845
8.79595
8.67834
8.54232
1.1495
0.495874
-0.219476
-0.9099
-1.50883
-2.05002
-2.49043
-2.80608
-3.0069
-3.10735
-2.992
-3.50582
-4.11102
-4.5244
-4.8465
-5.1611
-5.46706
-5.74361
-5.98505
-6.19356
-6.36969
-6.51146
-6.61752
-6.68748
-6.72471
-6.73556
-6.72727
-6.70001
-6.6649
-6.6283
-6.56538
-6.50363
-6.43745
-6.35451
-6.24894
-6.11868
-5.96168
-5.77799
-5.59605
1.78468
2.39434
3.06584
3.72142
4.30859
4.73763
5.07093
5.16525
5.23046
6.15381
6.82251
7.18739
7.48542
7.77401
8.01414
8.18899
8.30539
8.37747
8.42273
8.45931
8.50282
8.56311
8.64324
8.73743
8.82986
8.90333
8.94833
8.96269
8.94949
8.91527
8.86782
8.81392
8.75775
8.70025
8.63942
8.57074
8.48824
8.38457
8.26841
1.1201
0.494801
-0.186636
-0.837281
-1.3926
-1.8808
-2.26273
-2.50951
-2.64689
-2.6495
-2.48053
-2.93822
-3.50493
-3.89974
-4.20815
-4.5089
-4.80374
-5.07314
-5.31005
-5.51539
-5.68852
-5.82645
-5.92701
-5.98932
-6.0186
-6.02367
-6.01137
-5.98068
-5.94252
-5.90287
-5.83739
-5.77758
-5.71875
-5.64886
-5.56186
-5.4542
-5.31807
-5.13995
-4.91009
1.72735
2.30852
2.94206
3.55078
4.0797
4.42604
4.69525
4.67368
4.6587
5.59521
6.30601
6.69021
6.98519
7.26661
7.50836
7.69878
7.84211
7.94395
8.01248
8.06024
8.10215
8.15151
8.21697
8.29949
8.38911
8.4706
8.5328
8.56991
8.58045
8.567
8.53488
8.49023
8.43823
8.38184
8.32137
8.25409
8.17433
8.07076
7.94365
1.09348
0.494599
-0.155748
-0.770779
-1.28678
-1.72679
-2.05291
-2.23301
-2.31035
-2.21248
-1.99639
-2.38557
-2.90065
-3.26987
-3.56151
-3.8456
-4.12595
-4.38632
-4.62051
-4.82912
-5.01146
-5.1656
-5.29116
-5.3886
-5.45774
-5.50141
-5.52738
-5.53453
-5.53558
-5.53548
-5.50306
-5.47274
-5.44176
-5.39806
-5.33663
-5.2568
-5.16184
-5.06293
-5.01215
1.67441
2.22868
2.8272
3.39489
3.86777
4.13987
4.35157
4.1833
4.06086
5.00202
5.76123
6.18915
6.51421
6.80988
7.04874
7.22729
7.3621
7.46613
7.54553
7.60547
7.65405
7.70149
7.75733
7.82595
7.90306
7.98026
8.05036
8.10726
8.14637
8.16613
8.16791
8.15501
8.13115
8.09903
8.05968
8.01237
7.95678
7.89521
7.85489
1.07048
0.497239
-0.123492
-0.705877
-1.18735
-1.5867
-1.86478
-1.98964
-2.01506
-1.8092
-1.5403
-1.85114
-2.30136
-2.63504
-2.90619
-3.17138
-3.43075
-3.66914
-3.88071
-4.0652
-4.22016
-4.33968
-4.41813
-4.45452
-4.46394
-4.46317
-4.45491
-4.43263
-4.40274
-4.36891
-4.3105
-4.26294
-4.2231
-4.18078
-4.13051
-4.0662
-3.96989
-3.80735
-3.5181
1.62633
2.1559
2.72403
3.2588
3.6842
3.90713
4.0677
3.69572
3.43682
4.3717
5.14606
5.59056
5.95281
6.31236
6.62608
6.86746
7.04071
7.1596
7.23951
7.29375
7.33366
7.37002
7.41281
7.46632
7.52466
7.57963
7.62678
7.66263
7.6837
7.68736
7.67318
7.64358
7.60291
7.55586
7.50535
7.44951
7.37606
7.25227
7.03094
1.0531
0.497539
-0.100558
-0.655055
-1.10555
-1.46742
-1.69972
-1.77766
-1.74874
-1.42209
-1.10446
-1.34265
-1.71458
-1.99492
-2.23599
-2.48642
-2.7454
-2.99953
-3.24302
-3.47563
-3.69796
-3.91139
-4.11644
-4.30733
-4.46138
-4.57066
-4.65692
-4.7255
-4.79682
-4.87138
-4.89382
-4.90081
-4.90623
-4.90297
-4.88653
-4.86181
-4.85108
-4.8978
-5.11389
1.5928
2.10646
2.65293
3.15982
3.53923
3.71996
3.78089
3.1327
2.77211
3.76864
4.56266
4.96155
5.23186
5.49552
5.76603
6.04227
6.31674
6.57027
6.78557
6.95542
7.08213
7.17411
7.24633
7.32205
7.42103
7.53727
7.65649
7.77262
7.88137
7.97812
8.05766
8.11552
8.14964
8.16054
8.15245
8.13538
8.13533
8.20788
8.45549
1.04055
0.477359
-0.121989
-0.664203
-1.08772
-1.40182
-1.5635
-1.5609
-1.42261
-0.964532
-0.657223
-0.8562
-1.1568
-1.36776
-1.53165
-1.68651
-1.83649
-1.97625
-2.10203
-2.20991
-2.29019
-2.32666
-2.3071
-2.23805
-2.17271
-2.14011
-2.12224
-2.09155
-2.04147
-2.00621
-1.94523
-1.89654
-1.86591
-1.84055
-1.81387
-1.77826
-1.6947
-1.49323
-1.01444
1.58873
2.10748
2.64895
3.12873
3.44185
3.51832
3.31457
2.33784
1.96532
3.16326
4.19788
4.8325
5.20786
5.38103
5.37884
5.27391
5.14373
5.0495
5.01393
5.03468
5.09917
5.19534
5.30531
5.39035
5.41195
5.39317
5.37119
5.35272
5.33632
5.31972
5.30387
5.29121
5.28373
5.28216
5.28261
5.26921
5.19292
4.95382
4.38834
1.02714
0.435449
-0.187484
-0.736657
-1.14291
-1.40616
-1.48026
-1.36083
-1.05371
-0.46754
-0.188665
-0.343964
-0.605699
-0.854596
-1.10792
-1.37364
-1.65367
-1.94927
-2.26448
-2.60681
-2.98668
-3.40959
-3.85615
-4.2761
-4.57955
-4.76538
-4.94841
-5.09454
-5.33711
-5.69226
-5.59512
-5.61617
-5.72754
-5.8131
-5.85849
-5.90214
-6.00746
-6.2661
-6.85084
1.60195
2.14069
2.69106
3.14973
3.39073
3.31505
2.74456
1.47909
0.890993
1.98249
3.18388
4.36641
5.51334
6.59787
7.51347
8.20788
8.70041
9.01026
9.18325
9.26913
9.30992
9.33834
9.40225
9.5792
9.89758
10.239
10.5147
10.7396
10.9358
11.1073
11.2472
11.3513
11.4215
11.4639
11.4937
11.5417
11.6844
12.0375
12.782
72.7502
75.5145
77.9911
79.1034
79.6907
79.8873
79.3123
78.2262
76.8767
75.1609
72.7342
69.367
65.0684
60.0842
54.7493
49.3615
44.1291
39.1659
34.5116
30.1586
26.0797
22.2481
18.6415
15.2433
12.0401
9.01965
6.17128
3.48683
0.962098
-1.40428
-3.61064
-5.65415
-7.53306
-9.24625
-10.7943
-12.1797
-13.4058
-14.4771
-15.3981
-16.1733
-16.8069
-17.3035
-17.6682
-17.9074
-18.0289
-18.042
-17.9568
-17.7838
-17.5332
-17.2147
-16.8374
-16.4098
-15.9404
-15.4377
-14.9102
-14.3653
-13.8097
-13.2483
-12.684
-12.1187
-11.5529
-10.987
-10.4217
-9.8582
-9.29979
-8.74949
-8.21228
-7.75927
-7.36554
-6.97649
-6.56563
-6.19438
-5.71662
-5.46876
-4.71894
-4.98876
-3.27939
-5.27325
-0.702025
-7.27276
72.7787
70.5697
67.4411
62.167
55.5605
50.3681
46.7256
43.9803
41.7251
39.7333
37.9131
36.2378
34.6948
33.2779
31.9786
30.7893
29.7017
28.7081
27.8008
26.9726
26.2172
25.5287
24.9018
24.3315
23.8134
23.3434
22.9175
22.5316
22.1818
21.8641
21.575
21.3106
21.0676
20.8431
20.6342
20.4384
20.253
20.0751
19.9017
19.7295
19.5552
19.3757
19.1882
18.9907
18.7817
18.5602
18.3251
18.0753
17.8088
17.5232
17.2159
16.8844
16.5272
16.1443
15.7376
15.3105
14.8672
14.4121
13.9491
13.4812
13.0105
12.539
12.0691
11.6028
11.1424
10.6927
10.2579
9.90196
9.60348
9.30519
9.01178
8.71592
8.41487
8.15957
7.82005
7.81607
6.82509
8.62644
4.01
13.0855
48.4778
50.3635
51.9562
52.8323
53.5384
54.2388
54.2159
53.4446
52.3478
51.0783
49.6682
48.1512
46.4327
44.4212
42.1126
39.561
36.8379
34.0088
31.1247
28.2228
25.3305
22.4693
19.6553
16.9004
14.2148
11.6075
9.08746
6.66312
4.34331
2.13701
0.0538012
-1.89819
-3.71404
-5.39097
-6.92842
-8.32794
-9.59194
-10.7234
-11.7252
-12.5995
-13.3485
-13.9746
-14.4809
-14.8715
-15.1524
-15.331
-15.4151
-15.4128
-15.332
-15.1801
-14.9642
-14.6911
-14.3684
-14.0041
-13.6062
-13.1825
-12.7397
-12.283
-11.8156
-11.3395
-10.8557
-10.3648
-9.86784
-9.36627
-8.86348
-8.36265
-7.86878
-7.44922
-7.08308
-6.72216
-6.33576
-5.99192
-5.534
-5.31413
-4.58136
-4.86978
-3.20797
-5.15879
-0.775782
-7.12452
47.2229
46.0675
44.8532
43.4741
42.2116
41.2132
40.3396
39.4955
38.6318
37.7402
36.8411
35.9408
35.0461
34.1629
33.2951
32.446
31.6177
30.8121
30.0304
29.2734
28.5421
27.8373
27.1596
26.5095
25.8877
25.2946
24.7304
24.1949
23.6876
23.208
22.7549
22.3273
21.9239
21.5436
21.1851
20.8472
20.5281
20.2259
19.9381
19.6622
19.3951
19.134
18.8765
18.6205
18.3644
18.107
17.8467
17.5815
17.3084
17.0239
16.7237
16.4042
16.0623
15.6971
15.3096
14.9025
14.4799
14.0462
13.6055
13.1606
12.7135
12.2659
11.8196
11.3758
10.9361
10.5043
10.0843
9.73896
9.44852
9.1572
8.87083
8.58335
8.29029
8.04746
7.71831
7.7311
6.75772
8.51451
4.10083
12.7638
30.9566
30.4059
29.3488
27.9261
27.3586
27.5993
27.6254
27.3436
26.8279
26.0835
25.1858
24.3095
23.5064
22.7129
21.8691
20.947
19.9412
18.8561
17.6982
16.4729
15.1849
13.8398
12.443
11.0005
9.51946
8.00776
6.47582
4.93793
3.41031
1.90761
0.442118
-0.975704
-2.33755
-3.63626
-4.86591
-6.02186
-7.10017
-8.09735
-9.01003
-9.83496
-10.5694
-11.2116
-11.761
-12.2184
-12.5868
-12.8701
-13.0729
-13.1998
-13.2551
-13.2426
-13.1661
-13.0301
-12.8401
-12.6027
-12.3255
-12.0157
-11.6797
-11.3227
-10.9479
-10.5574
-10.1526
-9.73436
-9.3041
-8.86347
-8.41597
-7.96493
-7.5151
-7.13004
-6.79237
-6.45955
-6.09893
-5.78084
-5.34827
-5.14617
-4.45084
-4.72209
-3.16413
-4.98625
-0.895347
-6.87938
31.4271
31.7824
31.9955
32.1549
32.398
32.6152
32.7198
32.7342
32.6592
32.4964
32.2716
31.9989
31.6849
31.3338
30.9497
30.5365
30.0977
29.637
29.1574
28.6621
28.1541
27.6365
27.1124
26.585
26.0572
25.5318
25.0113
24.4978
23.9929
23.4981
23.0148
22.5443
22.0876
21.6462
21.2214
20.814
20.4247
20.0532
19.6988
19.3599
19.0348
18.7215
18.4183
18.1238
17.8367
17.5559
17.2799
17.0063
16.7317
16.4519
16.1619
15.857
15.5336
15.1896
14.825
14.442
14.0439
13.6351
13.2195
12.8001
12.3789
11.9575
11.5373
11.1191
10.7036
10.2938
9.89269
9.56128
9.2812
8.99854
8.71993
8.44098
8.15621
7.92262
7.60795
7.62328
6.70433
8.34517
4.23198
12.4023
19.8486
18.503
16.8197
14.9288
13.2064
12.3039
12.207
12.3505
12.339
12.1241
11.7671
11.3985
11.0844
10.8051
10.5237
10.2155
9.86744
9.47201
9.0245
8.52297
7.96665
7.35514
6.68887
5.97002
5.2028
4.39202
3.5439
2.66657
1.76975
0.862014
-0.0495996
-0.959326
-1.86238
-2.75425
-3.63037
-4.48616
-5.31643
-6.11538
-6.8764
-7.59247
-8.25686
-8.8638
-9.409
-9.88999
-10.3063
-10.6587
-10.9484
-11.1765
-11.3432
-11.4489
-11.4939
-11.4797
-11.4095
-11.2884
-11.1225
-10.9186
-10.6825
-10.4188
-10.1309
-9.82077
-9.49001
-9.13991
-8.77227
-8.38906
-7.99394
-7.59034
-7.18293
-6.83103
-6.51986
-6.21266
-5.87572
-5.58108
-5.17157
-4.9866
-4.32209
-4.58599
-3.10111
-4.84706
-0.940641
-6.71813
21.1405
22.5714
24.3497
26.5014
28.5089
29.8137
30.4485
30.6951
30.7579
30.739
30.6628
30.5393
30.3723
30.1631
29.9114
29.6184
29.2863
28.9179
28.5165
28.0859
27.6304
27.1546
26.6633
26.1609
25.6519
25.1402
24.629
24.1211
23.6186
23.1234
22.6367
22.16
21.6943
21.2412
20.8019
20.3775
19.9688
19.5761
19.1992
18.8373
18.4893
18.1543
17.8312
17.5196
17.2189
16.9285
16.6472
16.373
16.1024
15.8312
15.5544
15.267
14.9647
14.6448
14.3066
13.9512
13.5813
13.2006
12.8128
12.4209
12.0272
11.6332
11.2404
10.8492
10.4599
10.0745
9.69512
9.37962
9.11127
8.83837
8.56803
8.29724
8.02006
7.79333
7.48942
7.51065
6.62992
8.20519
4.2627
12.179
9.99674
8.48565
7.11542
5.69692
4.04606
2.74361
2.67982
2.98407
3.17062
3.30649
3.41712
3.54985
3.72756
3.93059
4.12692
4.29016
4.40405
4.45909
4.44958
4.37359
4.23216
4.0278
3.76344
3.44226
3.06822
2.64565
2.1797
1.67655
1.14302
0.584973
0.00670274
-0.588577
-1.19842
-1.82053
-2.45241
-3.09117
-3.73298
-4.37286
-5.00448
-5.6206
-6.21367
-6.77668
-7.30381
-7.79089
-8.23546
-8.6359
-8.99082
-9.2984
-9.55595
-9.76053
-9.90964
-10.0022
-10.039
-10.0235
-9.96035
-9.8551
-9.71286
-9.53775
-9.33265
-9.0995
-8.83986
-8.55529
-8.24794
-7.92019
-7.57593
-7.21877
-6.85326
-6.53418
-6.24937
-5.96771
-5.65451
-5.38316
-4.99582
-4.82949
-4.1908
-4.45698
-3.02258
-4.72774
-0.942893
-6.60243
11.8944
14.4591
17.8963
21.7344
25.0398
27.3461
28.6697
29.2206
29.2878
29.1303
28.9002
28.6589
28.4127
28.1591
27.8948
27.6168
27.3226
27.0103
26.6788
26.3278
25.9575
25.5693
25.1651
24.7472
24.3182
23.8808
23.4376
22.9912
22.544
22.0983
21.6562
21.2198
20.7911
20.3718
19.9636
19.5675
19.1841
18.8134
18.4549
18.1077
17.771
17.4442
17.1271
16.8197
16.5227
16.236
15.9594
15.6914
15.4294
15.1695
14.9072
14.6378
14.3572
14.0624
13.752
13.4263
13.0871
12.7371
12.3794
12.0169
11.6519
11.2863
10.9217
10.5585
10.1968
9.83787
9.48281
9.18563
8.9312
8.67043
8.41045
8.1491
7.88042
7.66021
7.36511
7.39361
6.54261
8.07773
4.24271
12.0006
7.66628
5.79549
4.34772
3.09131
1.954
1.39666
1.41053
1.29617
1.23997
1.32128
1.42886
1.54929
1.71301
1.91348
2.12236
2.31231
2.46734
2.58218
2.6568
2.69281
2.69191
2.65492
2.58098
2.46813
2.31506
2.12182
1.88976
1.62119
1.31897
0.985561
0.622525
0.230789
-0.189004
-0.636127
-1.10955
-1.60757
-2.12727
-2.6643
-3.2125
-3.76454
-4.31253
-4.84895
-5.36739
-5.86297
-6.33226
-6.77244
-7.18053
-7.55291
-7.88491
-8.17155
-8.40833
-8.59221
-8.72239
-8.80041
-8.82971
-8.81458
-8.75919
-8.66692
-8.5401
-8.3803
-8.18891
-7.9675
-7.71846
-7.44452
-7.14985
-6.83835
-6.51449
-6.22845
-5.97075
-5.71561
-5.42741
-5.18019
-4.816
-4.66886
-4.0568
-4.32542
-2.94077
-4.60325
-0.941527
-6.47465
10.0473
12.8513
15.8572
18.803
21.3497
23.3353
24.7221
25.5064
25.7603
25.6601
25.4018
25.1093
24.8252
24.5467
24.2757
24.0114
23.7527
23.4987
23.248
22.9991
22.7502
22.4997
22.2459
21.9873
21.7225
21.4503
21.17
20.8811
20.5839
20.2792
19.9684
19.6533
19.3359
19.0185
18.7029
18.3907
18.0826
17.7788
17.479
17.1827
16.8894
16.5991
16.3124
16.0302
15.754
15.485
15.2236
14.9696
14.7211
14.4753
14.2288
13.9776
13.7182
13.448
13.1653
12.8699
12.5625
12.2448
11.9191
11.5875
11.2523
10.9156
10.5793
10.2442
9.91065
9.57934
9.25058
8.97412
8.73608
8.49031
8.24354
7.99405
7.73595
7.52321
7.23736
7.27034
6.45346
7.94026
4.22297
11.7951
11.7229
10.1866
8.7103
7.44145
6.57374
6.3117
6.37127
6.07773
5.81403
5.69209
5.58211
5.42408
5.25912
5.11416
4.98376
4.85301
4.71148
4.55726
4.39456
4.22874
4.0631
3.89821
3.73165
3.55843
3.37321
3.17265
2.95549
2.72128
2.46913
2.19711
1.90261
1.583
1.23598
0.859794
0.453334
0.0163611
-0.449858
-0.94226
-1.45566
-1.98333
-2.51776
-3.05163
-3.57862
-4.09368
-4.59297
-5.07298
-5.52979
-5.95865
-6.35381
-6.70917
-7.01915
-7.27964
-7.48877
-7.64691
-7.75639
-7.82045
-7.8424
-7.82486
-7.76955
-7.67753
-7.54982
-7.38778
-7.19381
-6.97087
-6.72342
-6.45568
-6.17219
-5.91874
-5.68813
-5.4597
-5.19714
-4.97444
-4.63431
-4.50587
-3.92237
-4.19074
-2.85946
-4.47017
-0.940599
-6.32771
13.2477
14.7838
16.2257
17.5411
18.7143
19.72
20.5244
21.0948
21.407
21.4701
21.3723
21.2104
21.0346
20.8486
20.6576
20.4638
20.2699
20.0785
19.8917
19.7111
19.5374
19.3706
19.2099
19.0539
18.9008
18.7481
18.5936
18.4353
18.2714
18.1009
17.9236
17.7396
17.5497
17.3546
17.1552
16.9519
16.7446
16.5331
16.3166
16.0946
15.8668
15.6338
15.3965
15.1569
14.917
14.6788
14.4439
14.2125
13.9842
13.7571
13.529
13.2972
13.0592
12.8132
12.5579
12.2926
12.0174
11.733
11.4403
11.1407
10.836
10.5283
10.2199
9.91223
9.60611
9.30227
9.00054
8.74638
8.52665
8.29828
8.06727
7.83201
7.58677
7.38276
7.10735
7.14112
6.36397
7.79182
4.20644
11.5682
13.6844
13.155
12.6599
12.1353
11.6012
11.2989
11.3596
11.1958
10.9317
10.7384
10.5572
10.2907
9.95676
9.60788
9.26551
8.92427
8.57335
8.21001
7.84161
7.47893
7.12872
6.79202
6.46621
6.14661
5.82779
5.50548
5.178
4.84531
4.50724
4.16194
3.80612
3.4359
3.04758
2.63796
2.20454
1.74565
1.2612
0.753094
0.225256
-0.316847
-0.867152
-1.41981
-1.9698
-2.51302
-3.046
-3.56517
-4.0662
-4.54373
-4.99144
-5.40278
-5.77175
-6.09388
-6.3668
-6.59029
-6.76595
-6.89631
-6.98396
-7.03089
-7.03824
-7.00652
-6.93624
-6.8284
-6.68514
-6.50947
-6.30597
-6.07922
-5.83387
-5.61169
-5.40731
-5.20486
-4.96776
-4.76931
-4.45369
-4.34319
-3.7892
-4.05585
-2.77812
-4.33417
-0.932955
-6.17454
14.1623
14.6556
15.1242
15.5593
15.9605
16.3241
16.6437
16.9172
17.1373
17.2787
17.3429
17.3639
17.364
17.3452
17.3096
17.2587
17.1945
17.1199
17.0377
16.9504
16.8605
16.7697
16.6791
16.5894
16.5008
16.4126
16.3242
16.2349
16.1438
16.0506
15.9548
15.8562
15.7549
15.6504
15.5421
15.4291
15.3099
15.1829
15.0465
14.8994
14.741
14.5715
14.3921
14.2046
14.0113
13.8143
13.6154
13.4156
13.2148
13.0124
12.8072
12.5979
12.3832
12.1623
11.9345
11.6996
11.457
11.2065
10.9479
10.6814
10.408
10.1296
9.84873
9.56744
9.28744
9.00992
8.73483
8.50361
8.30341
8.09424
7.88104
7.66206
7.43181
7.23789
6.97441
7.00614
6.27126
7.63703
4.18281
11.3391
13.4288
13.4235
13.4013
13.3525
13.3278
13.3985
13.5566
13.5752
13.4006
13.1802
12.9717
12.7378
12.444
12.1209
11.8006
11.4821
11.1453
10.778
10.387
9.99132
9.60616
9.23415
8.86878
8.50202
8.12865
7.74603
7.35317
6.95014
6.53769
6.11603
5.68429
5.24079
4.78329
4.30974
3.81853
3.30869
2.78055
2.23597
1.67816
1.11122
0.539242
-0.0341204
-0.605841
-1.17326
-1.73361
-2.28342
-2.81809
-3.33185
-3.8181
-4.27018
-4.68217
-5.0496
-5.37006
-5.64308
-5.86984
-6.05239
-6.1928
-6.29259
-6.35241
-6.37226
-6.35214
-6.2925
-6.19508
-6.06264
-5.89967
-5.71099
-5.50135
-5.30872
-5.12933
-4.95174
-4.73952
-4.56477
-4.27387
-4.18079
-3.65683
-3.9217
-2.69603
-4.19826
-0.916671
-6.02124
13.3656
13.2932
13.2056
13.0865
12.947
12.8183
12.7389
12.7371
12.8133
12.9332
13.062
13.1897
13.3141
13.4324
13.5432
13.6448
13.7366
13.818
13.889
13.9498
14.0006
14.0417
14.0736
14.0965
14.1109
14.1172
14.1159
14.1079
14.0939
14.0749
14.0518
14.0254
13.9961
13.9637
13.9275
13.8862
13.838
13.7807
13.7124
13.6315
13.537
13.4289
13.3079
13.1756
13.0338
12.8843
12.7285
12.5673
12.4012
12.2299
12.0533
11.8709
11.6829
11.4895
11.291
11.0873
10.8782
10.6625
10.4392
10.2072
9.96644
9.71827
9.46516
9.20974
8.95468
8.70207
8.45254
8.24408
8.06393
7.87519
7.68146
7.48057
7.26735
7.08518
6.83558
6.86363
6.17183
7.47563
4.14887
11.1103
10.9787
11.6178
12.2344
12.7964
13.3258
13.8268
14.2613
14.5023
14.4305
14.1648
13.9241
13.7554
13.5411
13.2848
13.0287
12.7742
12.4941
12.1709
11.8104
11.4348
11.0668
10.7142
10.368
10.013
9.63989
9.24747
8.83815
8.41371
7.9745
7.5202
7.05047
6.565
6.0634
5.54565
5.01245
4.4653
3.90656
3.33919
2.76625
2.19033
1.61324
1.03601
0.459448
-0.115256
-0.685997
-1.24926
-1.80006
-2.33228
-2.83918
-3.31423
-3.75174
-4.14747
-4.49905
-4.80587
-5.06879
-5.28948
-5.46962
-5.61035
-5.71196
-5.77406
-5.7962
-5.77829
-5.72152
-5.62819
-5.50245
-5.34915
-5.17299
-5.00823
-4.85251
-4.69854
-4.51032
-4.35843
-4.0923
-4.01637
-3.52305
-3.78676
-2.61255
-4.06215
-0.893829
-5.86692
10.3638
9.87062
9.52725
9.28325
9.09907
8.96127
8.88361
8.8843
8.95785
9.07628
9.21564
9.36671
9.52626
9.69299
9.86543
10.0418
10.2203
10.3992
10.5764
10.7503
10.9191
11.081
11.2344
11.3781
11.5108
11.6321
11.7417
11.8398
11.9272
12.0045
12.0729
12.1333
12.1862
12.2318
12.2696
12.2987
12.3177
12.3251
12.3195
12.2995
12.2648
12.2152
12.1515
12.0748
11.9863
11.8873
11.7787
11.6612
11.5351
11.4005
11.2577
11.1073
10.9503
10.7877
10.6208
10.4502
10.2756
10.0957
9.90884
9.71281
9.50643
9.29013
9.06595
8.83682
8.60622
8.37731
8.15188
7.96516
7.80478
7.63688
7.46366
7.28237
7.08809
6.91961
6.68633
6.71021
6.06214
7.30368
4.10495
10.8764
9.18623
10.0911
10.984
11.8133
12.585
13.2915
13.8904
14.2793
14.3535
14.2009
14.1444
14.1706
14.0986
13.9246
13.695
13.4491
13.1941
12.9125
12.5961
12.259
11.9227
11.5985
11.2784
10.9425
10.5759
10.1769
9.75285
9.31101
8.85412
8.38138
7.8911
7.38248
6.85596
6.3133
5.75768
5.19316
4.62411
4.05433
3.48632
2.92087
2.35732
1.79429
1.23067
0.666495
0.103512
-0.454677
-1.00286
-1.53487
-2.04417
-2.52458
-2.97085
-3.379
-3.74667
-4.07306
-4.35868
-4.60478
-4.81267
-4.98315
-5.11626
-5.21135
-5.26765
-5.28467
-5.26304
-5.20451
-5.11267
-4.99215
-4.84739
-4.70893
-4.5756
-4.44383
-4.27841
-4.14816
-3.90643
-3.84731
-3.38524
-3.64863
-2.52654
-3.92481
-0.866183
-5.70974
8.34549
7.67985
7.23961
6.98657
6.86843
6.83321
6.84543
6.89096
6.96248
7.05001
7.14673
7.25108
7.36298
7.48288
7.61095
7.74713
7.89107
8.04223
8.19988
8.36305
8.53055
8.70097
8.87276
9.04433
9.21413
9.38072
9.54289
9.69971
9.85049
9.99473
10.132
10.2619
10.3839
10.4971
10.6006
10.6932
10.7734
10.8401
10.8921
10.9289
10.9501
10.9559
10.947
10.924
10.8879
10.8393
10.7787
10.7065
10.6228
10.528
10.4227
10.3079
10.1853
10.0567
9.92369
9.78758
9.64842
9.50507
9.35522
9.19612
9.02554
8.84286
8.64937
8.44775
8.24193
8.03599
7.83302
7.66624
7.5243
7.37649
7.22386
7.06295
6.88915
6.73634
6.52207
6.54229
5.93903
7.11743
4.05011
10.6337
8.3513
9.08978
9.7939
10.4636
11.1053
11.7117
12.2514
12.6598
12.9589
13.2522
13.6494
13.987
14.187
14.2287
14.1275
13.9235
13.6565
13.3629
13.055
12.7418
12.441
12.154
11.868
11.5604
11.2102
10.8118
10.3746
9.9117
9.43087
8.93348
8.41788
7.88328
7.3312
6.76564
6.19234
5.61749
5.04658
4.48327
3.92879
3.38194
2.83987
2.29934
1.75795
1.21506
0.672166
0.132751
-0.398225
-0.915045
-1.41185
-1.8832
-2.32442
-2.73189
-3.10327
-3.43752
-3.73471
-3.99557
-4.22098
-4.41141
-4.56669
-4.68605
-4.76856
-4.81352
-4.82114
-4.79267
-4.73104
-4.64048
-4.52491
-4.4111
-4.2988
-4.18769
-4.04356
-3.9333
-3.71504
-3.67195
-3.24135
-3.50511
-2.43647
-3.78538
-0.834321
-5.54961
7.64348
7.06576
6.64925
6.38856
6.26105
6.22735
6.24238
6.27686
6.32005
6.36891
6.42152
6.47733
6.53647
6.59926
6.66605
6.73723
6.81323
6.89452
6.98166
7.07514
7.17539
7.28262
7.39687
7.51791
7.64535
7.77856
7.91674
8.05902
8.20438
8.35166
8.49957
8.64668
8.7914
8.93196
9.06652
9.1932
9.31023
9.41604
9.50937
9.58936
9.65549
9.70759
9.74571
9.77001
9.78069
9.77786
9.76159
9.73193
9.68906
9.63341
9.56586
9.48775
9.40089
9.30737
9.20921
9.10791
9.0039
8.89629
8.78278
8.66028
8.52584
8.37789
8.21668
8.04419
7.86414
7.68102
7.49904
7.3499
7.22413
7.0944
6.96111
6.82031
6.66771
6.53217
6.3395
6.35739
5.80045
6.91498
3.9829
10.3806
6.99458
7.39731
7.80208
8.19173
8.57152
8.94051
9.28754
9.59309
9.91107
10.4131
11.2247
12.0911
12.7108
13.0776
13.2498
13.2501
13.1167
12.8898
12.615
12.3465
12.0965
11.8609
11.6336
11.3936
11.1149
10.7806
10.3927
9.96503
9.5098
9.03172
8.53069
8.00669
7.46263
6.90471
6.34086
5.77888
5.22484
4.68212
4.15111
3.62965
3.11409
2.60064
2.08671
1.57161
1.05673
0.545224
0.0414806
-0.449629
-0.92322
-1.37478
-1.80041
-2.19697
-2.56225
-2.89496
-3.19471
-3.46163
-3.69604
-3.89803
-4.06723
-4.20283
-4.3039
-4.36971
-4.40031
-4.39654
-4.36077
-4.29671
-4.20758
-4.11643
-4.02357
-3.93139
-3.80679
-3.71456
-3.51831
-3.48986
-3.09027
-3.35453
-2.34059
-3.64269
-0.798576
-5.38675
6.59689
6.25518
5.99432
5.81906
5.7235
5.69081
5.69523
5.71562
5.7434
5.77709
5.81567
5.85819
5.90398
5.95247
6.00318
6.05567
6.10967
6.16516
6.2224
6.28189
6.34435
6.41063
6.48159
6.55806
6.64072
6.73006
6.82635
6.9296
7.03956
7.15565
7.27703
7.40259
7.53096
7.66058
7.78971
7.91658
8.03945
8.15668
8.26681
8.36859
8.46093
8.54293
8.61377
8.67274
8.71917
8.75247
8.77223
8.77823
8.77058
8.74981
8.71685
8.67312
8.62039
8.56065
8.49588
8.42759
8.35645
8.28191
8.20202
8.11377
8.01398
7.90034
7.77204
7.62993
7.47687
7.31702
7.15509
7.02137
6.90909
6.79446
6.67797
6.55567
6.42381
6.30632
6.13721
6.1545
5.64574
6.69616
3.90309
10.1155
5.52417
5.73691
5.95885
6.17519
6.3885
6.59977
6.80676
7.00479
7.21223
7.51583
8.03699
8.82866
9.79226
10.6009
11.0125
11.1565
11.1708
11.088
10.9497
10.7842
10.6092
10.4208
10.2394
10.0678
9.88481
9.66665
9.39609
9.07487
8.71521
8.32606
7.91012
7.46802
7.0025
6.51959
6.02715
5.53274
5.042
4.55793
4.08087
3.60906
3.13962
2.66976
2.19779
1.72368
1.2491
0.777147
0.311752
-0.142883
-0.582691
-1.00403
-1.40382
-1.77951
-2.12911
-2.45118
-2.74482
-3.00947
-3.24479
-3.45036
-3.62555
-3.76951
-3.88143
-3.96071
-4.0074
-4.02221
-4.00703
-3.96505
-3.89871
-3.82755
-3.75206
-3.67677
-3.56973
-3.4934
-3.31733
-3.30161
-2.9318
-3.19582
-2.23727
-3.49493
-0.758693
-5.22001
5.30751
5.13983
5.01028
4.92256
4.87423
4.85766
4.86153
4.8757
4.89524
4.9202
4.95143
4.9889
5.03222
5.0809
5.13434
5.19179
5.25244
5.31552
5.38042
5.44672
5.5143
5.58323
5.65379
5.7264
5.80153
5.87971
5.96137
6.04688
6.13649
6.23031
6.32827
6.43015
6.53556
6.64394
6.75455
6.86656
6.97897
7.0907
7.20058
7.30735
7.40963
7.50596
7.59484
7.67478
7.74438
7.80245
7.84814
7.881
7.90106
7.90884
7.90523
7.89151
7.86918
7.83983
7.80506
7.76616
7.72387
7.67796
7.62705
7.56867
7.49988
7.41808
7.32161
7.21004
7.0848
6.94898
6.80691
6.68706
6.58588
6.48313
6.38009
6.27346
6.16048
6.06051
5.91577
5.93406
5.47533
6.46159
3.81198
9.83578
4.3871
4.50906
4.64496
4.78202
4.91848
5.05416
5.19014
5.32643
5.4682
5.64854
5.92089
6.32739
6.91324
7.6721
8.40605
8.83356
8.94935
8.92542
8.84875
8.74063
8.61108
8.47279
8.31123
8.15364
8.0054
7.83862
7.6405
7.40619
7.13975
6.84845
6.53652
6.20527
5.856
5.49199
5.118
4.73868
4.35735
3.97547
3.59277
3.2077
2.81819
2.42243
2.01968
1.61068
1.19763
0.783929
0.373618
-0.029202
-0.420842
-0.798281
-1.15913
-1.50145
-1.82354
-2.12385
-2.40092
-2.65345
-2.88031
-3.08045
-3.2529
-3.39668
-3.51109
-3.59574
-3.65083
-3.67708
-3.67608
-3.65055
-3.6022
-3.54739
-3.48649
-3.42556
-3.33391
-3.27127
-3.11343
-3.10824
-2.76662
-3.02867
-2.12594
-3.33998
-0.714921
-5.04717
4.2615
4.17192
4.10293
4.05634
4.03004
4.02031
4.0228
4.03183
4.04323
4.05736
4.07606
4.10025
4.13048
4.16722
4.21071
4.2609
4.31747
4.3799
4.44754
4.5197
4.59572
4.675
4.75699
4.84124
4.92739
5.01514
5.10424
5.19454
5.28592
5.37838
5.47196
5.56683
5.66319
5.76123
5.86116
5.96306
6.06684
6.17221
6.27856
6.38501
6.49029
6.59286
6.69098
6.78282
6.86664
6.94095
7.00468
7.05727
7.09869
7.12938
7.15012
7.16191
7.1658
7.16283
7.15399
7.14014
7.12191
7.09935
7.07174
7.03746
6.99429
6.93989
6.87216
6.78957
6.69195
6.58073
6.45902
6.3526
6.2611
6.16768
6.07477
5.98034
5.88311
5.79866
5.67753
5.69764
5.29047
6.21189
3.71202
9.53692
3.52557
3.59837
3.67965
3.76675
3.85513
3.94287
4.03135
4.12184
4.21462
4.33253
4.49431
4.69782
4.96715
5.34127
5.82571
6.30808
6.59674
6.6524
6.5957
6.50655
6.40026
6.28041
6.14176
5.99034
5.83777
5.67151
5.48363
5.28289
5.07241
4.85418
4.62943
4.39818
4.16052
3.91741
3.67029
3.42029
3.1676
2.91134
2.64966
2.38006
2.09998
1.80742
1.50161
1.18345
0.855513
0.521686
0.186471
-0.145791
-0.471521
-0.788162
-1.09399
-1.38769
-1.66788
-1.93288
-2.18072
-2.40931
-2.61666
-2.801
-2.96086
-3.09505
-3.20287
-3.28409
-3.3391
-3.36877
-3.3745
-3.35867
-3.32231
-3.27918
-3.22931
-3.1796
-3.10076
-3.04946
-2.90794
-2.91103
-2.59613
-2.8535
-2.00748
-3.17613
-0.668114
-4.86469
3.45415
3.40682
3.37259
3.35007
3.33682
3.3321
3.3349
3.342
3.35055
3.36046
3.37247
3.38706
3.40499
3.42718
3.45449
3.48757
3.52694
3.57282
3.6253
3.68426
3.74943
3.82042
3.89674
3.97784
4.0631
4.15186
4.24343
4.33714
4.4324
4.52873
4.62579
4.72348
4.8219
4.92126
5.02193
5.12428
5.22857
5.33489
5.44301
5.55233
5.66186
5.77023
5.8758
5.97681
6.07155
6.15857
6.2368
6.30569
6.36518
6.41561
6.45757
6.49172
6.51858
6.53858
6.55205
6.55932
6.56073
6.55653
6.54661
6.53036
6.50659
6.47376
6.42991
6.37289
6.30115
6.21434
6.11372
6.02138
5.9395
5.85426
5.7691
5.6836
5.5984
5.52627
5.42632
5.44771
5.09308
5.94656
3.60698
9.21325
2.85079
2.87408
2.90575
2.9459
2.988
3.0289
3.06935
3.11091
3.15392
3.2034
3.25363
3.3223
3.42718
3.56375
3.74912
3.98469
4.20545
4.30699
4.27689
4.19214
4.10215
4.00501
3.84342
3.59271
3.41881
3.30038
3.16259
3.00874
2.85236
2.69672
2.54476
2.39769
2.25417
2.11302
1.97386
1.83611
1.69833
1.55816
1.4125
1.25776
1.09032
0.907213
0.7069
0.489836
0.258502
0.0169476
-0.230119
-0.478365
-0.724548
-0.966745
-1.20402
-1.4357
-1.66081
-1.87764
-2.08387
-2.27679
-2.45368
-2.61204
-2.74982
-2.8655
-2.95824
-3.02782
-3.07481
-3.10016
-3.10523
-3.09213
-3.06132
-3.02466
-2.98185
-2.93981
-2.87089
-2.82831
-2.70156
-2.71027
-2.42209
-2.67041
-1.88489
-3.0002
-0.62208
-4.66721
2.83372
2.8242
2.82091
2.82014
2.82016
2.82258
2.82925
2.83951
2.85217
2.8667
2.88248
2.89906
2.91656
2.93538
2.95606
2.97922
3.00554
3.03558
3.06988
3.10886
3.15283
3.20201
3.25649
3.3163
3.38133
3.45139
3.52617
3.60527
3.68823
3.77461
3.864
3.95611
4.05082
4.14809
4.24802
4.35075
4.45639
4.56488
4.67596
4.78905
4.90325
5.01732
5.1298
5.23912
5.34373
5.44232
5.5339
5.61793
5.69424
5.76301
5.82452
5.87903
5.92657
5.96698
5.99996
6.02524
6.04286
6.05307
6.05622
6.05263
6.04232
6.0248
5.99886
5.96236
5.91304
5.84907
5.76974
5.69277
5.62175
5.54526
5.46724
5.3887
5.31227
5.24889
5.16655
5.18688
4.8862
5.66292
3.50452
8.85362
2.41222
2.36729
2.35978
2.36107
2.36271
2.3599
2.35338
2.34581
2.3378
2.31367
2.25946
2.23341
2.24179
2.24851
2.25464
2.26993
2.29736
2.31342
2.2796
2.20029
2.11624
2.04386
1.93586
1.68377
1.32927
1.21764
1.18204
1.101
1.03343
0.974396
0.893476
0.792348
0.687699
0.589575
0.500527
0.419762
0.345307
0.274274
0.202841
0.126471
0.0404594
-0.0592276
-0.175083
-0.307387
-0.454113
-0.611585
-0.775481
-0.942075
-1.10894
-1.2751
-1.44054
-1.60536
-1.76918
-1.93063
-2.08744
-2.23673
-2.37537
-2.5004
-2.60926
-2.70003
-2.77157
-2.82355
-2.85652
-2.87144
-2.86965
-2.85313
-2.82188
-2.78666
-2.74694
-2.70866
-2.6466
-2.60927
-2.49615
-2.50649
-2.2474
-2.47887
-1.76285
-2.80977
-0.583418
-4.44945
2.46132
2.48099
2.50107
2.51693
2.5289
2.54002
2.55235
2.5668
2.58379
2.60304
2.62374
2.64522
2.66703
2.68889
2.71066
2.73243
2.75443
2.77698
2.80046
2.8253
2.85191
2.88076
2.9123
2.947
2.98534
3.02775
3.07462
3.12623
3.18279
3.2444
3.31108
3.3828
3.45954
3.5413
3.62801
3.71961
3.81604
3.91707
4.0223
4.13111
4.24265
4.35579
4.46926
4.58169
4.69169
4.79802
4.89968
4.99598
5.08652
5.17109
5.24957
5.32174
5.38711
5.44498
5.49456
5.53505
5.56611
5.58784
5.60079
5.60593
5.60424
5.59635
5.58211
5.56012
5.52815
5.48371
5.42464
5.36412
5.30578
5.23997
5.17032
5.09861
5.02899
4.97125
4.90281
4.91761
4.67466
5.35665
3.4144
8.45033
2.0023
1.96685
1.93723
1.91976
1.89873
1.86574
1.82257
1.77377
1.7211
1.62496
1.44921
1.29441
1.19569
1.11107
1.02429
0.932069
0.833203
0.728392
0.619543
0.504832
0.388094
0.286029
0.200688
0.0757421
-0.128391
-0.263542
-0.241832
-0.256244
-0.325751
-0.390117
-0.435899
-0.482511
-0.536401
-0.591599
-0.641512
-0.684478
-0.722098
-0.756493
-0.789744
-0.824474
-0.864103
-0.912106
-0.971002
-1.04152
-1.12246
-1.21118
-1.30455
-1.39989
-1.49572
-1.59177
-1.68868
-1.78727
-1.88789
-1.99005
-2.09228
-2.19223
-2.28709
-2.37385
-2.44972
-2.5124
-2.56041
-2.59311
-2.61077
-2.61422
-2.60463
-2.58372
-2.55153
-2.51737
-2.48104
-2.44584
-2.39263
-2.35888
-2.26566
-2.27222
-2.05748
-2.25669
-1.63975
-2.58679
-0.560358
-4.2039
2.05011
2.0936
2.13393
2.17024
2.20362
2.23493
2.26515
2.29527
2.326
2.35757
2.38991
2.42282
2.45597
2.48896
2.52142
2.55307
2.58369
2.61319
2.64152
2.66867
2.69471
2.71975
2.74404
2.76788
2.79171
2.81607
2.84161
2.86899
2.89891
2.93204
2.96899
3.01029
3.05643
3.10781
3.16471
3.22735
3.29588
3.37036
3.45063
3.53641
3.62723
3.72242
3.82118
3.92254
4.02536
4.1286
4.23114
4.33198
4.43028
4.52521
4.61599
4.70178
4.78149
4.85396
4.91801
4.97245
5.01647
5.04994
5.07324
5.08748
5.09421
5.09494
5.09064
5.08107
5.06493
5.03994
5.00338
4.96365
4.9232
4.87415
4.81883
4.75917
4.70029
4.64993
4.5981
4.60175
4.43805
4.98239
3.34125
7.95461
1.60799
1.56495
1.54144
1.52701
1.50583
1.47277
1.4332
1.39032
1.34369
1.28328
1.16608
0.931324
0.702522
0.563465
0.459415
0.362839
0.265807
0.164032
0.0534311
-0.0685816
-0.202427
-0.341753
-0.468059
-0.574197
-0.703542
-0.913893
-1.06239
-0.97067
-0.875251
-0.871346
-0.893434
-0.905755
-0.910091
-0.915579
-0.925181
-0.936379
-0.947811
-0.961058
-0.978358
-1.0016
-1.03264
-1.07349
-1.1256
-1.18876
-1.26089
-1.33852
-1.41781
-1.49562
-1.57024
-1.64147
-1.71026
-1.77805
-1.84606
-1.91483
-1.98391
-2.05189
-2.11667
-2.17579
-2.22681
-2.26771
-2.29715
-2.31465
-2.32051
-2.31556
-2.30082
-2.27785
-2.24663
-2.21554
-2.18366
-2.15389
-2.10925
-2.08382
-2.0061
-2.0218
-1.83527
-2.03574
-1.47253
-2.39439
-0.47513
-4.0485
1.66386
1.71765
1.77157
1.82394
1.87478
1.92381
1.97126
2.01764
2.06343
2.10906
2.15492
2.20119
2.24786
2.29472
2.34146
2.38773
2.4332
2.47758
2.52061
2.56201
2.60152
2.63891
2.67404
2.70678
2.73715
2.76525
2.79135
2.81584
2.83923
2.8621
2.88508
2.9088
2.9339
2.96101
2.99067
3.02346
3.05993
3.10057
3.14583
3.19611
3.25169
3.31271
3.37915
3.4507
3.52691
3.60711
3.69039
3.77575
3.86218
3.94851
4.03356
4.1161
4.19469
4.26784
4.33402
4.39175
4.43984
4.47772
4.50542
4.52386
4.53471
4.53994
4.54133
4.53974
4.53514
4.52613
4.5101
4.4917
4.47123
4.4426
4.40669
4.36455
4.32113
4.28296
4.24768
4.25023
4.14096
4.62319
3.13237
7.64576
1.52409
1.47611
1.43997
1.41424
1.3904
1.36349
1.33507
1.30681
1.27904
1.25268
1.20883
1.10392
0.949218
0.811652
0.705767
0.620992
0.550628
0.488782
0.428291
0.362781
0.288159
0.201298
0.102897
0.00374936
-0.080735
-0.159259
-0.275776
-0.468075
-0.531182
-0.254565
-0.125237
-0.126476
-0.178081
-0.238128
-0.293419
-0.345147
-0.395794
-0.447162
-0.501609
-0.561721
-0.629458
-0.706235
-0.792811
-0.88852
-0.990925
-1.09613
-1.19978
-1.2982
-1.38917
-1.4721
-1.54772
-1.61749
-1.68298
-1.74529
-1.80476
-1.86084
-1.91227
-1.95739
-1.99448
-2.02218
-2.03976
-2.04721
-2.04512
-2.03443
-2.01615
-1.99178
-1.96129
-1.93257
-1.90406
-1.87821
-1.83973
-1.8202
-1.75414
-1.77755
-1.61337
-1.81849
-1.29735
-2.20924
-0.372186
-3.90423
1.57272
1.61951
1.6682
1.71761
1.76686
1.81533
1.86276
1.90919
1.95489
2.00023
2.04567
2.09164
2.13845
2.18617
2.23471
2.28384
2.33332
2.38282
2.43204
2.48063
2.52825
2.57457
2.61931
2.66214
2.70279
2.74101
2.77667
2.80971
2.84018
2.8682
2.89398
2.91779
2.93994
2.96078
2.98068
3.00011
3.01959
3.03969
3.06112
3.08464
3.11105
3.14113
3.17553
3.21473
3.25903
3.30834
3.36232
3.42036
3.48164
3.54516
3.60971
3.67407
3.73682
3.79644
3.85138
3.90004
3.94103
3.9734
3.99678
4.01168
4.01949
4.02219
4.02193
4.02054
4.01925
4.0179
4.01472
4.01227
4.0084
3.99839
3.98167
3.95794
3.93108
3.90629
3.88606
3.88891
3.82455
4.26381
2.89031
7.34515
1.53175
1.51021
1.46734
1.43472
1.40716
1.38148
1.35989
1.34336
1.33037
1.31967
1.31211
1.29463
1.21363
1.01532
0.826301
0.718801
0.653422
0.612677
0.585827
0.564764
0.544012
0.520878
0.494897
0.46854
0.447493
0.437135
0.43528
0.437681
0.428225
0.431362
0.435196
0.415419
0.37644
0.313553
0.225404
0.138061
0.0596373
-0.0182526
-0.100435
-0.187651
-0.280236
-0.379172
-0.485235
-0.597885
-0.714836
-0.8324
-0.946406
-1.05332
-1.15099
-1.23886
-1.3176
-1.38864
-1.45353
-1.51349
-1.56905
-1.61986
-1.6649
-1.70282
-1.73235
-1.75272
-1.76381
-1.76615
-1.76063
-1.74828
-1.73005
-1.70726
-1.67985
-1.65492
-1.63074
-1.60931
-1.57691
-1.56253
-1.5068
-1.53581
-1.39227
-1.59847
-1.11922
-2.01434
-0.265375
-3.72983
1.54567
1.5807
1.61768
1.65651
1.69618
1.73608
1.77565
1.81458
1.85278
1.89044
1.92796
1.96586
2.00472
2.04495
2.08679
2.13037
2.17562
2.22232
2.2702
2.31887
2.36795
2.41708
2.46585
2.51394
2.56097
2.60662
2.6506
2.69269
2.73266
2.77038
2.80574
2.83862
2.86897
2.89673
2.92185
2.94437
2.96441
2.98219
2.99812
3.01275
3.02684
3.04122
3.05681
3.07445
3.09487
3.11858
3.14579
3.17643
3.21018
3.2465
3.28462
3.32368
3.36266
3.40038
3.43558
3.46689
3.49295
3.51273
3.52553
3.5314
3.53128
3.52681
3.52018
3.51375
3.50975
3.50931
3.51184
3.51927
3.52729
3.5323
3.53268
3.5268
3.51698
3.50691
3.50171
3.50662
3.48275
3.87883
2.63106
6.9589
1.8237
1.79323
1.77118
1.75343
1.73818
1.72538
1.71572
1.70909
1.7051
1.70375
1.70551
1.71221
1.70353
1.60124
1.29088
0.97936
0.828984
0.754726
0.711988
0.683751
0.660219
0.634659
0.603758
0.568772
0.534462
0.504436
0.48042
0.47186
0.487045
0.483014
0.23139
-0.338341
-0.513983
-0.556207
-0.57531
-0.590626
-0.604503
-0.618555
-0.63759
-0.664406
-0.698356
-0.738585
-0.785157
-0.838016
-0.895774
-0.955641
-1.01434
-1.06917
-1.1187
-1.16291
-1.20279
-1.23983
-1.27541
-1.31039
-1.34473
-1.37742
-1.40683
-1.4312
-1.44916
-1.46012
-1.46421
-1.4621
-1.45468
-1.44283
-1.42718
-1.40872
-1.3871
-1.36823
-1.35027
-1.3351
-1.31028
-1.30223
-1.25709
-1.29129
-1.16674
-1.37184
-0.931788
-1.80501
-0.146373
-3.52387
1.85378
1.8767
1.90099
1.92654
1.95316
1.98039
2.00769
2.03443
2.06014
2.08459
2.10785
2.13029
2.15244
2.17497
2.19852
2.22366
2.25077
2.28002
2.31141
2.34475
2.37972
2.41589
2.45283
2.49009
2.52727
2.56397
2.59988
2.63476
2.66841
2.7007
2.73152
2.76074
2.78828
2.81397
2.8376
2.85897
2.87785
2.89408
2.90757
2.91842
2.92686
2.93335
2.93848
2.94294
2.9474
2.9525
2.95874
2.9664
2.97556
2.98617
2.99796
3.0106
3.02363
3.0364
3.04821
3.05817
3.06526
3.06854
3.06724
3.06109
3.05052
3.03668
3.02141
3.00717
2.99682
2.9925
2.99478
3.00605
3.02061
3.03563
3.04913
3.05859
3.06469
3.06962
3.07908
3.08792
3.0994
3.45269
2.32912
6.49504
1.47876
1.45112
1.42472
1.40167
1.37765
1.35248
1.32964
1.31112
1.29594
1.2826
1.2702
1.25957
1.25074
1.22358
1.12641
0.940135
0.745053
0.624855
0.551745
0.496396
0.445028
0.390679
0.329634
0.261753
0.190916
0.122486
0.059568
0.00425717
-0.0382473
-0.0739987
-0.157551
-0.453333
-0.961447
-1.464
-1.56791
-1.54247
-1.49754
-1.46865
-1.44576
-1.42354
-1.40456
-1.38944
-1.37669
-1.36513
-1.3539
-1.34177
-1.32728
-1.30956
-1.28886
-1.26652
-1.24456
-1.22512
-1.20984
-1.19949
-1.19368
-1.191
-1.18951
-1.18734
-1.18322
-1.17662
-1.16765
-1.15674
-1.14448
-1.13132
-1.1174
-1.10309
-1.08764
-1.07552
-1.06448
-1.05649
-1.04021
-1.03946
-1.0051
-1.04418
-0.936555
-1.13848
-0.732294
-1.57919
-0.00747978
-3.28238
1.50553
1.53491
1.56512
1.59642
1.62887
1.66237
1.69662
1.73098
1.76475
1.79725
1.82798
1.85675
1.88363
1.909
1.93348
1.9578
1.98272
2.00891
2.03689
2.06694
2.09908
2.13316
2.16884
2.20569
2.2432
2.28088
2.31823
2.3549
2.39061
2.42518
2.45847
2.49043
2.52104
2.55023
2.57785
2.60372
2.62755
2.64898
2.66769
2.68337
2.69578
2.70488
2.71078
2.71369
2.71398
2.71209
2.70847
2.70349
2.69747
2.69069
2.68331
2.67548
2.66734
2.65883
2.64989
2.64025
2.62943
2.61684
2.60185
2.58409
2.56357
2.54088
2.51735
2.49512
2.4772
2.46627
2.46386
2.47359
2.4891
2.50815
2.52904
2.54902
2.5675
2.58542
2.60753
2.62079
2.66198
2.97395
1.9645
5.95163
1.63978
1.62371
1.59714
1.5721
1.55031
1.53258
1.51851
1.5072
1.49782
1.48995
1.48362
1.47853
1.47607
1.47313
1.4679
1.45603
1.41749
1.29233
1.1476
1.08059
1.04695
1.02252
0.99874
0.97233
0.943836
0.916498
0.893696
0.876544
0.864636
0.860484
0.870513
0.8762
0.687081
-1.05416
-2.86903
-2.89164
-2.77042
-2.62148
-2.49155
-2.37874
-2.27286
-2.17071
-2.07135
-1.97349
-1.87625
-1.77948
-1.68348
-1.58893
-1.49693
-1.40899
-1.32683
-1.25208
-1.18579
-1.12825
-1.07878
-1.03604
-0.998439
-0.964618
-0.933724
-0.905405
-0.87966
-0.856675
-0.8367
-0.819772
-0.805531
-0.793731
-0.783197
-0.776909
-0.772231
-0.771316
-0.763694
-0.770497
-0.74663
-0.790015
-0.697081
-0.893387
-0.516137
-1.32843
0.154684
-2.96916
1.65061
1.66917
1.68765
1.70648
1.72589
1.7463
1.76785
1.79032
1.81322
1.83587
1.85751
1.87743
1.89509
1.91015
1.92261
1.9328
1.94129
1.94886
1.9563
1.96431
1.97346
1.98415
1.99654
2.01053
2.0259
2.04232
2.05937
2.07671
2.09402
2.11112
2.12791
2.1444
2.1607
2.17691
2.19309
2.20929
2.22536
2.24105
2.25599
2.26975
2.28179
2.29165
2.29893
2.3033
2.30463
2.30281
2.29791
2.29005
2.27938
2.26615
2.25063
2.23322
2.21431
2.19433
2.17369
2.15265
2.13125
2.10935
2.08657
2.06256
2.03704
2.01008
1.98242
1.95561
1.93234
1.91532
1.90659
1.91125
1.92351
1.94132
1.96385
1.98862
2.01425
2.04077
2.07095
2.08575
2.14826
2.42031
1.5056
5.27089
0.749129
0.714285
0.689772
0.664899
0.637098
0.607072
0.578472
0.553763
0.532144
0.511225
0.489459
0.46618
0.441142
0.41395
0.384854
0.355969
0.325724
0.285474
0.224207
0.141986
0.0623982
0.000179111
-0.0568223
-0.115478
-0.177912
-0.243569
-0.310738
-0.378415
-0.447136
-0.517154
-0.584784
-0.647177
-0.735953
-0.950368
-1.42001
-1.66629
-1.69324
-1.6756
-1.65063
-1.64249
-1.64355
-1.64057
-1.62551
-1.59645
-1.55528
-1.50463
-1.44681
-1.38395
-1.31794
-1.25022
-1.18186
-1.1138
-1.04694
-0.982038
-0.91964
-0.860155
-0.80392
-0.751308
-0.702798
-0.658881
-0.620018
-0.586636
-0.559119
-0.537478
-0.521218
-0.509768
-0.501783
-0.499269
-0.498711
-0.502646
-0.50138
-0.513492
-0.497406
-0.542612
-0.460088
-0.647049
-0.292508
-1.05538
0.329596
-2.54373
0.781931
0.80423
0.825776
0.846873
0.868046
0.889917
0.913051
0.937836
0.964399
0.992566
1.02193
1.0519
1.08176
1.11076
1.13825
1.16386
1.18752
1.20944
1.23
1.24977
1.26934
1.28929
1.31006
1.3318
1.35455
1.37814
1.40225
1.42647
1.45041
1.47373
1.49619
1.51769
1.53827
1.55805
1.57723
1.59603
1.6146
1.63292
1.65086
1.66821
1.68455
1.69939
1.71224
1.72261
1.73004
1.73415
1.73471
1.73154
1.72462
1.71399
1.6999
1.68273
1.66297
1.64127
1.61834
1.59479
1.57109
1.54751
1.52397
1.50022
1.47582
1.45044
1.42416
1.39779
1.37336
1.353
1.33883
1.33751
1.34378
1.35592
1.37425
1.39708
1.423
1.45205
1.4849
1.49744
1.57008
1.80352
0.964864
4.39096
-0.23981
-0.257908
-0.276298
-0.296206
-0.317668
-0.338543
-0.356662
-0.37145
-0.384081
-0.396254
-0.40904
-0.423012
-0.439058
-0.458225
-0.480932
-0.506227
-0.531396
-0.553891
-0.574938
-0.598823
-0.631967
-0.67888
-0.726825
-0.764707
-0.799423
-0.833259
-0.865402
-0.893117
-0.913416
-0.925029
-0.929599
-0.930407
-0.934458
-0.970729
-1.10151
-1.35545
-1.49373
-1.44382
-1.3814
-1.29823
-1.19128
-1.08636
-1.00249
-0.939784
-0.887631
-0.837296
-0.788552
-0.745248
-0.708764
-0.676729
-0.645255
-0.611312
-0.57372
-0.532877
-0.48997
-0.446428
-0.403568
-0.362429
-0.323888
-0.288684
-0.257533
-0.231152
-0.210216
-0.194956
-0.185049
-0.180011
-0.178613
-0.181386
-0.186471
-0.1964
-0.202215
-0.220215
-0.212489
-0.258908
-0.189773
-0.358414
-0.049086
-0.693686
0.457453
-1.77908
-0.220945
-0.201236
-0.182652
-0.165463
-0.149303
-0.133743
-0.11822
-0.102123
-0.084907
-0.0661834
-0.0457251
-0.0235306
0.000160291
0.0248745
0.0500419
0.0751261
0.0997121
0.123573
0.14666
0.169199
0.191618
0.2144
0.238027
0.262904
0.289297
0.31726
0.346667
0.377209
0.408483
0.440073
0.471553
0.502621
0.53307
0.562842
0.592014
0.620722
0.649118
0.677273
0.705231
0.732877
0.759933
0.786039
0.810743
0.833515
0.85381
0.871161
0.885117
0.895347
0.901637
0.903888
0.902199
0.896814
0.888192
0.876964
0.863896
0.849782
0.835335
0.821113
0.807293
0.793751
0.780025
0.765489
0.749635
0.732468
0.715036
0.698496
0.684442
0.679413
0.681348
0.688473
0.701963
0.720646
0.74267
0.767143
0.792385
0.789117
0.840537
1.03294
0.279195
3.00651
0.87751
0.870712
0.867108
0.865802
0.8661
0.866769
0.867421
0.868425
0.870351
0.873747
0.878987
0.885895
0.893482
0.900334
0.90542
0.908617
0.910876
0.913865
0.919162
0.927909
0.939085
0.951779
0.967069
0.985235
1.00795
1.03478
1.06232
1.08803
1.11001
1.1266
1.13521
1.13136
1.10898
1.0614
0.978393
0.829465
0.541003
0.129623
-0.0411554
-0.142634
-0.304
-0.452932
-0.542136
-0.569791
-0.562191
-0.543158
-0.525941
-0.514366
-0.5058
-0.49588
-0.480952
-0.458968
-0.429922
-0.395576
-0.358491
-0.320988
-0.284597
-0.25001
-0.217498
-0.187289
-0.159807
-0.135608
-0.115241
-0.0989765
-0.0867479
-0.0783866
-0.0731934
-0.0725811
-0.0722922
-0.075132
-0.0744526
-0.0825904
-0.0716761
-0.0994894
-0.0464566
-0.150891
0.0499489
-0.313164
0.346215
-0.779572
0.884618
0.888896
0.892082
0.893748
0.8937
0.891864
0.888272
0.883121
0.876735
0.869503
0.861842
0.854103
0.846517
0.839111
0.831733
0.824098
0.815839
0.806598
0.796068
0.784117
0.770831
0.756442
0.741332
0.725974
0.710827
0.696253
0.682477
0.669528
0.657261
0.645418
0.633644
0.621582
0.608932
0.595541
0.581406
0.566662
0.551579
0.536501
0.521817
0.50785
0.494839
0.482925
0.472127
0.462328
0.45332
0.444844
0.436568
0.428175
0.419356
0.409867
0.399545
0.388316
0.376269
0.363619
0.350727
0.338018
0.325927
0.314827
0.304845
0.295885
0.287558
0.279251
0.270303
0.26036
0.249632
0.238063
0.226253
0.221007
0.217377
0.214311
0.213521
0.215459
0.22078
0.231648
0.249308
0.253911
0.288466
0.38728
-0.0118982
1.26087
)
;

boundaryField
{
    inlet
    {
        type            freestreamPressure;
        freestreamValue uniform 0;
        value           nonuniform List<scalar> 
134
(
1.02214
0.433328
-0.186571
-0.73307
-1.13734
-1.39932
-1.47305
-1.3542
-1.04858
-0.465264
-0.0812414
-0.148179
-0.261102
-0.368676
-0.478368
-0.593641
-0.715365
-0.844114
-0.981679
-1.13134
1.59415
-1.29766
-1.48302
-1.67899
-1.86354
-1.99736
-2.06279
-2.17725
-2.18142
-2.22627
-2.66396
-2.44942
-2.45983
-2.50979
-2.54841
-2.56939
-2.58961
-2.63695
-2.75184
-2.89049
2.13027
2.67795
3.13439
3.37422
3.2989
2.73119
1.47188
-3.19624
-3.13126
-3.02361
-2.95289
-2.90224
-2.84627
-2.78189
-2.71476
-2.64758
-2.57995
-2.51105
-2.44085
-2.36943
-2.29629
-2.22044
-2.14033
-2.05358
-1.95789
-1.84989
-1.78155
-1.71806
-1.64127
-1.55053
-1.4441
-1.30606
-1.11861
-0.782088
-0.342498
0.507106
1.12758
1.8096
2.48
3.12953
3.74326
4.26095
4.65316
4.93091
5.10516
5.20188
5.24926
5.27108
5.28586
5.32063
5.41928
5.59788
5.78951
5.94396
6.06966
6.17922
6.27486
6.35262
6.41029
6.44877
6.47162
6.48738
6.51337
6.59285
6.79101
7.21046
7.38144
7.20004
6.99623
6.87031
6.76964
6.65375
6.52578
6.39657
6.26755
6.13567
5.99883
5.85612
5.70672
5.54905
5.38063
5.19825
4.9956
4.76835
4.48894
4.31509
4.14599
3.92866
3.66757
3.36162
2.97811
2.48195
1.70014
0.71352
)
;
    }
    outlet
    {
        type            freestreamPressure;
        freestreamValue uniform 0;
        value           nonuniform List<scalar> 
160
(
0.00227567
0.00229973
0.00225427
0.00231675
0.00224079
0.00233116
0.00223268
0.00234175
0.00222819
0.00234796
0.00222453
0.00234948
0.00222094
0.00234634
0.00221838
0.00233894
0.00221826
0.00232804
0.00222177
0.00231462
0.00222951
0.00229974
0.00224065
0.00228438
0.00225272
0.0022692
0.00226277
0.00225438
0.00226906
0.0022396
0.00227186
0.00222415
0.00227343
0.00220709
0.00227712
0.00218744
0.00228557
0.0021643
0.00229985
0.00213724
0.00231685
0.00210637
0.0023362
0.00207223
0.0023605
0.00203581
0.0023954
0.00199837
0.00244636
0.0019612
0.00251213
0.00192539
0.00258561
0.00189163
0.00266188
0.00186011
0.0027386
0.00183052
0.00281338
0.00180218
0.00287832
0.00177414
0.002916
0.00174536
0.0029009
0.00171498
0.00280558
0.00168247
0.00259975
0.00164776
0.00220656
0.00161116
0.00144049
0.0015734
0.000358591
0.00153542
-8.78628e-05
0.00149836
-0.00035067
0.00146316
-0.000779275
0.00143057
-0.00118467
0.00140105
-0.001431
0.00137471
-0.0015088
0.00135128
-0.00149134
0.00133019
-0.00144509
0.0013107
-0.00140565
0.00129185
-0.00138268
0.0012727
-0.00136849
0.00125231
-0.0013509
0.00122989
-0.00131957
0.00120491
-0.00126827
0.00117709
-0.00119641
0.00114661
-0.00110848
0.00111409
-0.00101148
0.00108059
-0.000911915
0.00104743
-0.000814144
0.00101599
-0.000720179
0.0009875
-0.000630877
0.000962444
-0.000547024
0.0009406
-0.000470035
0.000920788
-0.000401743
0.000901046
-0.000343996
0.000879178
-0.000297844
0.000853899
-0.000263314
0.000825751
-0.000240136
0.000794489
-0.000226366
0.000761987
-0.000226311
0.000750239
-0.000227005
0.000743448
-0.000237541
0.000739007
-0.000237356
0.000743116
-0.00026485
0.000757625
-0.000232618
0.000785313
-0.000323229
0.000834445
-0.000154824
0.000910632
-0.000493306
0.000942874
0.000170878
0.00108791
-0.00100436
0.0014887
0.001302
-4.81011e-05
-0.00225005
0.00472933
)
;
    }
    walls
    {
        type            zeroGradient;
    }
    frontAndBack
    {
        type            empty;
    }
}


// ************************************************************************* //
