/*--------------------------------*- C++ -*----------------------------------*\
| =========                 |                                                 |
| \\      /  F ield         | OpenFOAM: The Open Source CFD Toolbox           |
|  \\    /   O peration     | Version:  2312                                  |
|   \\  /    A nd           | Website:  www.openfoam.com                      |
|    \\/     M anipulation  |                                                 |
\*---------------------------------------------------------------------------*/
FoamFile
{
    version     2.0;
    format      ascii;
    arch        "LSB;label=32;scalar=64";
    class       volScalarField;
    location    "400";
    object      p;
}
// * * * * * * * * * * * * * * * * * * * * * * * * * * * * * * * * * * * * * //

dimensions      [0 2 -2 0 0 0 0];

internalField   nonuniform List<scalar> 
10720
(
37.7578
-26.0995
-101.905
-178.665
-252.078
-327.937
-397.272
-457.754
-511.917
-556.489
-592.752
-621.675
-643.451
-659.124
-669.485
-673.995
-673.425
-666.7
-654.916
-637.043
-614.101
-585.025
-549.654
-506.725
-458.057
-418.249
-391.244
-342.433
-286.114
-251.606
-223.618
-189.844
-151.639
-111.608
-76.6296
-62.1672
-17.9
32.3143
-15.6989
99.6509
155.261
211.995
263.04
303.798
329.733
339.616
338.576
326.669
304.933
279.142
253.086
227.952
204.513
183.337
163.797
145.715
128.546
111.999
95.4907
78.9514
62.0427
44.8999
27.9771
13.2983
2.07527
-6.82624
-13.9968
-19.5447
-23.3493
-25.4263
-25.8721
-24.8888
-22.5388
-18.993
-14.2196
-8.57682
0.706564
17.9409
109.427
61.1775
6.23938
-53.181
-115.254
-179.738
-243.465
-304.393
-361.691
-413.599
-459.591
-499.348
-532.869
-560.315
-581.544
-596.278
-604.589
-606.356
-602.318
-592.128
-576.154
-553.124
-521.985
-481.422
-436.67
-396.612
-360.324
-327.715
-296.004
-262.481
-227.182
-190.247
-151.373
-111.463
-76.5768
-62.2471
-17.793
31.979
-15.5938
152.224
192.324
231.373
267.735
297.863
318.825
328.909
328.848
319.129
301.88
280.559
257.712
234.643
212.25
191.167
171.334
152.68
134.908
117.745
100.81
83.9811
66.9951
49.938
33.2996
18.6817
7.02558
-2.49521
-10.2805
-16.3109
-20.5009
-22.9325
-23.7263
-23.0786
-21.0437
-17.7822
-13.2334
-7.79824
2.55062
19.5975
116.4
73.1889
23.7397
-31.4736
-89.672
-150.363
-211.982
-272.086
-329.141
-382.031
-429.462
-470.932
-506.18
-534.792
-556.665
-572.164
-581.51
-584.621
-581.734
-572.712
-557.613
-535.768
-506.692
-469.627
-428.25
-389.327
-353.479
-324.29
-294.669
-260.839
-225.133
-188.326
-150.227
-111.342
-76.8012
-61.788
-16.8713
32.3864
-14.5689
154.77
191.135
226.363
258.637
284.952
303.558
313.516
314.909
307.999
294.35
276.196
255.633
234.12
212.67
192
172.345
153.707
135.923
118.771
101.93
85.2208
68.4859
51.7743
35.4777
20.8767
8.91834
-0.856597
-8.82928
-15.0048
-19.3379
-21.9267
-22.8671
-22.3417
-20.4047
-17.2052
-12.6939
-7.00706
3.45199
20.4738
126.922
90.5453
48.4587
1.59817
-48.2644
-101.177
-155.594
-209.853
-262.719
-313.026
-359.646
-401.832
-439.005
-470.717
-496.688
-516.933
-531.526
-540.027
-542.382
-538.436
-528.071
-510.817
-486.365
-454.55
-418.318
-382.717
-350.376
-321.533
-291.262
-257.969
-223.065
-186.884
-149.417
-111.395
-77.1276
-60.673
-15.5039
33.0664
-14.2493
159.101
189.402
219.094
246.78
269.704
286.522
296.41
299.045
294.511
283.998
269.123
251.539
232.507
212.967
193.619
174.815
156.665
139.135
122.089
105.309
88.6532
72.0153
55.4491
39.3418
24.7471
12.5543
2.52054
-5.71993
-12.1881
-16.8387
-19.7425
-20.9815
-20.7309
-19.0424
-16.0555
-11.6971
-6.01878
4.4456
21.7362
126.624
94.2919
56.7203
14.6622
-30.1793
-78.2617
-128.301
-178.826
-228.909
-277.421
-323.249
-365.576
-403.672
-436.933
-464.898
-487.334
-503.934
-514.444
-518.706
-516.673
-508.234
-493.107
-471.078
-442.3
-408.937
-375.404
-344.571
-316.103
-286.459
-254.364
-220.485
-185.13
-148.411
-111.243
-77.3688
-59.5617
-14.4469
33.4162
-15.8003
155.277
182.125
208.556
233.27
253.83
269.373
279.184
282.775
280.186
272.28
260.238
245.342
228.622
210.925
192.926
175.039
157.478
140.313
123.498
106.911
90.4429
74.0332
57.7495
41.9396
27.4623
15.1287
4.87411
-3.60214
-10.3171
-15.2156
-18.3462
-19.7923
-19.7235
-18.1912
-15.3244
-11.0386
-5.31443
5.10353
22.1319
124.393
95.6974
62.2261
24.7887
-15.0869
-58.1128
-103.112
-148.908
-194.834
-239.878
-283.109
-323.765
-361.086
-394.404
-423.179
-447.005
-465.486
-478.472
-485.652
-486.825
-481.741
-470.087
-451.674
-426.782
-397.305
-366.646
-337.444
-309.877
-281.282
-250.361
-217.448
-182.952
-147.128
-110.89
-77.587
-58.64
-14.0259
33.0224
-17.9081
149.855
173.658
197.284
219.555
238.233
252.774
262.477
266.763
265.691
259.888
250.255
237.803
223.355
207.631
191.24
174.593
157.947
141.441
125.102
108.882
92.7243
76.6076
60.6164
45.077
30.7173
18.2762
7.82315
-0.86749
-7.81245
-12.9513
-16.3307
-18.0268
-18.1985
-16.8896
-14.2132
-10.0759
-4.38933
5.9241
21.9334
119.817
93.9054
63.6192
29.7374
-6.2558
-45.2633
-86.241
-128.166
-170.601
-212.659
-253.543
-292.584
-329.026
-362.185
-391.469
-416.352
-436.372
-451.147
-460.291
-463.497
-460.528
-451.163
-435.314
-413.383
-386.939
-358.628
-330.848
-304.165
-276.444
-246.489
-214.481
-180.831
-145.889
-110.551
-77.8329
-57.8271
-14.1637
31.8349
-19.3022
142.848
164.329
185.785
206.127
223.31
237.024
246.584
251.368
251.464
247.347
239.717
229.387
217.006
203.163
188.385
173.046
157.413
141.674
125.91
110.141
94.3596
78.5878
62.9273
47.6864
33.4907
21.0099
10.4066
1.53047
-5.62729
-11.0016
-14.6245
-16.5578
-16.9446
-15.8244
-13.3003
-9.26978
-3.6022
6.60246
21.7693
114.358
90.7984
63.2263
32.4188
-0.198152
-35.6289
-72.9162
-111.169
-150.108
-188.981
-227.106
-263.928
-298.759
-330.944
-359.873
-384.978
-405.717
-421.638
-432.382
-437.604
-436.972
-430.222
-417.254
-398.47
-375.159
-349.402
-323.341
-297.797
-271.094
-242.232
-211.266
-178.563
-144.551
-110.161
-78.0268
-57.1403
-14.5709
29.8969
-20.1423
135.344
154.891
174.543
193.284
209.23
222.229
231.611
236.744
237.731
234.95
228.968
220.449
209.913
197.831
184.646
170.674
156.174
141.346
126.309
111.125
95.8355
80.4941
65.2213
50.3111
36.3193
23.8549
13.145
4.11262
-3.23521
-8.82647
-12.6786
-14.8439
-15.4549
-14.5439
-12.2
-8.31277
-2.7118
7.30974
21.7749
108.366
86.7627
61.4673
33.2376
3.45916
-28.9202
-63.0331
-98.0772
-133.902
-169.855
-205.369
-239.999
-273.127
-304.15
-332.483
-357.536
-378.73
-395.579
-407.613
-414.444
-415.647
-410.978
-400.364
-384.221
-363.636
-340.213
-315.795
-291.369
-265.671
-237.883
-207.958
-176.208
-143.124
-109.695
-78.1371
-56.6378
-15.1741
27.0656
-21.0021
127.646
145.591
163.737
181.127
196.027
208.396
217.574
222.946
224.608
222.886
218.252
211.261
202.335
191.852
180.172
167.553
154.225
140.381
126.154
111.64
96.9129
82.059
67.2132
52.6618
38.908
26.5105
15.7374
6.57875
-0.937655
-6.73151
-10.8073
-13.2016
-14.0324
-13.3229
-11.1492
-7.39553
-1.86224
7.94942
21.8542
102.206
82.2789
58.9429
32.9414
5.6151
-24.1044
-55.409
-87.574
-120.54
-153.734
-186.693
-219.061
-250.295
-279.869
-307.233
-331.802
-353.001
-370.302
-383.209
-391.326
-394.184
-391.498
-383.171
-369.583
-351.634
-330.529
-307.833
-284.638
-260.028
-233.348
-204.496
-173.739
-141.612
-109.151
-78.1831
-56.2863
-16.1006
23.6141
-21.3707
120.029
136.608
153.465
169.69
183.691
195.488
204.447
209.97
212.141
211.259
207.724
202.011
194.475
185.419
175.133
163.819
151.669
138.857
125.513
111.751
97.6662
83.3671
69.0022
54.8504
41.378
29.1028
18.3176
9.06998
1.41358
-4.56158
-8.84518
-11.4589
-12.5074
-12.004
-10.0107
-6.40781
-0.97101
8.59353
21.9529
96.0595
77.5808
55.9426
31.8717
6.67354
-20.7258
-49.5661
-79.1866
-109.579
-140.249
-170.816
-201.007
-230.347
-258.379
-284.609
-308.485
-329.443
-346.949
-360.476
-369.61
-373.835
-372.828
-366.483
-355.147
-339.567
-320.626
-299.625
-277.7
-254.207
-228.644
-200.885
-171.154
-140.011
-108.525
-78.1786
-55.9937
-17.393
19.8648
-20.7783
112.621
128.022
143.759
158.971
172.184
183.455
192.178
197.785
200.34
200.122
197.48
192.836
186.489
178.689
169.67
159.586
148.586
136.816
124.396
111.44
98.0559
84.3662
70.5264
56.8091
43.6561
31.5513
20.8005
11.4993
3.72909
-2.40791
-6.88705
-9.71331
-10.9759
-10.6766
-8.86296
-5.4132
-0.086338
9.21653
22.0273
90.0473
72.8401
52.6936
30.3195
6.98587
-18.3696
-45.026
-72.3724
-100.445
-128.803
-157.135
-185.234
-212.692
-239.125
-264.087
-287.072
-307.547
-324.985
-338.849
-348.716
-354.072
-354.536
-349.984
-340.711
-327.327
-310.452
-291.145
-270.538
-248.204
-223.774
-197.132
-168.457
-138.322
-107.814
-78.1287
-55.6997
-18.9443
16.0033
-19.3542
105.506
119.876
134.628
148.943
161.453
172.235
180.716
186.353
189.191
189.497
187.584
183.828
178.494
171.789
163.908
154.961
145.06
134.319
122.84
110.728
98.0929
85.0618
71.7911
58.548
45.755
33.8699
23.2033
13.8888
6.03641
-0.237928
-4.89452
-7.92156
-9.39222
-9.29663
-7.66712
-4.38089
0.814336
9.82889
22.0791
84.2423
68.1585
49.3344
28.4632
6.77764
-16.7654
-41.4803
-66.7936
-92.7758
-119.034
-145.302
-171.433
-197.076
-221.909
-245.547
-267.53
-287.364
-304.542
-318.538
-328.911
-335.169
-336.874
-333.881
-326.437
-315.038
-300.094
-282.441
-263.175
-242.026
-218.743
-193.236
-165.643
-136.539
-107.014
-78.0358
-55.4002
-20.6103
12.1197
-17.5298
98.7211
112.185
126.056
139.569
151.442
161.772
170.006
175.627
178.672
179.39
178.069
175.051
170.577
164.823
157.952
150.042
141.172
131.427
120.886
109.636
97.7813
85.4451
72.7812
60.0488
47.6542
36.0339
25.4985
16.2107
8.3074
1.92045
-2.89558
-6.11196
-7.78409
-7.88985
-6.44556
-3.32897
1.71807
10.4215
22.1151
78.6846
63.6026
45.9613
26.4332
6.21716
-15.7078
-38.6869
-62.1755
-86.2722
-110.618
-134.987
-159.276
-183.189
-206.454
-228.745
-249.655
-268.723
-285.48
-299.418
-310.089
-317.034
-319.774
-318.138
-312.323
-302.724
-289.582
-273.538
-255.621
-235.681
-213.556
-189.198
-162.711
-134.659
-106.122
-77.8974
-55.1205
-22.2895
8.28623
-15.7309
92.2871
104.939
118.023
130.809
142.103
152.006
159.993
165.566
168.754
169.797
168.957
166.553
162.805
157.872
151.891
144.917
137.002
128.206
118.581
108.194
97.1361
85.5216
73.4965
61.3083
49.3484
38.0363
27.6785
18.4587
10.5385
4.06634
-0.888033
-4.27934
-6.14396
-6.44803
-5.19081
-2.25201
2.62849
10.9981
22.1392
73.3948
59.2145
42.6385
24.3201
5.42217
-15.0502
-36.4665
-58.3136
-80.7033
-103.306
-125.931
-148.511
-170.791
-192.549
-213.506
-233.304
-251.53
-267.748
-281.48
-292.283
-299.722
-303.303
-302.825
-298.437
-290.45
-278.971
-264.473
-247.9
-229.18
-208.22
-185.021
-159.658
-132.677
-105.135
-77.7079
-54.8858
-23.9324
4.59999
-14.2161
86.2076
98.1276
110.493
122.622
133.383
142.881
150.623
156.123
159.405
160.699
160.252
158.357
155.225
150.999
145.798
139.663
132.624
124.717
115.971
106.433
96.1756
85.2997
73.9377
62.3218
50.8294
39.8653
29.7289
20.6181
12.7155
6.18646
1.11602
-2.43466
-4.48169
-4.97986
-3.91048
-1.15629
3.54094
11.5575
22.1486
68.3816
55.0202
39.4104
22.1888
4.48049
-14.6779
-34.6812
-55.0434
-75.8841
-96.8986
-117.926
-138.923
-159.672
-179.992
-199.648
-218.327
-235.661
-251.253
-264.66
-275.449
-283.212
-287.46
-287.958
-284.81
-278.257
-268.306
-255.281
-240.032
-222.535
-202.744
-180.709
-156.485
-130.593
-104.053
-77.4612
-54.7079
-25.5209
1.12952
-13.0649
80.4778
91.733
103.443
114.969
125.237
134.351
141.85
147.257
150.594
152.083
151.953
150.482
147.87
144.252
139.733
134.344
128.1
121.016
113.104
104.389
94.9239
84.7916
74.1082
63.0882
52.0934
41.5134
31.6394
22.6777
14.8282
8.27204
3.10971
-0.582656
-2.80021
-3.48698
-2.60579
-0.0430396
4.45459
12.1006
22.1401
63.648
51.0334
36.3049
20.0846
3.45613
-14.5074
-33.2287
-52.2413
-71.6724
-91.2399
-110.802
-130.335
-149.654
-168.613
-187.015
-204.59
-221.011
-235.92
-248.908
-259.569
-267.507
-272.264
-273.567
-271.484
-266.196
-257.634
-246.001
-232.043
-215.761
-197.137
-176.268
-153.192
-128.401
-102.873
-77.1519
-54.5851
-27.0489
-2.10785
-12.2495
75.0882
85.7368
96.8444
107.813
117.621
126.37
133.628
138.929
142.288
143.925
144.053
142.933
140.762
137.666
133.742
129.013
123.485
117.159
110.028
102.1
93.4081
84.0149
74.0174
63.6101
53.137
42.9732
33.3996
24.6259
16.8647
10.312
5.08324
1.26842
-1.10635
-1.97495
-1.28147
1.08379
5.36682
12.6264
22.1121
59.1901
47.2604
33.343
18.0378
2.39766
-14.4773
-32.0274
-49.8107
-67.955
-86.1982
-104.414
-122.598
-140.588
-158.269
-175.474
-191.97
-207.474
-221.663
-234.165
-244.599
-252.589
-257.714
-259.669
-258.49
-254.31
-247.003
-236.671
-223.959
-208.875
-191.411
-171.704
-149.781
-126.102
-101.595
-76.7756
-54.5065
-28.5128
-5.11743
-11.7101
70.0263
80.1171
90.6686
101.12
110.497
118.897
125.917
131.1
134.458
136.205
136.541
135.714
133.917
131.268
127.861
123.715
118.828
113.192
106.787
99.6034
91.6566
82.9892
73.6774
63.8929
53.9607
44.2406
35.0012
26.4521
18.8141
12.2961
7.02733
3.11094
0.593722
-0.448499
0.0585948
2.22103
6.27532
13.1347
22.0652
55.0002
43.703
30.5324
16.072
1.33656
-14.5383
-31.0165
-47.6736
-64.6415
-81.6708
-98.6511
-115.589
-132.347
-148.827
-164.897
-180.354
-194.952
-208.403
-220.371
-230.505
-238.444
-243.811
-246.282
-245.859
-242.636
-236.453
-227.329
-215.809
-201.897
-185.58
-167.025
-146.256
-123.695
-100.218
-76.3272
-54.4582
-29.9077
-7.90459
-11.3956
65.2783
74.8534
84.8891
94.8569
103.826
111.895
118.68
123.737
127.075
128.901
129.404
128.822
127.34
125.076
122.119
118.486
114.171
109.159
103.422
96.9362
89.6998
81.7366
73.1016
63.9443
54.5676
45.3134
36.438
28.1473
20.6663
14.2138
8.93228
4.93638
2.29282
1.08653
1.40959
3.36471
7.17753
13.6251
21.9994
51.0695
40.3587
27.8797
14.1999
0.29926
-14.656
-30.1475
-45.772
-61.6594
-77.5743
-93.4163
-109.205
-124.817
-140.177
-155.175
-169.638
-183.352
-196.062
-207.465
-217.24
-225.047
-230.55
-233.412
-233.612
-231.21
-226.025
-218.012
-207.623
-194.846
-179.657
-162.242
-142.622
-121.181
-98.742
-75.8026
-54.4253
-31.2262
-10.4724
-11.2721
60.8289
69.9254
79.4802
88.9943
97.5782
105.329
111.883
116.809
120.112
121.992
122.63
122.251
121.038
119.105
116.538
113.355
109.548
105.099
99.9721
94.1339
87.5684
80.282
72.3093
63.7764
54.9626
46.1914
37.7054
29.7036
22.4115
16.0552
10.7883
6.73605
3.98345
2.62407
2.76643
4.51085
8.0707
14.0973
21.9146
47.3872
37.222
25.3868
12.4319
-0.697072
-14.8019
-29.384
-44.057
-58.9498
-73.8384
-88.6336
-103.36
-117.911
-132.227
-146.217
-159.735
-172.593
-184.568
-195.388
-204.764
-212.373
-217.919
-221.067
-221.77
-220.065
-215.758
-208.758
-199.43
-187.746
-173.659
-157.366
-138.885
-118.562
-97.1676
-75.1975
-54.3932
-32.4591
-12.8253
-11.3175
56.6637
65.3131
74.4171
83.5039
91.7226
99.1687
105.498
110.289
113.545
115.458
116.203
115.994
115.008
113.36
111.132
108.344
104.988
101.044
96.4713
91.2301
85.2928
78.6508
71.32
63.4021
55.153
46.8767
38.8006
31.1146
24.0413
17.8105
12.5858
8.50094
5.65762
4.1575
4.12366
5.65505
8.95207
14.5512
21.8119
43.9422
34.2866
23.0517
10.7729
-1.63908
-14.9557
-28.6955
-42.49
-56.4632
-70.4058
-84.2347
-97.9811
-111.549
-124.892
-137.938
-150.559
-162.596
-173.852
-184.084
-193.03
-200.393
-205.904
-209.246
-210.347
-209.224
-205.683
-199.601
-191.262
-180.619
-167.604
-152.409
-135.053
-115.842
-95.4968
-74.5081
-54.348
-33.5979
-14.9716
-11.513
52.7665
60.997
69.6767
78.36
86.232
93.3867
99.4953
104.149
107.348
109.279
110.108
110.04
109.249
107.846
105.913
103.471
100.514
97.0205
92.9498
88.2558
82.9026
76.8688
70.1535
62.8363
55.1488
47.374
39.7233
32.3758
25.5481
19.4708
14.3152
10.2219
7.30685
5.67974
5.47544
6.79284
9.81877
14.9866
21.6927
40.7224
31.544
20.8719
9.22566
-2.51995
-15.1021
-28.0602
-41.0402
-54.1639
-67.2304
-80.1664
-93.0051
-105.662
-118.1
-130.263
-142.04
-153.293
-163.851
-173.498
-181.996
-189.075
-194.489
-197.946
-199.354
-198.711
-195.832
-190.573
-183.147
-173.49
-161.509
-147.385
-131.136
-113.027
-93.7313
-73.7317
-54.2764
-34.6347
-16.9222
-11.8389
49.1215
56.9593
65.2388
73.54
81.0824
87.9568
93.85
98.3654
101.499
103.436
104.33
104.38
103.755
102.564
100.887
98.7488
96.1443
93.053
89.4338
85.2386
80.4251
74.9613
68.832
62.0963
54.9616
47.6894
40.4749
33.4841
26.9257
21.028
15.9673
11.8896
8.9226
7.18338
6.81565
7.91947
10.6681
15.4033
21.5587
37.7159
28.9858
18.8424
7.7894
-3.33301
-15.2305
-27.4606
-39.6841
-52.0188
-64.2754
-76.3843
-88.3828
-100.194
-111.79
-123.128
-134.111
-144.621
-154.506
-163.576
-171.618
-178.387
-183.655
-187.161
-188.794
-188.541
-186.23
-181.704
-175.115
-166.385
-155.394
-142.308
-127.141
-110.122
-91.8745
-72.8662
-54.1665
-35.563
-18.6874
-12.2734
45.7144
53.181
61.083
69.023
76.2507
82.8551
88.5382
92.9146
95.9796
97.9103
98.8554
99.0028
98.5193
97.5116
96.0589
94.187
91.8937
89.1603
85.9469
82.2043
77.8862
72.9531
67.3776
61.2001
54.6047
47.8312
41.0582
34.4387
28.1696
22.4748
17.5335
13.4953
10.496
8.66052
8.13793
9.03016
11.4974
15.8013
21.4122
34.9103
26.6031
16.9576
6.46215
-4.07593
-15.3331
-26.8832
-38.4019
-50.0036
-61.5076
-72.8496
-84.0682
-95.0949
-105.91
-116.476
-126.714
-136.521
-145.762
-154.271
-161.855
-168.296
-173.38
-176.88
-178.67
-178.729
-176.899
-173.02
-167.193
-159.326
-149.28
-137.194
-123.083
-107.135
-89.9291
-71.911
-54.0062
-36.378
-20.2772
-12.7956
42.5307
49.647
57.1916
64.788
71.7148
78.0596
83.5387
87.7776
90.7693
92.6854
93.6681
93.8973
93.5353
92.6865
91.4294
89.7916
87.7734
85.3581
82.5078
79.1744
75.3093
70.8671
65.8112
60.166
54.0923
47.8096
41.4789
35.2398
29.2767
23.8056
19.0062
15.03
12.0187
10.1032
9.43567
10.12
12.304
16.1806
21.2557
32.2944
24.3868
15.2111
5.2409
-4.7484
-15.405
-26.3188
-37.1795
-48.0981
-58.9018
-69.5316
-80.0261
-90.3238
-100.412
-110.26
-119.799
-128.942
-137.571
-145.536
-152.668
-158.769
-163.644
-167.092
-168.981
-169.283
-167.858
-164.547
-159.406
-152.337
-143.184
-132.06
-118.972
-104.074
-87.9
-70.8649
-53.7862
-37.0759
-21.7
-13.3853
39.5573
46.3418
53.5474
60.8163
67.4556
73.551
78.8314
82.9344
85.8503
87.7454
88.7553
89.0523
88.7945
88.084
86.9981
85.566
83.7908
81.6581
79.1329
76.1684
72.7155
68.7251
64.1537
59.0116
53.4395
47.6352
41.7437
35.8901
30.2452
25.0152
20.3782
16.4854
13.4821
11.5034
10.702
11.184
13.0852
16.5413
21.092
29.8575
22.3275
13.5966
4.12205
-5.35058
-15.4428
-25.76
-36.0051
-46.2857
-56.4363
-66.4036
-76.2251
-85.846
-95.2569
-104.435
-113.321
-121.839
-129.886
-137.33
-144.019
-149.775
-154.422
-157.783
-159.722
-160.209
-159.121
-156.303
-151.779
-145.441
-137.129
-126.921
-114.82
-100.947
-85.7897
-69.7297
-53.4962
-37.6548
-22.9644
-14.0226
36.781
43.2512
50.1347
57.0918
63.4556
69.3113
74.3988
78.3676
81.206
83.0749
84.1034
84.4566
84.2883
83.6983
82.7628
81.5122
79.952
78.0704
75.8353
73.2024
70.1231
66.547
62.4249
57.7564
52.6622
47.3205
41.8603
36.3933
31.0752
26.1005
21.6435
17.854
14.8778
12.8529
11.9301
12.217
13.8387
16.8831
20.9239
27.5886
20.417
12.1068
3.10166
-5.88426
-15.4449
-25.2014
-34.8702
-44.5535
-54.0949
-63.4443
-72.64
-81.6304
-90.4119
-98.9657
-107.24
-115.171
-122.668
-129.613
-135.872
-141.285
-145.691
-148.937
-150.887
-151.508
-150.697
-148.306
-144.331
-138.662
-131.133
-121.794
-110.64
-97.7636
-83.6033
-68.5048
-53.1283
-38.1139
-24.0762
-14.6888
34.1898
40.3621
46.9393
53.5985
59.6986
65.3237
70.224
74.0609
76.8209
78.6595
79.6999
80.0997
80.0088
79.5241
78.7207
77.6303
76.2601
74.6014
72.6252
70.2898
67.5483
64.3505
60.6435
56.4172
51.7755
46.8778
41.8381
36.7545
31.7678
27.0593
22.7975
19.1287
16.1979
14.1438
13.113
13.214
14.5619
17.2066
20.7541
25.4777
18.6463
10.7353
2.17478
-6.35149
-15.4112
-24.6397
-33.7671
-42.891
-51.8628
-60.6351
-69.2471
-77.6513
-85.8458
-93.8176
-101.522
-108.902
-115.88
-122.35
-128.193
-133.268
-137.427
-140.537
-142.466
-143.181
-142.594
-140.57
-137.081
-132.018
-125.216
-116.696
-106.446
-94.5319
-81.3455
-67.1921
-52.6749
-38.4508
-25.0414
-15.3648
31.7729
37.6618
43.9471
50.3214
56.1692
61.5722
66.2915
69.9989
72.6804
74.4857
75.5323
75.9707
75.9466
75.5545
74.8672
73.9182
72.7165
71.2559
69.5105
67.4418
65.0054
62.1514
58.8255
55.0105
50.7945
46.3199
41.6869
36.9803
32.326
27.891
23.8362
20.3038
17.4352
15.3681
14.2437
14.1698
15.2526
17.5113
20.5854
23.5155
17.0071
9.47562
1.33648
-6.75494
-15.3411
-24.0722
-32.6903
-41.2893
-49.7273
-57.9607
-66.0278
-73.8851
-81.5332
-88.9624
-96.1338
-102.999
-109.487
-115.508
-120.953
-125.697
-129.607
-132.567
-134.449
-135.223
-134.817
-133.105
-130.044
-125.528
-119.395
-111.643
-102.251
-91.2622
-79.0203
-65.793
-52.1295
-38.6665
-25.8636
-16.032
29.5194
35.1385
41.1456
47.2477
52.8533
58.0426
62.5867
66.1676
68.7709
70.5407
71.5888
72.0593
72.0927
71.7821
71.1977
70.3739
69.3218
68.0369
66.4971
64.6672
62.5053
59.9631
56.9862
53.5517
49.734
45.66
41.4171
37.0779
32.7534
28.596
24.7576
21.3743
18.5831
16.5187
15.3155
15.0792
15.9078
17.7975
20.42
21.6929
15.4919
8.32098
0.582152
-7.09761
-15.2362
-23.4978
-31.6363
-39.7419
-47.6797
-55.4086
-62.9666
-70.3137
-77.452
-84.3751
-91.0492
-97.432
-103.461
-109.056
-114.122
-118.546
-122.208
-125.007
-126.823
-127.629
-127.365
-125.918
-123.233
-119.208
-113.688
-106.65
-98.067
-87.9637
-76.6339
-64.3088
-51.4877
-38.7605
-26.5477
-16.676
27.4193
32.7816
38.5228
44.3647
49.738
54.7215
59.0959
62.5541
65.08
66.8127
67.8584
68.3552
68.439
68.1998
67.7064
66.9937
66.0744
64.9459
63.5893
61.9729
60.0577
57.7977
55.139
52.0547
48.6079
44.9109
41.0396
37.0554
33.0552
29.1763
25.5602
22.3366
19.6361
17.589
16.3219
15.9374
16.5252
18.0647
20.2598
20.0013
14.0929
7.26528
-0.0931853
-7.38278
-15.0975
-22.9155
-30.6024
-38.2439
-45.7118
-52.9683
-60.0499
-66.9204
-73.5829
-80.0341
-86.244
-92.1757
-97.7746
-102.969
-107.674
-111.789
-115.208
-117.84
-119.576
-120.391
-120.238
-119.014
-116.658
-113.071
-108.11
-101.734
-93.9094
-84.6467
-74.1922
-62.7426
-50.7467
-38.7339
-27.098
-17.287
25.4631
30.5809
36.0681
41.6602
46.8109
51.5963
55.8068
59.1456
61.595
63.2896
64.3303
64.8489
64.9764
64.8002
64.3875
63.7737
62.9721
61.983
60.7897
59.364
57.6702
55.6647
53.2954
50.5326
47.4292
44.0848
40.565
36.9213
33.2372
29.6345
26.2443
23.1881
20.5897
18.5733
17.2571
16.7393
17.1019
18.3126
20.1065
18.4325
12.803
6.30243
-0.694263
-7.61359
-14.9266
-22.325
-29.5853
-36.7898
-43.8161
-50.6297
-57.2656
-63.6907
-69.9096
-75.9201
-81.6966
-87.2067
-92.4026
-97.2199
-101.583
-105.404
-108.586
-111.049
-112.695
-113.501
-113.431
-112.395
-110.325
-107.129
-102.674
-96.9082
-89.7908
-81.3223
-71.7025
-61.0982
-49.9052
-38.589
-27.5195
-17.8569
23.6421
28.5264
33.7708
39.1238
44.0607
48.6556
52.7078
55.9302
58.3049
59.9609
60.9941
61.5301
61.6957
61.5756
61.2347
60.7087
60.0123
59.1468
58.0993
56.844
55.3486
53.5724
51.4654
48.9964
46.2096
43.1932
40.0041
36.6846
33.3057
29.9747
26.8109
23.9276
21.4404
19.4667
18.1158
17.4805
17.6353
18.5402
19.9612
16.979
11.6154
5.42656
-1.22574
-7.79331
-14.7256
-21.7266
-28.5841
-35.3763
-41.9874
-48.385
-54.6033
-60.6117
-66.4161
-72.0158
-77.3881
-82.5047
-87.3237
-91.787
-95.8284
-99.3686
-102.322
-104.615
-106.165
-106.949
-106.941
-106.061
-104.24
-101.391
-97.3936
-92.1862
-85.7251
-78.0014
-69.1737
-59.3807
-48.9656
-38.3289
-27.818
-18.3792
21.9478
26.6092
31.6214
36.7452
41.4767
45.8883
49.7875
52.8971
55.1986
56.8155
57.8393
58.3896
58.5884
58.518
58.2412
57.7937
57.1907
56.4358
55.518
54.4149
53.0972
51.5271
49.6571
47.4557
44.9598
42.2473
39.3671
36.3542
33.268
30.2016
27.2624
24.5549
22.186
20.2653
18.8937
18.1569
18.1225
18.7465
19.824
15.6336
10.5236
4.63208
-1.69225
-7.92557
-14.4964
-21.1211
-27.5977
-34.0012
-40.2211
-46.228
-52.0549
-57.6736
-63.0904
-68.3063
-73.3014
-78.0507
-82.5172
-86.6493
-90.3878
-93.6619
-96.3955
-98.5232
-99.9719
-100.723
-100.759
-100.009
-98.4049
-95.8641
-92.2774
-87.5801
-81.7248
-74.6961
-66.6157
-57.5971
-47.9315
-37.9592
-28.001
-18.8482
20.3721
24.8207
29.6106
34.5146
39.0488
43.2839
47.0355
50.0359
52.2657
53.8435
54.8565
55.418
55.6462
55.6202
55.4006
55.0229
54.5035
53.8472
53.045
52.0777
50.9188
49.5338
47.8778
45.9193
43.6894
41.2569
38.664
35.9391
33.1313
30.3205
27.602
25.0711
22.8258
20.9669
19.5873
18.7652
18.561
18.9301
19.6947
14.3891
9.52133
3.91353
-2.09821
-8.01362
-14.2411
-20.5089
-26.6253
-32.6618
-38.5133
-44.1528
-49.6124
-54.8659
-59.9207
-64.7784
-69.4215
-73.8281
-77.9655
-81.7876
-85.2418
-88.2649
-90.7888
-92.7554
-94.1016
-94.8125
-94.8782
-94.2367
-92.8198
-90.5517
-87.3341
-83.1008
-77.8023
-71.4186
-64.0391
-55.7561
-46.8097
-37.4863
-28.0758
-19.2601
18.9079
23.1529
27.73
32.4231
36.7679
40.833
44.442
47.3364
49.4964
51.0354
52.0365
52.6069
52.8605
52.8739
52.7055
52.3904
51.9458
51.3774
50.6784
49.8323
48.8153
47.5961
46.1328
44.3945
42.4069
40.2313
37.9042
35.448
32.9033
30.3374
27.8338
25.4782
23.3598
21.5702
20.1944
19.3026
18.9488
19.0893
19.5724
13.2393
8.60281
3.26575
-2.44801
-8.06091
-13.9622
-19.8916
-25.667
-31.3566
-36.8608
-42.1546
-47.2695
-52.1808
-56.8968
-61.4199
-65.7348
-69.8218
-73.6522
-77.1849
-80.3731
-83.1597
-85.4845
-87.2959
-88.5401
-89.2059
-89.2897
-88.7372
-87.4829
-85.4564
-82.57
-78.7574
-73.9686
-68.1805
-61.4559
-53.8673
-45.6086
-36.9173
-28.0507
-19.6123
17.548
21.5983
25.9714
30.4621
34.6249
38.5263
41.9977
44.7897
46.8815
48.382
49.37
49.9473
50.2233
50.2719
50.1493
49.8903
49.5125
49.0226
48.4158
47.6779
46.7877
45.7169
44.4266
42.8873
41.1198
39.1789
37.0963
34.8897
32.5917
30.2586
27.9624
25.7794
23.7894
22.0752
20.7137
19.7673
19.2839
19.2224
19.4553
12.1777
7.76239
2.68381
-2.74564
-8.07069
-13.6619
-19.2703
-24.7226
-30.0842
-35.2609
-40.2295
-45.0204
-49.6112
-54.0101
-58.2207
-62.229
-66.0184
-69.5627
-72.8254
-75.7645
-78.3297
-80.4664
-82.1295
-83.2735
-83.8906
-83.9836
-83.5047
-82.3914
-80.5787
-77.9888
-74.557
-70.2337
-64.9936
-58.8775
-51.9417
-44.3381
-36.261
-27.9333
-19.9031
16.2854
20.1496
24.3271
28.6236
32.6115
36.3554
39.6939
42.3867
44.4121
45.8746
46.8486
47.4309
47.7265
47.8064
47.7249
47.5163
47.1982
46.7785
46.254
45.6125
44.8356
43.8975
42.7625
41.4023
39.8343
38.1072
36.2484
34.2721
32.2041
30.0907
27.9933
25.9784
24.117
22.4828
21.1449
20.1582
19.5649
19.3276
19.3411
11.1987
6.99454
2.16303
-2.99519
-8.04625
-13.3423
-18.646
-23.7923
-28.844
-33.7115
-38.374
-42.8605
-47.1505
-51.253
-55.1714
-58.8938
-62.4055
-65.6833
-68.6945
-71.4013
-73.759
-75.7188
-77.2411
-78.2878
-78.855
-78.9502
-78.5315
-77.5407
-75.9176
-73.593
-70.5051
-66.606
-61.8682
-56.3159
-49.9908
-43.0083
-35.5258
-27.7313
-20.1312
15.114
18.8
22.7901
26.9
30.7198
34.3121
37.5224
40.1191
42.08
43.5049
44.4642
45.0498
45.3624
45.4702
45.4255
45.262
44.9976
44.6406
44.1896
43.6341
42.9582
42.1387
41.1429
39.9438
38.556
37.0226
35.368
33.603
31.7481
29.8406
27.932
26.0797
24.3457
22.795
21.4887
20.4752
19.7911
19.4032
19.2271
10.2966
6.29438
1.69879
-3.20055
-7.99053
-13.0061
-18.0202
-22.8766
-27.6349
-32.2108
-36.5847
-40.7851
-44.7932
-48.6179
-52.2634
-55.7191
-58.9723
-62.0019
-64.7788
-67.2694
-69.4333
-71.2274
-72.6167
-73.5701
-74.087
-74.1788
-73.8096
-72.9251
-71.4702
-69.383
-66.6058
-63.092
-58.8137
-53.7818
-48.0256
-41.6302
-34.7203
-27.451
-20.2945
14.0278
17.5433
21.3536
25.2844
28.9426
32.3888
35.4754
37.979
39.8771
41.2649
42.209
42.7965
43.1236
43.2563
43.2445
43.1214
42.9049
42.6041
42.2185
41.7399
41.1541
40.4404
39.5692
38.5147
37.2892
35.9311
34.4618
32.8898
31.231
29.5152
27.7848
26.0884
24.4795
23.0145
21.7469
20.7189
19.9622
19.4477
19.1103
9.4662
5.65697
1.28689
-3.36538
-7.90677
-12.6553
-17.3944
-21.9761
-26.4569
-30.7573
-34.8595
-38.791
-42.5343
-46.099
-49.4893
-52.6962
-55.7083
-58.5071
-61.0663
-63.3556
-65.3391
-66.9784
-68.2428
-69.1072
-69.5747
-69.6593
-69.3306
-68.5383
-67.2325
-65.3577
-62.8607
-59.6969
-55.8378
-51.2849
-46.057
-40.214
-33.8528
-27.0977
-20.3907
13.0212
16.3732
20.0113
23.77
27.2728
30.5783
33.5455
35.9591
37.7961
39.1472
40.0756
40.6635
41.0031
41.1577
41.1754
41.0884
40.9148
40.6641
40.3371
39.9268
39.4213
38.802
38.042
37.1172
36.0376
34.8375
33.5358
32.1393
30.66
29.1214
27.5579
26.01
24.5228
23.1447
21.922
20.8907
20.0784
19.4598
18.9876
8.70238
5.07781
0.923241
-3.49319
-7.79764
-12.2923
-16.77
-21.0912
-25.3096
-29.3499
-33.1961
-36.8745
-40.3695
-43.6905
-46.8424
-49.8171
-52.6047
-55.1886
-57.5455
-59.6479
-61.4637
-62.9586
-64.1064
-64.887
-65.3063
-65.381
-65.0854
-64.3733
-63.1996
-61.5148
-59.2704
-56.4239
-52.947
-48.8337
-44.0945
-38.7692
-32.9309
-26.676
-20.418
12.0888
15.2843
18.7571
22.3505
25.7038
28.8738
31.7257
34.0521
35.8295
37.1446
38.0568
38.6438
38.9941
39.168
39.2119
39.1571
39.0218
38.8159
38.5409
38.1915
37.7574
37.2223
36.5614
35.7527
34.804
33.746
32.5955
31.3577
30.0419
28.6661
27.2579
25.8503
24.4807
23.1899
22.017
20.9928
20.1407
19.4389
18.8563
8.00059
4.55251
0.604059
-3.58734
-7.66588
-11.9189
-16.1487
-20.2229
-24.1927
-27.9873
-31.5922
-35.0327
-38.2947
-41.3875
-44.3165
-47.0745
-49.6531
-52.0374
-54.2062
-56.1352
-57.7952
-59.1562
-60.1953
-60.8973
-61.2704
-61.3334
-61.0648
-60.4226
-59.3659
-57.8512
-55.8342
-53.2752
-50.1458
-46.4353
-42.1469
-37.3047
-31.9616
-26.1897
-20.3743
11.2254
14.2711
17.5854
21.0201
24.2296
27.269
30.0096
32.2514
33.9708
35.2503
36.146
36.7309
37.0898
37.2807
37.3478
37.3218
37.2206
37.0544
36.8257
36.5306
36.16
35.6996
35.1272
34.4221
33.5907
32.6602
31.6455
30.5509
29.383
28.156
26.8913
25.6154
24.3586
23.1546
22.0358
21.0277
20.1503
19.3846
18.7138
7.35635
4.07713
0.325624
-3.65088
-7.51433
-11.5374
-15.5314
-19.3714
-23.1062
-26.6689
-30.0463
-33.2631
-36.3064
-39.1854
-41.906
-44.4618
-46.8457
-49.0444
-51.0388
-52.8068
-54.3226
-55.5596
-56.498
-57.1267
-57.4561
-57.5064
-57.2596
-56.6784
-55.7256
-54.3629
-52.5504
-50.2514
-47.4377
-44.0953
-40.2216
-35.8284
-30.9519
-25.6429
-20.2587
10.4265
13.3287
16.4911
19.7732
22.8442
25.7578
28.3908
30.5507
32.2136
33.4579
34.3365
34.9183
35.2842
35.4898
35.5774
35.5769
35.5061
35.3752
35.1876
34.9404
34.6262
34.2322
33.7386
33.126
32.3993
31.5829
30.69
29.724
28.6897
27.5978
26.4649
25.3117
24.1624
23.0438
21.9823
20.9985
20.1089
19.2971
18.5584
6.76553
3.64785
0.0845577
-3.6868
-7.34534
-11.1495
-14.9197
-18.5377
-22.05
-25.3936
-28.5567
-31.563
-34.4011
-37.08
-39.6058
-41.973
-44.1757
-46.2018
-48.0343
-49.6534
-51.0359
-52.1581
-53.0033
-53.564
-53.8525
-53.8897
-53.6609
-53.1328
-52.2722
-51.0452
-49.4166
-47.3523
-44.8251
-41.8184
-38.3251
-34.3476
-29.9083
-25.04
-20.0718
9.68761
12.4523
15.4691
18.6046
21.5425
24.3347
26.8637
28.9441
30.5518
31.7613
32.6224
33.2
33.5713
33.7895
33.895
33.9172
33.8732
33.7735
33.6223
33.4176
33.1533
32.8182
32.3944
31.8642
31.2311
30.5166
29.7327
28.8817
27.9674
26.9977
25.9852
24.9457
23.898
22.8628
21.8609
20.9086
20.0187
19.1767
18.3888
6.22426
3.2611
-0.122274
-3.69785
-7.16112
-10.757
-14.3146
-17.7222
-21.0241
-24.1608
-27.122
-29.9305
-32.5758
-35.0673
-37.4111
-39.6025
-41.6365
-43.5023
-45.1846
-46.6658
-47.9251
-48.9415
-49.7009
-50.1989
-50.4493
-50.4736
-50.2596
-49.7778
-48.9989
-47.8933
-46.4296
-44.5769
-42.3089
-39.608
-36.4629
-32.8691
-28.8375
-24.386
-19.8162
9.00454
11.6376
14.5147
17.5095
20.3192
22.9943
25.4227
27.426
28.9797
30.1549
30.9981
31.5704
31.9455
32.1743
32.2955
32.3375
32.3172
32.2451
32.126
31.9588
31.7385
31.4554
31.0936
30.6365
30.0868
29.4632
28.7764
28.0283
27.2214
26.3616
25.4585
24.5238
23.5715
22.6172
21.6765
20.7614
19.8819
19.0243
18.2039
5.72892
2.91356
-0.297923
-3.68665
-6.96387
-10.3618
-13.7173
-16.9255
-20.0282
-22.9697
-25.7407
-28.3631
-30.8278
-33.1439
-35.3175
-37.3449
-39.2218
-40.9388
-42.482
-43.8358
-44.9813
-45.9003
-46.5809
-47.0213
-47.2367
-47.2484
-47.0468
-46.6056
-45.8992
-44.9019
-43.5861
-41.9237
-39.8902
-37.4669
-34.6398
-31.399
-27.7462
-23.6868
-19.4961
8.37351
10.8806
13.6236
16.4831
19.1694
21.7317
24.0627
25.9911
27.4922
28.6334
29.4582
30.0241
30.4016
30.6392
30.7739
30.8331
30.8336
30.7857
30.6948
30.5606
30.3791
30.1419
29.8348
29.4426
28.9668
28.4242
27.8239
27.1674
26.4564
25.6953
24.8911
24.0524
23.1891
22.3126
21.4337
20.5608
19.7008
18.8406
18.003
5.27614
2.6021
-0.445114
-3.6556
-6.75564
-9.96516
-13.129
-16.1483
-19.0626
-21.8198
-24.4117
-26.8593
-29.1543
-31.3062
-33.3208
-35.1954
-36.9262
-38.505
-39.9194
-41.1553
-42.1959
-43.0253
-43.6338
-44.0218
-44.205
-44.205
-44.0138
-43.6083
-42.9664
-42.0657
-40.8823
-39.391
-37.569
-35.3972
-32.86
-29.9432
-26.641
-22.9489
-19.1169
7.79087
10.1772
12.7917
15.5212
18.0887
20.5421
22.779
24.6346
26.0841
27.1915
27.9976
28.5562
28.9346
29.1793
29.3254
29.3995
29.4181
29.3915
29.3253
29.2199
29.0724
28.8755
28.6166
28.2818
27.8717
27.4009
26.8775
26.3024
25.6768
25.0039
24.2888
23.5376
22.757
21.9546
21.1374
20.3106
19.478
18.6266
17.7853
4.86276
2.3238
-0.566488
-3.60691
-6.53824
-9.56862
-12.5506
-15.3907
-18.127
-20.7103
-23.1335
-25.4168
-27.5529
-29.5511
-31.4173
-33.1493
-34.7442
-36.1947
-37.4898
-38.6169
-39.561
-40.3083
-40.8508
-41.191
-41.3451
-41.3343
-41.152
-40.7782
-40.1937
-39.3793
-38.3143
-36.9765
-35.3449
-33.4007
-31.1269
-28.5067
-25.5282
-22.1787
-18.6848
7.25317
9.52394
12.015
14.6196
17.0728
19.4211
21.5669
23.3518
24.7509
25.8247
26.6116
27.162
27.54
27.7901
27.9457
28.0326
28.0668
28.0586
28.0139
27.9338
27.8159
27.6544
27.4378
27.1536
26.8015
26.3942
25.939
25.4362
24.8865
24.2923
23.6572
22.9853
22.281
21.5488
20.7925
20.0144
19.2156
18.3831
17.5499
4.48576
2.07596
-0.664444
-3.54274
-6.31344
-9.17348
-11.9827
-14.6533
-17.2213
-19.6406
-21.905
-24.0339
-26.021
-27.8754
-29.6031
-31.2023
-32.6709
-34.0024
-35.1871
-36.2137
-37.0691
-37.7411
-38.2235
-38.5203
-38.6482
-38.6276
-38.4532
-38.1076
-37.5744
-36.8371
-35.878
-34.6777
-33.2172
-31.4784
-29.4437
-27.0942
-24.4136
-21.3829
-18.2063
6.75723
8.91729
11.29
13.7745
16.1176
18.3645
20.4221
22.1382
23.488
24.5286
25.2959
25.8372
26.2136
26.4674
26.6307
26.7284
26.7759
26.7837
26.7576
26.6994
26.6074
26.4765
26.2971
26.0572
25.7563
25.4052
25.0101
24.5714
24.0891
23.5648
23.0013
22.4013
21.767
21.1008
20.4039
19.676
18.916
18.1104
17.2955
4.14237
1.85601
-0.741252
-3.46497
-6.08277
-8.78091
-11.4263
-13.9363
-16.3453
-18.6099
-20.725
-22.709
-24.5565
-26.2763
-27.8747
-29.3503
-30.7015
-31.9227
-33.0053
-33.9392
-34.713
-35.3161
-35.7438
-36.0014
-36.1058
-36.0765
-35.9095
-35.5893
-35.1019
-34.4336
-33.5691
-32.4919
-31.1848
-29.6309
-27.8125
-25.7095
-23.3024
-20.5671
-17.6875
6.30005
8.35401
10.6132
12.9823
15.2194
17.3684
19.3406
20.9899
22.2914
23.2991
24.0464
24.5777
24.9512
25.2075
25.3768
25.4834
25.5422
25.5635
25.5534
25.5141
25.4444
25.3403
25.1932
24.9922
24.7361
24.4344
24.0926
23.7104
23.2877
22.8256
22.3261
21.7907
21.2205
20.6159
19.9762
19.299
18.5814
17.8092
17.0208
3.82994
1.66158
-0.799074
-3.3754
-5.84768
-8.39199
-10.8819
-13.2401
-15.4987
-17.6175
-19.5921
-21.44
-23.1568
-24.751
-26.2287
-27.5893
-28.8315
-29.9504
-30.9386
-31.7872
-32.4861
-33.0261
-33.4042
-33.6264
-33.7099
-33.6732
-33.5129
-33.2156
-32.7695
-32.163
-31.3833
-30.4162
-29.2465
-27.8587
-26.2354
-24.3562
-22.1992
-19.7368
-17.1337
5.87872
7.83108
9.9813
12.2395
14.3745
16.4291
18.3186
19.9029
21.1571
22.1321
22.8591
23.3798
23.7494
24.0066
24.1805
24.2943
24.3625
24.3953
24.3988
24.3756
24.3252
24.2441
24.1249
23.9577
23.7409
23.4826
23.1875
22.8552
22.4853
22.0784
21.6359
21.1586
20.6467
20.0992
19.514
18.8871
18.214
17.48
16.7243
3.54598
1.49039
-0.839819
-3.27568
-5.60952
-8.00767
-10.3502
-12.5645
-14.6813
-16.6628
-18.5051
-20.2255
-21.8198
-23.2966
-24.662
-25.9155
-27.0565
-28.0808
-28.9819
-29.7519
-30.382
-30.8646
-31.1975
-31.388
-31.4528
-31.4099
-31.256
-30.9796
-30.5707
-30.0197
-29.316
-28.4473
-27.4006
-26.1615
-24.7138
-23.0371
-21.108
-18.8966
-16.55
5.4906
7.34561
9.3913
11.5429
13.5796
15.5431
17.3525
18.8736
20.0814
21.024
21.7306
22.2399
22.6046
22.8617
23.0386
23.158
23.2339
23.2762
23.2912
23.2817
23.2476
23.1863
23.0912
22.9534
22.7708
22.5503
22.2962
22.0079
21.6845
21.3265
20.9347
20.5096
20.0505
19.5557
19.0219
18.444
17.8162
17.1234
16.4049
3.28813
1.34029
-0.865403
-3.16742
-5.3695
-7.62877
-9.83165
-11.9099
-13.8927
-15.7446
-17.4628
-19.0634
-20.5432
-21.9104
-23.1711
-24.3252
-25.3724
-26.3092
-27.1299
-27.8276
-28.3947
-28.8249
-29.1171
-29.279
-29.3274
-29.2791
-29.1314
-28.8743
-28.4992
-27.9983
-27.3626
-26.582
-25.645
-24.5391
-23.2489
-21.7547
-20.0327
-18.0511
-15.9412
5.13311
6.89486
8.8403
10.8895
12.8315
14.707
16.4389
17.8986
19.0609
19.9715
20.6573
21.1547
21.5137
21.7694
21.9482
22.0716
22.1537
22.2037
22.2283
22.2302
22.21
22.1655
22.0911
21.9785
21.8255
21.6381
21.4199
21.17
20.8877
20.5731
20.2265
19.848
19.4367
18.9901
18.5043
17.9735
17.3909
16.7409
16.0624
3.05414
1.20926
-0.877603
-3.05207
-5.12881
-7.25616
-9.32653
-11.276
-13.1323
-14.8623
-16.4638
-17.9522
-19.3248
-20.5898
-21.753
-22.8148
-23.7751
-24.631
-25.3776
-26.009
-26.5186
-26.901
-27.1564
-27.2928
-27.3268
-27.2741
-27.1324
-26.893
-26.5487
-26.093
-25.5185
-24.8167
-23.9778
-22.9908
-21.8416
-20.5115
-18.9766
-17.2047
-15.3123
4.80383
6.47627
8.32553
10.2762
12.1272
13.9177
15.5745
16.9745
18.0923
18.9711
19.6361
20.1211
20.4735
20.7268
20.9063
21.0326
21.1193
21.1756
21.2079
21.2193
21.2107
21.1803
21.1235
21.0326
20.9051
20.7463
20.5593
20.3433
20.0972
19.8208
19.5145
19.1778
18.8095
18.4069
17.9658
17.4796
16.941
16.3342
15.6971
2.84193
1.0954
-0.878087
-2.931
-4.88849
-6.89057
-8.83532
-10.663
-12.3998
-14.0149
-15.5067
-16.8899
-18.1624
-19.332
-20.4045
-21.3806
-22.2605
-23.0419
-23.7203
-24.2909
-24.7479
-25.0872
-25.3093
-25.4231
-25.4443
-25.3881
-25.2524
-25.0294
-24.7132
-24.2984
-23.779
-23.1479
-22.3967
-21.5158
-20.4926
-19.3095
-17.9433
-16.3618
-14.6684
4.50051
6.08739
7.84441
9.70054
11.4637
13.1724
14.7564
16.0981
17.1722
18.0197
18.6639
19.1361
19.4813
19.7314
19.9105
20.0384
20.1284
20.1894
20.2279
20.247
20.248
20.2295
20.1875
20.115
20.0095
19.8754
19.7155
19.529
19.3147
19.0722
18.8016
18.5024
18.1729
17.8104
17.4105
16.9663
16.47
15.9058
15.3103
2.64961
0.996974
-0.868369
-2.8055
-4.64959
-6.53266
-8.35832
-10.0707
-11.6947
-13.2015
-14.5901
-15.8748
-17.0536
-18.1343
-19.1226
-20.0193
-20.8249
-21.5374
-22.1533
-22.6683
-23.0774
-23.3776
-23.57
-23.6636
-23.6739
-23.6149
-23.4851
-23.2774
-22.9869
-22.6093
-22.1396
-21.5719
-20.8992
-20.1131
-19.2024
-18.1508
-16.9362
-15.527
-14.015
4.22108
5.72603
7.39458
9.1598
10.8385
12.4682
13.9816
15.2665
16.2976
17.1141
17.7375
18.1966
18.5342
18.7804
18.9582
19.0868
19.1788
19.2433
19.2864
19.3117
19.3204
19.3117
19.2821
19.2253
19.1385
19.0257
18.8893
18.7285
18.5421
18.3296
18.0908
17.8249
17.5304
17.2044
16.8423
16.4373
15.9813
15.4586
14.9041
2.47545
0.912453
-0.849785
-2.67671
-4.41297
-6.18306
-7.89582
-9.49909
-11.0164
-12.4212
-13.7129
-14.905
-15.9963
-16.9942
-17.9042
-18.7273
-19.4643
-20.1135
-20.6721
-21.1361
-21.5019
-21.7667
-21.9326
-22.0084
-22.0093
-21.9485
-21.8244
-21.631
-21.3642
-21.0204
-20.5957
-20.0851
-19.4827
-18.7814
-17.9712
-17.0372
-15.9586
-14.7049
-13.3578
3.96368
5.39017
6.97392
8.65179
10.2492
11.8025
13.2473
14.4768
15.4655
16.2512
16.8539
17.2999
17.6294
17.8713
18.0471
18.1755
18.2687
18.3353
18.3818
18.4117
18.4266
18.4258
18.4065
18.3628
18.2921
18.1975
18.0814
17.943
17.781
17.5948
17.3842
17.1483
16.8853
16.5924
16.265
15.8964
15.4784
14.9955
14.481
2.318
0.840498
-0.823473
-2.54555
-4.17936
-5.84223
-7.44799
-8.94801
-10.3646
-11.6732
-12.8737
-13.9791
-14.9885
-15.9092
-16.7465
-17.5015
-18.1751
-18.7661
-19.272
-19.6898
-20.0161
-20.2492
-20.3915
-20.4519
-20.4449
-20.3829
-20.2646
-20.0846
-19.8396
-19.5267
-19.1427
-18.6836
-18.1444
-17.519
-16.7986
-15.9698
-15.0131
-13.8995
-12.7019
3.72672
5.07811
6.58053
8.17443
9.69344
11.173
12.5509
13.7262
14.6729
15.4281
16.0103
16.443
16.7643
17.0015
17.175
17.3025
17.396
17.4639
17.5126
17.5459
17.5653
17.5708
17.5599
17.5273
17.4701
17.3911
17.2925
17.1735
17.0328
16.8698
16.6842
16.4749
16.2403
15.9774
15.6819
15.3471
14.9648
14.5197
14.0438
2.17591
0.779898
-0.790497
-2.41287
-3.94938
-5.51056
-7.01495
-8.41734
-9.73882
-10.9568
-12.0715
-13.0955
-14.0283
-14.8771
-15.6467
-16.3386
-16.9537
-17.4912
-17.949
-18.3246
-18.6153
-18.82
-18.9413
-18.9883
-18.9748
-18.9124
-18.7999
-18.6326
-18.4077
-18.123
-17.7761
-17.3635
-16.8811
-16.3239
-15.684
-14.9494
-14.102
-13.1145
-12.0522
3.50868
4.78819
6.21272
7.72586
9.16925
10.5772
11.89
13.0121
13.917
14.6421
15.2039
15.6232
15.936
16.1683
16.3393
16.4658
16.5591
16.6276
16.6776
16.713
16.7358
16.7461
16.7418
16.7182
16.6725
16.6069
16.5233
16.4211
16.299
16.1563
15.9927
15.8071
15.598
15.3624
15.0961
14.7924
14.4436
14.0345
13.5955
2.04784
0.729465
-0.751866
-2.27948
-3.72366
-5.18844
-6.59682
-7.90691
-9.13855
-10.2711
-11.3052
-12.2527
-13.114
-13.8956
-14.6024
-15.2357
-15.7968
-16.2851
-16.6989
-17.0362
-17.2947
-17.4739
-17.5769
-17.6123
-17.5935
-17.5313
-17.4246
-17.2694
-17.0632
-16.8044
-16.4911
-16.1206
-15.6896
-15.1937
-14.626
-13.9759
-13.2265
-12.3526
-11.4124
3.30808
4.5188
5.86874
7.30412
8.67443
10.0128
11.2618
12.3319
13.1954
13.8909
14.4324
14.8379
15.1419
15.3692
15.5376
15.6629
15.7559
15.8246
15.8753
15.9121
15.9372
15.9509
15.9518
15.9356
15.8993
15.845
15.7743
15.6866
15.5806
15.4557
15.3115
15.1471
14.9608
14.75
14.5103
14.2356
13.918
13.543
13.1391
1.93233
0.687968
-0.708685
-2.14625
-3.5028
-4.87619
-6.19364
-7.41653
-8.56332
-9.6155
-10.5737
-11.4496
-12.2439
-12.9629
-13.6111
-14.19
-14.7011
-15.1442
-15.5178
-15.8202
-16.0498
-16.2064
-16.2932
-16.3187
-16.2957
-16.2342
-16.1333
-15.9894
-15.8006
-15.5656
-15.2831
-14.9509
-14.5662
-14.1255
-13.6228
-13.0485
-12.3871
-11.6153
-10.7854
3.12336
4.26829
5.54678
6.90719
8.20673
9.47745
10.6639
11.6831
12.5056
13.1725
13.6941
14.0854
14.38
14.6018
14.7675
14.8916
14.9843
15.0532
15.1045
15.1422
15.1687
15.185
15.1897
15.1791
15.1505
15.1056
15.0458
14.9704
14.8784
14.7691
14.6421
14.4965
14.3309
14.1425
13.9274
13.6793
13.3909
13.048
12.6775
1.82761
0.653752
-0.662418
-2.01445
-3.28788
-4.57448
-5.80574
-6.94613
-8.0126
-8.98916
-9.87591
-10.6845
-11.4164
-12.0772
-12.6706
-13.1987
-13.6635
-14.0649
-14.4017
-14.6726
-14.8762
-15.0128
-15.0855
-15.1027
-15.0764
-15.016
-14.9208
-14.7876
-14.6148
-14.4018
-14.1473
-13.8499
-13.5073
-13.1164
-12.6722
-12.166
-11.5837
-10.9038
-10.1732
2.95262
4.03481
5.2451
6.53315
7.76422
8.96911
10.0944
11.0637
11.8449
12.4848
12.9873
13.364
13.6484
13.8643
14.027
14.1498
14.2423
14.3117
14.3637
14.4023
14.43
14.448
14.4554
14.4491
14.4264
14.3889
14.338
14.273
14.1928
14.097
13.9852
13.8565
13.7095
13.5417
13.3493
13.1261
12.8651
12.5526
12.2139
1.7318
0.6248
-0.615009
-1.88599
-3.08045
-4.28485
-5.43422
-6.49628
-7.48639
-8.3918
-9.21033
-9.95533
-10.6295
-11.2361
-11.7781
-12.2587
-12.6803
-13.0432
-13.3465
-13.589
-13.7697
-13.8888
-13.9495
-13.9597
-13.9309
-13.8719
-13.782
-13.6587
-13.5007
-13.3077
-13.0789
-12.8131
-12.5086
-12.1629
-11.7714
-11.3264
-10.8151
-10.2178
-9.57639
2.79398
3.81649
4.96171
6.18026
7.34554
8.48697
9.55288
10.4731
11.2107
11.825
12.3097
12.6716
12.9455
13.155
13.3142
13.4355
13.5279
13.5981
13.6514
13.6916
13.7208
13.7403
13.7498
13.7466
13.7283
13.6963
13.6522
13.5953
13.5248
13.4404
13.3417
13.228
13.0978
12.9488
12.7773
12.5774
12.3421
12.0584
11.7499
1.64374
0.600141
-0.567351
-1.76171
-2.88149
-4.00819
-5.07988
-6.06775
-6.98519
-7.82391
-8.57601
-9.26005
-9.88066
-10.4369
-10.9306
-11.3662
-11.7474
-12.0746
-12.3472
-12.5645
-12.7254
-12.8298
-12.8809
-12.8857
-12.8552
-12.7977
-12.7129
-12.5986
-12.4542
-12.2795
-12.0741
-11.8372
-11.5674
-11.2625
-10.9186
-10.5287
-10.0811
-9.55786
-8.99656
2.64617
3.61179
4.69496
5.84653
6.94886
8.0295
9.03879
9.91113
10.602
11.1918
11.6597
12.0067
12.2698
12.4725
12.6274
12.7463
12.8383
12.9096
12.9651
13.0078
13.0397
13.0616
13.0735
13.0729
13.0577
13.0296
12.9901
12.9392
12.8762
12.801
12.7134
12.6127
12.4976
12.3657
12.2134
12.0352
11.8241
11.5676
11.288
1.56387
0.580714
-0.517935
-1.63966
-2.68878
-3.74195
-4.74055
-5.65854
-6.50753
-7.28295
-7.97192
-8.60029
-9.17227
-9.6809
-10.1279
-10.5204
-10.8629
-11.156
-11.3999
-11.5942
-11.7378
-11.8303
-11.874
-11.875
-11.8437
-11.7878
-11.7074
-11.6012
-11.4687
-11.3105
-11.1265
-10.916
-10.6778
-10.4101
-10.1093
-9.76919
-9.37895
-8.92214
-8.43234
2.50928
3.4205
4.44333
5.52963
6.57092
7.59213
8.54682
9.37298
10.0206
10.5894
11.0393
11.37
11.6225
11.8183
11.9676
12.0825
12.1725
12.2443
12.3022
12.3488
12.3849
12.4109
12.4263
12.4288
12.4163
12.3907
12.3541
12.307
12.2491
12.1808
12.1019
12.012
11.91
11.7933
11.6586
11.5003
11.3118
11.0808
10.8283
1.49333
0.567614
-0.465157
-1.51786
-2.4996
-3.48271
-4.41172
-5.26394
-6.04839
-6.76343
-7.39175
-7.97558
-8.50743
-8.96984
-9.37046
-9.7214
-10.0267
-10.2868
-10.5029
-10.6759
-10.8045
-10.8874
-10.9261
-10.9255
-10.8945
-10.8406
-10.7644
-10.665
-10.5431
-10.3997
-10.235
-10.0484
-9.83931
-9.6056
-9.34392
-9.0486
-8.70988
-8.31272
-7.8874
2.38449
3.24353
4.20777
5.22971
6.21084
7.17163
8.07137
8.8482
9.459
10.0186
10.4497
10.7603
11.0026
11.1931
11.3369
11.4464
11.5327
11.6036
11.6637
11.7148
11.7569
11.7889
11.8098
11.8166
11.8075
11.7843
11.7496
11.7046
11.65
11.5864
11.514
11.4328
11.3414
11.2377
11.1183
10.9778
10.8097
10.6024
10.3756
1.43731
0.556415
-0.425562
-1.42065
-2.34345
-3.26086
-4.11617
-4.89179
-5.58999
-6.22631
-6.74586
-7.31437
-7.852
-8.2977
-8.67677
-9.01104
-9.30207
-9.54882
-9.75421
-9.92037
-10.0461
-10.1294
-10.1703
-10.1726
-10.1447
-10.0939
-10.0211
-9.9262
-9.81126
-9.6782
-9.52542
-9.35535
-9.16689
-8.95765
-8.72416
-8.46106
-8.15938
-7.80529
-7.42672
2.2863
3.10309
4.02085
4.98458
5.90677
6.7968
7.61545
8.29373
8.82472
9.44376
9.89196
10.1999
10.4477
10.6467
10.795
10.9049
10.9906
11.0623
11.1258
11.183
11.2331
11.2741
11.3036
11.318
11.3147
11.2953
11.263
11.2198
11.1672
11.1063
11.038
10.9623
10.878
10.783
10.6741
10.5459
10.392
10.2011
9.99231
1.3911
0.547187
-0.391616
-1.33654
-2.20499
-3.05793
-3.83785
-4.52953
-5.12812
-5.67061
-6.04949
-6.63114
-7.20562
-7.65477
-8.02925
-8.36342
-8.65543
-8.90216
-9.10797
-9.27639
-9.40648
-9.49556
-9.54312
-9.55185
-9.52953
-9.48301
-9.41407
-9.32259
-9.21262
-9.08704
-8.94088
-8.78162
-8.60778
-8.41607
-8.20289
-7.96329
-7.68876
-7.36618
-7.02118
2.20489
2.98614
3.86184
4.7709
5.63262
6.44228
7.16253
7.72223
8.15801
8.86826
9.35871
9.67705
9.93974
10.1564
10.3169
10.4328
10.5213
10.5951
10.662
10.7249
10.7831
10.8338
10.8734
10.8975
10.9021
10.8882
10.8592
10.8181
10.7671
10.7082
10.6425
10.5702
10.4904
10.4013
10.2995
10.18
10.0362
9.85667
9.66028
1.34617
0.539573
-0.355558
-1.24981
-2.06376
-2.85234
-3.55863
-4.16893
-4.67412
-5.12637
-5.3742
-5.95909
-6.56348
-7.01512
-7.38332
-7.71501
-8.0063
-8.25146
-8.45576
-8.62438
-8.75721
-8.85123
-8.90542
-8.92127
-8.90572
-8.86493
-8.8011
-8.71412
-8.6098
-8.49219
-8.35299
-8.20468
-8.04582
-7.87191
-7.6792
-7.46309
-7.21555
-6.92404
-6.6137
2.12448
2.87036
3.70393
4.55909
5.3615
6.09021
6.71538
7.16441
7.50899
8.28943
8.82097
9.14856
9.42252
9.65572
9.82978
9.95325
10.0446
10.119
10.1868
10.2527
10.3168
10.376
10.4261
10.461
10.4753
10.4686
10.4445
10.4066
10.3579
10.3011
10.2378
10.1685
10.0928
10.0088
9.91353
9.80221
9.66842
9.50065
9.31687
1.30313
0.533833
-0.317496
-1.16123
-1.92098
-2.64583
-3.28075
-3.81233
-4.23114
-4.59386
-4.72533
-5.30169
-5.9247
-6.37758
-6.73902
-7.0662
-7.35526
-7.5979
-7.79951
-7.96672
-8.10048
-8.19817
-8.25833
-8.28152
-8.27341
-8.23928
-8.18154
-8.09974
-8.00138
-7.89142
-7.75857
-7.62024
-7.47531
-7.31827
-7.14529
-6.95207
-6.73081
-6.46896
-6.18833
2.04584
2.75664
3.54802
4.35
5.09388
5.74124
6.2765
6.6212
6.8812
7.70935
8.27896
8.61619
8.89781
9.14516
9.33348
9.46657
9.56222
9.63726
9.70431
9.77047
9.8374
9.90279
9.96194
10.0077
10.0328
10.035
10.0177
9.98444
9.93913
9.88502
9.82432
9.75811
9.68621
9.60708
9.518
9.41451
9.29046
9.1345
8.96351
1.26226
0.52978
-0.27828
-1.07246
-1.77925
-2.44187
-3.00825
-3.46387
-3.80301
-4.07522
-4.10641
-4.66235
-5.29036
-5.74117
-6.09521
-6.41631
-6.70183
-6.94161
-7.14024
-7.30523
-7.43866
-7.53883
-7.60416
-7.63478
-7.63508
-7.60945
-7.56031
-7.48651
-7.39688
-7.29689
-7.17269
-7.04585
-6.91567
-6.77597
-6.6228
-6.45211
-6.25675
-6.02565
-5.78317
1.96952
2.64545
3.39449
4.14369
4.82952
5.39564
5.8479
6.09198
6.27414
7.13001
7.73283
8.08027
8.36698
8.62577
8.82808
8.9725
9.07479
9.15209
9.21849
9.28327
9.35033
9.41883
9.48457
9.54011
9.57628
9.5891
9.58039
9.55382
9.51343
9.46296
9.40528
9.34201
9.27341
9.19842
9.11474
9.01827
8.90323
8.75872
8.60071
1.22369
0.527058
-0.239179
-0.985677
-1.64189
-2.24483
-2.74626
-3.12887
-3.39408
-3.57332
-3.51991
-4.04361
-4.6617
-5.10542
-5.45094
-5.76444
-6.04509
-6.2818
-6.47777
-6.64061
-6.77329
-6.87487
-6.94371
-6.97949
-6.98554
-6.96608
-6.92352
-6.85591
-6.7728
-6.67999
-6.56161
-6.44314
-6.32446
-6.19912
-6.06344
-5.91358
-5.74185
-5.53513
-5.30751
1.89611
2.53768
3.24419
3.94115
4.56895
5.05472
5.43195
5.57598
5.68466
6.55297
7.18359
7.54061
7.82996
8.0979
8.31431
8.47196
8.58323
8.66457
8.73093
8.79341
8.85822
8.92662
8.9959
9.05898
9.10574
9.13026
9.13265
9.11568
9.08305
9.03861
8.98564
8.92627
8.86122
8.78992
8.71063
8.61974
8.512
8.37686
8.22897
1.1872
0.524533
-0.202268
-0.904053
-1.51266
-2.05923
-2.49927
-2.81143
-3.00692
-3.08999
-2.96724
-3.44701
-4.03998
-4.47022
-4.80507
-5.10918
-5.3836
-5.6168
-5.81045
-5.97177
-6.10448
-6.20846
-6.28294
-6.32779
-6.34566
-6.33965
-6.31205
-6.26018
-6.19387
-6.11862
-6.01564
-5.91329
-5.81198
-5.70481
-5.5883
-5.45956
-5.31367
-5.14371
-4.97824
1.8264
2.43499
3.09977
3.74582
4.31506
4.72087
5.02922
5.06868
5.10474
5.9781
6.63476
7.00001
7.28663
7.55785
7.78699
7.96133
8.08735
8.17775
8.24679
8.30704
8.36737
8.43197
8.50058
8.56748
8.62259
8.65841
8.67313
8.668
8.64573
8.60981
8.5637
8.51
8.45004
8.38379
8.30994
8.22541
8.12559
8.00126
7.8683
1.15252
0.52109
-0.169499
-0.830125
-1.3944
-1.88793
-2.26913
-2.51221
-2.64109
-2.62596
-2.44816
-2.87305
-3.42614
-3.83522
-4.15595
-4.4485
-4.71533
-4.94478
-5.13646
-5.29604
-5.42659
-5.52764
-5.59792
-5.63693
-5.64902
-5.63976
-5.61136
-5.56009
-5.49535
-5.42174
-5.32041
-5.22232
-5.12831
-5.0319
-4.9299
-4.81904
-4.69042
-4.52648
-4.32337
1.76116
2.33928
2.96499
3.56358
4.07408
4.40072
4.64314
4.56487
4.52082
5.39814
6.08822
6.4695
6.75271
7.01639
7.24442
7.42719
7.56846
7.67501
7.75568
7.82072
7.87997
7.94059
8.00577
8.07299
8.13403
8.18089
8.20991
8.22018
8.21242
8.18878
8.15213
8.10515
8.04976
7.98678
7.91577
7.83438
7.7381
7.6156
7.47647
1.11989
0.517309
-0.139704
-0.762487
-1.28579
-1.7303
-2.05556
-2.2325
-2.29951
-2.18589
-1.96201
-2.32137
-2.82154
-3.20082
-3.50244
-3.77972
-4.03613
-4.26142
-4.45458
-4.62009
-4.76065
-4.87688
-4.96941
-5.03917
-5.0859
-5.11037
-5.11626
-5.10014
-5.07288
-5.03755
-4.96857
-4.89866
-4.82985
-4.75547
-4.67352
-4.58407
-4.4889
-4.39267
-4.34327
1.70063
2.25143
2.84262
3.40045
3.85584
4.11209
4.29184
4.06655
3.91978
4.79479
5.52287
5.93837
6.24316
6.51606
6.74164
6.91568
7.04945
7.15401
7.23695
7.30466
7.36409
7.4219
7.48273
7.54622
7.60646
7.65797
7.69806
7.72487
7.73728
7.73559
7.72118
7.69579
7.66082
7.6168
7.56324
7.49843
7.42084
7.32844
7.24873
1.09145
0.515392
-0.109955
-0.697181
-1.18281
-1.58369
-1.85898
-1.97991
-1.99412
-1.77905
-1.50782
-1.7932
-2.22791
-2.56703
-2.84448
-3.10313
-3.34279
-3.55283
-3.73117
-3.88009
-3.99984
-4.08737
-4.13947
-4.15678
-4.15295
-4.14105
-4.12074
-4.08422
-4.03685
-3.98019
-3.89717
-3.81962
-3.74816
-3.67721
-3.60434
-3.52547
-3.42541
-3.27267
-3.02386
1.64753
2.17479
2.73708
3.26202
3.66994
3.87519
3.99155
3.56954
3.29792
4.16357
4.90378
5.33186
5.66144
5.97776
6.25717
6.47994
6.6471
6.76744
6.85294
6.9152
6.96458
7.01016
7.0591
7.11283
7.16489
7.20829
7.23998
7.25828
7.26196
7.25064
7.22518
7.18778
7.14125
7.08809
7.02925
6.96198
6.87601
6.74478
6.5427
1.07044
0.511621
-0.0902045
-0.647117
-1.09822
-1.45732
-1.68309
-1.75405
-1.71372
-1.38837
-1.07655
-1.2935
-1.65018
-1.93228
-2.17605
-2.41903
-2.6596
-2.88725
-3.09826
-3.2934
-3.47427
-3.64352
-3.8031
-3.94983
-4.06603
-4.14532
-4.20482
-4.24735
-4.29005
-4.33083
-4.32268
-4.29785
-4.2704
-4.23614
-4.19274
-4.14541
-4.11319
-4.12959
-4.29249
1.6118
2.12453
2.66604
3.16164
3.52088
3.67454
3.6784
3.00176
2.64082
3.55493
4.31359
4.7103
4.9671
5.19848
5.42719
5.65906
5.89103
6.10873
6.29765
6.45072
6.56867
6.65751
6.72825
6.79762
6.87996
6.97115
7.06088
7.1444
7.21855
7.2805
7.32735
7.35653
7.3667
7.35773
7.33155
7.29376
7.26136
7.27188
7.41123
1.05657
0.490578
-0.111576
-0.654666
-1.07683
-1.38627
-1.54066
-1.53116
-1.38621
-0.939347
-0.639775
-0.818685
-1.10284
-1.3118
-1.47821
-1.63327
-1.77964
-1.91236
-2.02797
-2.12281
-2.18865
-2.2124
-2.18491
-2.11343
-2.04505
-2.00534
-1.97846
-1.94034
-1.88631
-1.84339
-1.7756
-1.71488
-1.66781
-1.62519
-1.58203
-1.53223
-1.4437
-1.25755
-0.845914
1.60586
2.12244
2.65703
3.12235
3.4121
3.45561
3.20402
2.2353
1.86763
2.94891
3.90767
4.5118
4.87672
5.05562
5.07482
4.99789
4.8925
4.81339
4.78307
4.80194
4.86044
4.94848
5.05053
5.13323
5.16286
5.15648
5.14331
5.12874
5.11209
5.09221
5.0706
5.05001
5.03273
5.01977
5.00805
4.98442
4.90918
4.7008
4.22772
1.04353
0.451283
-0.172574
-0.721432
-1.1264
-1.38698
-1.45817
-1.33825
-1.03611
-0.467123
-0.189838
-0.330579
-0.574742
-0.807309
-1.04255
-1.2878
-1.54458
-1.81329
-2.09663
-2.40035
-2.73299
-3.09918
-3.48232
-3.8396
-4.09299
-4.24161
-4.38566
-4.4954
-4.68852
-4.97926
-4.87986
-4.87957
-4.95442
-5.00624
-5.02347
-5.03826
-5.10325
-5.29338
-5.75936
1.61636
2.14937
2.68914
3.13006
3.34649
3.24252
2.65748
1.43529
0.865002
1.8502
2.93315
3.99093
5.00912
5.96669
6.77295
7.3834
7.81496
8.08395
8.22984
8.29601
8.31961
8.3296
8.36758
8.50158
8.75906
9.03986
9.26538
9.44484
9.59594
9.72269
9.81996
9.88472
9.91814
9.92513
9.91762
9.91991
9.99368
10.2321
10.7998
34.8315
34.6694
35.1043
35.4982
36.7302
38.3834
39.4356
39.6248
38.8886
37.2071
34.76
31.7729
28.4629
25.0382
21.6841
18.5329
15.6494
13.0432
10.6925
8.56118
6.61187
4.8148
3.14435
1.57913
0.101532
-1.30182
-2.63934
-3.91551
-5.13137
-6.2881
-7.38522
-8.42071
-9.39373
-10.3037
-11.1505
-11.9354
-12.6591
-13.3219
-13.9225
-14.458
-14.9241
-15.316
-15.6289
-15.8592
-16.0058
-16.0697
-16.054
-15.9638
-15.8051
-15.5843
-15.3075
-14.98
-14.6071
-14.1938
-13.7454
-13.2676
-12.7665
-12.2484
-11.7193
-11.1847
-10.6492
-10.1162
-9.58862
-9.06762
-8.55562
-8.05128
-7.5601
-7.14051
-6.76379
-6.3872
-5.98415
-5.61462
-5.14359
-4.87645
-4.174
-4.33491
-2.8419
-4.42499
-0.588422
-6.09912
38.0984
38.7967
39.0453
40.5473
43.9616
46.5503
46.9256
46.3223
45.425
44.3708
43.2029
41.9782
40.7292
39.4659
38.1947
36.9256
35.6687
34.4329
33.2258
32.0539
30.923
29.8378
28.802
27.8183
26.8883
26.0133
25.1932
24.4277
23.7158
23.0565
22.4484
21.89
21.3795
20.9149
20.4939
20.1133
19.7697
19.4587
19.1755
18.9147
18.6712
18.44
18.2167
17.9976
17.78
17.5615
17.3402
17.1141
16.8808
16.6377
16.3817
16.1099
15.8195
15.5086
15.1765
14.8234
14.4507
14.0604
13.6549
13.2371
12.8098
12.376
11.9387
11.4998
11.0617
10.6244
10.1937
9.82618
9.50526
9.17392
8.83262
8.48203
8.11848
7.77122
7.36849
7.19641
6.37297
7.51982
3.90046
11.0404
26.8254
24.5578
23.4636
22.9047
22.6279
22.5214
22.3822
22.1094
21.7204
21.2576
20.7471
20.1626
19.4842
18.7175
17.8811
16.9924
16.0581
15.0741
14.0331
12.9315
11.7705
10.558
9.30246
8.01404
6.70332
5.38023
4.05467
2.73763
1.44319
0.179523
-1.05217
-2.24816
-3.40185
-4.50772
-5.56273
-6.56597
-7.51656
-8.41289
-9.25171
-10.0279
-10.7351
-11.3665
-11.9159
-12.3784
-12.7519
-13.0366
-13.235
-13.3515
-13.3916
-13.3612
-13.266
-13.1111
-12.9016
-12.6424
-12.3388
-11.9966
-11.6219
-11.2211
-10.8005
-10.3657
-9.92176
-9.47239
-9.02078
-8.56863
-8.1188
-7.67032
-7.22849
-6.84749
-6.50318
-6.15919
-5.7847
-5.44525
-4.99787
-4.7587
-4.07873
-4.25427
-2.80693
-4.34227
-0.660095
-5.97191
30.2081
32.9399
34.5273
35.7444
37.7801
40.2774
41.7169
42.0445
41.7945
41.2732
40.6721
40.0437
39.3594
38.6062
37.7901
36.9168
35.9926
35.0251
34.0233
32.9968
31.9563
30.9123
29.8756
28.8563
27.8638
26.9059
25.989
25.1181
24.2965
23.5262
22.8082
22.1426
21.5286
20.9652
20.4507
19.9827
19.5581
19.1731
18.8231
18.5032
18.208
17.9326
17.6725
17.424
17.184
16.9503
16.7206
16.4929
16.2644
16.032
15.792
15.5405
15.2741
14.9899
14.6861
14.3624
14.0193
13.6583
13.2815
12.8915
12.4911
12.0831
11.6707
11.2559
10.8408
10.4255
10.0163
9.66644
9.36015
9.04347
8.71628
8.37935
8.02731
7.69119
7.29563
7.13234
6.31594
7.43445
3.95325
10.7767
22.2298
21.2661
20.1022
19.2124
19.6202
20.0285
19.8046
19.1693
18.3554
17.4403
16.5241
15.6742
14.9455
14.3529
13.8749
13.4739
13.1133
12.7603
12.3862
11.9675
11.4855
10.9277
10.2866
9.56049
8.75629
7.88686
6.9643
5.99465
4.98504
3.9451
2.8853
1.81553
0.74423
-0.321866
-1.37743
-2.41788
-3.43776
-4.4302
-5.38655
-6.29673
-7.15025
-7.93705
-8.64837
-9.27739
-9.82033
-10.276
-10.6454
-10.9316
-11.1385
-11.2707
-11.3328
-11.3292
-11.2644
-11.1432
-10.9706
-10.7523
-10.4945
-10.2034
-9.88537
-9.54599
-9.19027
-8.8222
-8.44514
-8.06099
-7.67286
-7.28027
-6.88794
-6.54596
-6.23452
-5.92299
-5.57847
-5.26773
-4.84891
-4.62959
-3.98821
-4.15209
-2.79423
-4.21934
-0.771932
-5.76821
23.5251
25.4148
27.9101
30.9661
34.6584
38.3672
41.0193
42.2947
42.4101
41.7255
40.6054
39.3238
38.0397
36.8067
35.6192
34.4749
33.3719
32.3085
31.2831
30.2946
29.3419
28.4244
27.5415
26.693
25.8792
25.1001
24.3558
23.6465
22.9723
22.3333
21.7295
21.1609
20.6275
20.1292
19.6655
19.2356
18.8382
18.4712
18.1318
17.8169
17.5231
17.2468
16.9851
16.7355
16.4959
16.265
16.0412
15.8226
15.6069
15.3909
15.1707
14.9423
14.7016
14.4452
14.1707
13.8771
13.5645
13.2337
12.8867
12.5256
12.1532
11.7723
11.3859
10.996
10.6049
10.2128
9.82595
9.49457
9.20395
8.90274
8.59046
8.26835
7.92987
7.60536
7.22105
7.0584
6.27463
7.3099
4.05144
10.4653
34.5615
34.2465
34.2544
34.349
34.8973
35.4723
35.3096
34.6807
33.8457
32.7868
31.515
30.0835
28.5768
27.0633
25.5809
24.1398
22.7372
21.3717
20.0455
18.7624
17.5248
16.3297
15.1683
14.0316
12.9119
11.8028
10.7014
9.60571
8.51501
7.42823
6.34476
5.26418
4.18563
3.10833
2.03261
0.960379
-0.103708
-1.15251
-2.17654
-3.16491
-4.1065
-4.99085
-5.80889
-6.55342
-7.21983
-7.80565
-8.31034
-8.73492
-9.08135
-9.35226
-9.55061
-9.67954
-9.7427
-9.74422
-9.68897
-9.58246
-9.43071
-9.23999
-9.01642
-8.76561
-8.49251
-8.20107
-7.89468
-7.57534
-7.24618
-6.90717
-6.56262
-6.25823
-5.97766
-5.69628
-5.37977
-5.096
-4.70323
-4.50416
-3.89412
-4.05756
-2.76211
-4.12538
-0.823779
-5.63279
35.0533
35.6214
36.0274
36.2068
36.2493
36.2237
36.1103
35.8626
35.4484
34.8447
34.0697
33.1789
32.2392
31.3017
30.3878
29.4956
28.6278
27.7878
26.9788
26.2034
25.4634
24.7601
24.0938
23.4639
22.8696
22.309
21.7798
21.2795
20.8058
20.3562
19.9288
19.5221
19.135
18.7668
18.417
18.0852
17.7707
17.4726
17.1895
16.9201
16.6626
16.4158
16.1782
15.9493
15.7287
15.5159
15.3105
15.1114
14.9166
14.7232
14.5276
14.3255
14.1127
13.8857
13.6416
13.3789
13.0974
12.7976
12.481
12.1497
11.8062
11.4531
11.0932
10.7287
10.3618
9.99296
9.62852
9.31521
9.03962
8.75326
8.45549
8.14811
7.82374
7.51145
7.13808
6.98014
6.22007
7.2043
4.08077
10.2532
32.2339
35.1796
38.7467
42.3861
44.3487
45.1373
45.3496
44.7682
43.743
42.5963
41.3395
39.934
38.4104
36.8164
35.183
33.5221
31.8357
30.1274
28.4066
26.6862
24.9779
23.2903
21.6293
19.9996
18.4061
16.8538
15.3487
13.8949
12.4936
11.1426
9.83754
8.57283
7.34204
6.13914
4.95976
3.80185
2.66637
1.55691
0.479276
-0.559518
-1.55204
-2.49122
-3.37072
-4.18534
-4.93135
-5.60616
-6.20831
-6.73727
-7.19303
-7.57618
-7.88779
-8.12938
-8.30327
-8.41267
-8.46181
-8.45578
-8.40034
-8.30159
-8.16551
-7.99757
-7.80255
-7.58425
-7.34594
-7.08952
-6.81802
-6.5317
-6.23455
-5.96757
-5.71761
-5.46604
-5.17731
-4.92036
-4.55271
-4.37517
-3.79215
-3.96297
-2.7134
-4.04249
-0.841004
-5.52951
29.0331
25.8729
23.0239
20.8451
19.393
18.3343
17.38
16.5562
16.0982
16.1423
16.6012
17.1955
17.7078
18.1111
18.4436
18.7138
18.9246
19.0779
19.1762
19.2231
19.223
19.1807
19.1014
18.9904
18.8528
18.6937
18.5175
18.3282
18.1293
17.9238
17.7142
17.5025
17.2904
17.079
16.8693
16.6617
16.4565
16.2534
16.0523
15.8527
15.6545
15.4579
15.2635
15.072
14.8847
14.7026
14.5261
14.355
14.1878
14.0223
13.8549
13.6817
13.4985
13.3018
13.0886
12.8573
12.6073
12.339
12.0536
11.7529
11.4392
11.1149
10.7825
10.4442
10.1023
9.75737
9.41577
9.12064
8.86012
8.58871
8.3057
8.01334
7.70388
7.40492
7.04363
6.89305
6.15365
7.10322
4.06963
10.0769
24.0288
25.6859
27.2085
28.8923
31.8242
35.9975
38.0856
37.7647
36.9069
35.9132
34.9168
33.8966
32.8729
31.8726
30.884
29.8761
28.8304
27.7491
26.6429
25.519
24.3776
23.2141
22.0236
20.8038
19.557
18.289
17.0085
15.7243
14.4442
13.1732
11.9145
10.6702
9.44191
8.23104
7.0397
5.87061
4.7275
3.61465
2.53683
1.49866
0.504538
-0.441611
-1.33621
-2.17612
-2.95878
-3.68186
-4.34332
-4.94145
-5.47463
-5.94156
-6.34142
-6.67394
-6.93986
-7.14106
-7.28077
-7.36332
-7.39398
-7.37849
-7.32257
-7.23145
-7.10967
-6.9608
-6.78781
-6.59245
-6.37748
-6.14332
-5.89359
-5.66439
-5.44562
-5.22443
-4.96432
-4.73478
-4.39322
-4.23735
-3.68262
-3.86006
-2.65812
-3.95005
-0.85405
-5.41369
22.13
20.1272
18.1737
16.4734
15.1426
14.0983
13.1563
12.1984
11.3057
10.6987
10.5176
10.7148
11.1063
11.5506
11.9952
12.4272
12.8419
13.2344
13.6004
13.9363
14.239
14.5064
14.7372
14.9307
15.0874
15.2088
15.2969
15.3543
15.3843
15.3902
15.3754
15.3428
15.2954
15.2351
15.1637
15.082
14.9906
14.8898
14.7798
14.6609
14.534
14.4001
14.261
14.119
13.9761
13.8345
13.6954
13.5594
13.4256
13.2921
13.1559
13.0133
12.8606
12.6944
12.5119
12.3117
12.0931
11.8562
11.6021
11.3324
11.0491
10.7544
10.4504
10.1392
9.82303
9.5026
9.1844
8.90798
8.66308
8.40731
8.1398
7.86314
7.5696
7.28522
6.9382
6.79485
6.08126
6.99115
4.05344
9.88314
20.2836
21.3268
22.2357
23.0777
23.9573
24.8922
25.5459
25.5319
25.2189
24.7917
24.3454
23.8847
23.4361
23.0284
22.6451
22.2383
21.7737
21.2509
20.6896
20.1077
19.5118
18.8987
18.2605
17.5897
16.8828
16.1395
15.3601
14.5444
13.6923
12.8041
11.8814
10.9275
9.94713
8.9471
7.93526
6.91995
5.90939
4.91098
3.93126
2.9756
2.04842
1.15347
0.294096
-0.526497
-1.30539
-2.03956
-2.72586
-3.36121
-3.9424
-4.46639
-4.93046
-5.33257
-5.67174
-5.9483
-6.1642
-6.32277
-6.42851
-6.48662
-6.50241
-6.48078
-6.42598
-6.34129
-6.22939
-6.0918
-5.93095
-5.7473
-5.54404
-5.3523
-5.16467
-4.97386
-4.74275
-4.54074
-4.22618
-4.09166
-3.56704
-3.74916
-2.59851
-3.8476
-0.864575
-5.28355
19.1256
17.9092
16.7503
15.6763
14.7009
13.819
12.9966
12.2098
11.4923
10.9196
10.5643
10.4409
10.4744
10.5792
10.7099
10.8569
11.0183
11.1912
11.3729
11.5604
11.7506
11.9403
12.1264
12.3061
12.4769
12.6367
12.784
12.9178
13.0374
13.1427
13.2338
13.3109
13.3741
13.4233
13.4584
13.4789
13.4843
13.4742
13.4483
13.407
13.3512
13.2826
13.2034
13.1163
13.0241
12.9293
12.8336
12.7378
12.6417
12.5434
12.4406
12.3299
12.2082
12.0724
11.9203
11.7505
11.5624
11.3564
11.1332
10.8943
10.6414
10.3763
10.101
9.81731
9.52727
9.23166
8.93708
8.67973
8.45089
8.21129
7.95991
7.69952
7.42268
7.1537
6.82283
6.68586
6.00329
6.86777
4.03549
9.67395
15.8495
16.5269
17.133
17.676
18.1804
18.6383
18.9364
18.9756
18.8594
18.6939
18.534
18.383
18.2546
18.1664
18.1033
18.0193
17.8722
17.648
17.3571
17.0165
16.6363
16.2192
15.7643
15.2709
14.7423
14.1856
13.608
13.011
12.3915
11.7444
11.0665
10.3573
9.6179
8.85154
8.06288
7.2573
6.44042
5.61745
4.79316
3.97185
3.15757
2.3543
1.5662
0.797556
0.0526795
-0.664016
-1.34799
-1.99467
-2.59936
-3.15745
-3.66456
-4.11696
-4.51202
-4.84845
-5.12678
-5.34912
-5.51902
-5.64092
-5.71956
-5.75943
-5.76445
-5.73762
-5.68137
-5.59701
-5.48662
-5.35066
-5.19181
-5.03626
-4.87893
-4.71773
-4.5153
-4.34039
-4.05315
-3.93956
-3.44582
-3.6322
-2.53317
-3.73986
-0.866644
-5.1498
15.112
14.3665
13.6824
13.0587
12.4927
11.9847
11.532
11.132
10.7922
10.5323
10.3714
10.302
10.2883
10.2976
10.3156
10.3411
10.3745
10.416
10.4657
10.5232
10.5884
10.6608
10.7398
10.8251
10.9159
11.0115
11.1112
11.2141
11.3194
11.4258
11.5319
11.6362
11.7367
11.8313
11.9178
11.9938
12.0572
12.1065
12.1403
12.1582
12.1607
12.149
12.125
12.091
12.0495
12.003
11.9528
11.8997
11.8433
11.7822
11.7141
11.6363
11.5459
11.4404
11.3182
11.1781
11.0198
10.8438
10.6509
10.4424
10.2195
9.98407
9.73755
9.48146
9.21772
8.94708
8.67616
8.43802
8.22541
8.00225
7.76735
7.52351
7.26381
7.01067
6.69725
6.56596
5.91721
6.73538
4.00895
9.46141
13.0103
13.5175
14.0119
14.4757
14.9164
15.3246
15.6291
15.7491
15.7304
15.6651
15.6187
15.6095
15.628
15.6774
15.758
15.8398
15.8787
15.8481
15.7476
15.5875
15.3746
15.1094
14.7892
14.411
13.9746
13.4871
12.9638
12.4193
11.8597
11.2839
10.6893
10.076
9.44616
8.80254
8.14729
7.48157
6.80584
6.12027
5.42514
4.72137
4.01077
3.29621
2.58158
1.87145
1.17079
0.484747
-0.181433
-0.822427
-1.43277
-2.00697
-2.53961
-3.02572
-3.4613
-3.84364
-4.17181
-4.44663
-4.67048
-4.84688
-4.97984
-5.07336
-5.13094
-5.15536
-5.14884
-5.11256
-5.04832
-4.95654
-4.83933
-4.71805
-4.58972
-4.45699
-4.28252
-4.13401
-3.87405
-3.78103
-3.31845
-3.50937
-2.46123
-3.62808
-0.859152
-5.01559
12.4713
11.9507
11.4786
11.051
10.6666
10.3283
10.0395
9.8048
9.63032
9.51963
9.46641
9.45201
9.45486
9.46253
9.47137
9.48184
9.49462
9.51038
9.52971
9.55322
9.58147
9.61502
9.65435
9.69988
9.75202
9.81105
9.87712
9.95023
10.0301
10.1163
10.2076
10.303
10.4006
10.4984
10.594
10.6851
10.7692
10.8444
10.909
10.9622
11.0035
11.0337
11.0536
11.0648
11.0689
11.0673
11.0607
11.0494
11.0325
11.0085
10.9753
10.9303
10.8712
10.796
10.7034
10.5926
10.4638
10.3174
10.1544
9.97576
9.78284
9.57692
9.35926
9.13106
8.89391
8.64851
8.40144
8.18265
7.9864
7.77982
7.56155
7.33439
7.09206
6.85498
6.56005
6.43394
5.82053
6.59292
3.97111
9.247
11.3373
11.8727
12.422
12.9704
13.5264
14.0783
14.5625
14.8649
14.9436
14.9173
15.0591
15.3299
15.3753
15.3043
15.2186
15.1604
15.1352
15.1114
15.0538
14.9497
14.8035
14.6202
14.3992
14.1344
13.8155
13.4346
12.9963
12.5168
12.0115
11.4864
10.9408
10.374
9.78887
9.1907
8.58412
7.97134
7.35222
6.72528
6.08887
5.4421
4.78538
4.12053
3.45073
2.78003
2.1129
1.45396
0.807909
0.179477
-0.42635
-1.00434
-1.54908
-2.05518
-2.51792
-2.93358
-3.3
-3.6167
-3.88486
-4.1069
-4.28601
-4.42553
-4.52858
-4.59765
-4.63483
-4.64123
-4.61844
-4.56686
-4.48804
-4.39869
-4.29774
-4.19204
-4.04459
-3.92158
-3.68869
-3.61579
-3.18461
-3.38024
-2.38279
-3.51173
-0.843885
-4.87954
10.7709
10.2375
9.7511
9.31042
8.91744
8.57876
8.30224
8.09434
7.95655
7.88192
7.85471
7.85576
7.86989
7.88972
7.91327
7.94062
7.97209
8.00813
8.04915
8.09554
8.14762
8.20562
8.26966
8.3397
8.41557
8.49699
8.58355
8.67475
8.77
8.86861
8.96973
9.07253
9.176
9.27895
9.38018
9.47842
9.57241
9.661
9.74325
9.81854
9.88661
9.94757
10.0018
10.0501
10.0929
10.1306
10.1633
10.1904
10.2104
10.2217
10.222
10.209
10.1807
10.1355
10.0722
9.99074
9.89121
9.77432
9.64096
9.4922
9.32914
9.15285
8.96427
8.76428
8.55416
8.33449
8.11165
7.91246
7.73274
7.54286
7.34133
7.13087
6.90601
6.68514
6.40956
6.28837
5.71149
6.43815
3.92207
9.02741
7.13261
7.55501
7.99153
8.43399
8.89372
9.36525
9.80759
10.1175
10.1921
10.2698
11.8326
14.1359
15.3951
16.1547
16.557
16.6414
16.4613
16.1498
15.8169
15.4947
15.1725
14.8474
14.5265
14.2116
13.8908
13.5439
13.1566
12.7318
12.2826
11.8174
11.3356
10.8319
10.3035
9.75213
9.18232
8.59818
8.00181
7.39362
6.77355
6.14205
5.5006
4.85187
4.19942
3.54726
2.89935
2.25941
1.63094
1.0173
0.422092
-0.150671
-0.696476
-1.21046
-1.68787
-2.12458
-2.51758
-2.86532
-3.16777
-3.42628
-3.64307
-3.82075
-3.96195
-4.06892
-4.14355
-4.18697
-4.20057
-4.18477
-4.14058
-4.08043
-4.00488
-3.92445
-3.80272
-3.70407
-3.49777
-3.44441
-3.04472
-3.24503
-2.29837
-3.39083
-0.82222
-4.74061
6.69281
6.27876
5.9169
5.60841
5.35575
5.16282
5.03241
4.96372
4.95067
4.98223
5.045
5.12702
5.2203
5.32083
5.42722
5.53909
5.65613
5.77814
5.90495
6.03635
6.17209
6.31182
6.45506
6.6012
6.74946
6.89897
7.04874
7.19783
7.34528
7.49022
7.63187
7.76966
7.90319
8.03209
8.15619
8.27536
8.38951
8.49861
8.60264
8.70168
8.79585
8.88533
8.97039
9.05121
9.12787
9.20012
9.26732
9.32835
9.38158
9.42499
9.4564
9.47362
9.47482
9.45863
9.42435
9.37182
9.30145
9.21394
9.11019
8.9912
8.85794
8.71128
8.55186
8.38034
8.19763
8.00416
7.80603
7.62674
7.46375
7.29069
7.10595
6.91219
6.70481
6.50016
6.24461
6.12834
5.58911
6.26984
3.86189
8.8007
4.43327
4.64641
4.85324
5.05508
5.26994
5.50154
5.73502
5.93464
6.08174
6.30696
7.14476
8.95381
11.0609
12.7994
14.1021
15.0052
15.4249
15.3854
15.1094
14.7317
14.3396
13.973
13.6404
13.3343
13.0483
12.7659
12.4648
12.135
11.7844
11.4239
11.0545
10.6682
10.2556
9.81119
9.33488
8.82925
8.29733
7.74156
7.16425
6.5683
5.95754
5.3367
4.7109
4.08515
3.46381
2.85046
2.24794
1.65865
1.08497
0.529642
-0.00396496
-0.511858
-0.989749
-1.43348
-1.83959
-2.20569
-2.53075
-2.81501
-3.05972
-3.2667
-3.438
-3.57548
-3.68084
-3.75514
-3.7996
-3.81465
-3.80082
-3.76667
-3.7141
-3.65679
-3.55912
-3.48332
-3.30281
-3.26813
-2.89977
-3.10455
-2.2086
-3.26596
-0.794906
-4.59909
4.21599
4.00832
3.83096
3.68455
3.57017
3.48876
3.44014
3.42225
3.43111
3.46179
3.50969
3.57132
3.64458
3.72838
3.82226
3.92607
4.03963
4.16269
4.29494
4.43593
4.58512
4.74178
4.90501
5.0737
5.24659
5.42227
5.59928
5.7762
5.95168
6.12453
6.29375
6.45864
6.61879
6.77393
6.92406
7.06924
7.20965
7.34548
7.47689
7.60407
7.72719
7.84637
7.96171
8.0732
8.18063
8.28351
8.38095
8.47167
8.55396
8.62583
8.68519
8.73006
8.7588
8.77027
8.76389
8.73962
8.69786
8.63931
8.56478
8.47516
8.37131
8.25392
8.12341
7.98022
7.82496
7.65792
7.48479
7.32565
7.17954
7.02336
6.85544
6.67834
6.48834
6.29983
6.06475
5.95361
5.45311
6.08795
3.79052
8.56599
2.80966
2.87571
2.91695
2.94707
2.97888
3.02133
3.07609
3.14081
3.2279
3.41363
3.88869
4.77646
6.22599
8.14762
10.0302
11.5907
12.765
13.3831
13.4666
13.3018
13.0314
12.6815
12.3141
12.0082
11.7457
11.4928
11.2275
10.9399
10.6369
10.3327
10.0339
9.73504
9.42383
9.08883
8.72355
8.32615
7.89735
7.43881
6.95272
6.44209
5.91106
5.36471
4.80858
4.24801
3.68766
3.13122
2.58152
2.04067
1.51058
0.993348
0.49165
0.00882821
-0.451229
-0.88443
-1.28701
-1.65594
-1.98929
-2.2863
-2.54722
-2.77303
-2.96506
-3.1247
-3.25328
-3.35169
-3.42091
-3.46134
-3.47306
-3.46129
-3.42891
-3.39214
-3.31641
-3.2616
-3.10564
-3.08849
-2.75093
-2.95973
-2.11415
-3.13758
-0.762949
-4.45521
2.73744
2.6743
2.62335
2.58566
2.5614
2.55046
2.55238
2.56609
2.59028
2.6238
2.66591
2.71618
2.77437
2.84043
2.91447
2.99669
3.08723
3.18622
3.29369
3.40962
3.53387
3.66615
3.80603
3.95288
4.10588
4.2641
4.42649
4.59197
4.75952
4.92813
5.09695
5.26531
5.43272
5.59877
5.76317
5.92569
6.0861
6.24416
6.3996
6.55217
6.7016
6.84762
6.99001
7.12848
7.26258
7.39169
7.51487
7.63081
7.73791
7.83435
7.91824
7.98781
8.04164
8.07875
8.09865
8.1013
8.08703
8.05642
8.01015
7.94897
7.87359
7.78456
7.68213
7.56657
7.43826
7.29737
7.14912
7.01011
6.88089
6.74161
6.5905
6.42999
6.25721
6.08464
5.87017
5.76444
5.30366
5.89297
3.70842
8.32223
2.55527
2.60666
2.61999
2.62671
2.62981
2.63604
2.65575
2.69881
2.77227
2.9224
3.21049
3.56249
3.94851
4.46773
5.27429
6.44836
7.9017
9.3807
10.4556
10.9094
10.9395
10.7695
10.5416
10.3459
10.1587
9.95757
9.73746
9.48903
9.21405
8.93038
8.65376
8.38649
8.12042
7.84445
7.55012
7.23328
6.89305
6.53007
6.1454
5.74052
5.3176
4.87956
4.42991
3.97223
3.50981
3.04538
2.58113
2.11879
1.65996
1.20644
0.760556
0.325329
-0.0955634
-0.498043
-0.878081
-1.23211
-1.55741
-1.85232
-2.11611
-2.34884
-2.55107
-2.72353
-2.86705
-2.98218
-3.06955
-3.12943
-3.1615
-3.16811
-3.15278
-3.13361
-3.07731
-3.04122
-2.90814
-2.90696
-2.59928
-2.81129
-2.01554
-3.00564
-0.727132
-4.30824
2.49235
2.45608
2.4242
2.39801
2.37734
2.36223
2.35258
2.34818
2.34899
2.35518
2.36703
2.38481
2.40876
2.43911
2.47615
2.52019
2.5715
2.63034
2.69692
2.77143
2.85401
2.94475
3.04363
3.15054
3.26525
3.38742
3.51661
3.65234
3.79409
3.94128
4.09333
4.24972
4.40993
4.57338
4.73949
4.90761
5.07703
5.24699
5.41672
5.58544
5.75243
5.91702
6.07862
6.2367
6.3906
6.53956
6.68259
6.81841
6.94553
7.06227
7.16692
7.2579
7.33395
7.39418
7.43815
7.46574
7.47717
7.47282
7.45319
7.41886
7.37038
7.30815
7.23232
7.14304
7.04053
6.92488
6.80083
6.68158
6.56905
6.44651
6.31212
6.16808
6.0123
5.8554
5.66139
5.56135
5.14108
5.68526
3.61656
8.06731
2.55663
2.59593
2.61243
2.62414
2.62816
2.62773
2.63391
2.65875
2.70784
2.81314
2.99325
3.18534
3.36543
3.56439
3.85159
4.34286
5.13649
6.25868
7.57161
8.57732
8.92274
8.98033
8.93224
8.79382
8.63284
8.47664
8.30309
8.09135
7.83886
7.56357
7.288
7.02228
6.76341
6.50325
6.23458
5.95373
5.66051
5.35648
5.04324
4.72173
4.39252
4.05606
3.71302
3.3641
3.01
2.65126
2.28838
1.92185
1.55236
1.18099
0.809494
0.440415
0.0770643
-0.276658
-0.616649
-0.939021
-1.2405
-1.51864
-1.77192
-1.99949
-2.2011
-2.37675
-2.52662
-2.6508
-2.74947
-2.82266
-2.86964
-2.89044
-2.88875
-2.884
-2.84431
-2.82427
-2.71199
-2.72481
-2.44583
-2.65963
-1.91336
-2.86952
-0.688525
-4.15682
2.50352
2.46532
2.42942
2.39649
2.3663
2.33891
2.31431
2.29255
2.27385
2.25854
2.24697
2.23946
2.23635
2.23795
2.24466
2.25689
2.27502
2.29944
2.33051
2.36862
2.41411
2.46734
2.5286
2.59814
2.67614
2.76271
2.85788
2.96164
3.07388
3.1944
3.32291
3.45905
3.6024
3.75234
3.90817
4.06907
4.23409
4.40224
4.57248
4.7438
4.91527
5.086
5.25524
5.42226
5.58627
5.7464
5.90156
6.05047
6.19163
6.32343
6.44423
6.55257
6.64723
6.72735
6.79242
6.84222
6.87679
6.89628
6.90096
6.89122
6.86743
6.82985
6.77853
6.71356
6.63506
6.54309
6.44196
6.34167
6.2453
6.13914
6.02123
5.89347
5.75437
5.61281
5.43891
5.34478
4.96562
5.46473
3.51629
7.79785
2.59167
2.6248
2.65184
2.67225
2.68394
2.69003
2.69916
2.71925
2.7534
2.80694
2.89885
3.03636
3.16563
3.26822
3.37766
3.55085
3.88417
4.46724
5.35498
6.43967
7.1601
7.33106
7.35219
7.29861
7.16752
7.01619
6.8705
6.69991
6.48614
6.23953
5.98592
5.74133
5.50583
5.27085
5.02854
4.77582
4.51399
4.24674
3.97784
3.70974
3.44333
3.1784
2.91418
2.64963
2.38356
2.1147
1.8419
1.56416
1.28087
0.991989
0.698182
0.401029
0.103012
-0.192614
-0.482155
-0.76185
-1.02827
-1.27858
-1.51065
-1.72299
-1.91461
-2.08481
-2.23313
-2.35918
-2.46259
-2.54311
-2.59967
-2.63045
-2.63895
-2.6453
-2.61921
-2.61233
-2.51845
-2.54285
-2.29121
-2.50459
-1.80816
-2.72801
-0.648067
-3.99844
2.54917
2.50651
2.46597
2.42757
2.39122
2.35695
2.32476
2.29468
2.26681
2.24131
2.21836
2.1981
2.18076
2.16658
2.15588
2.14904
2.14646
2.14857
2.15582
2.16871
2.18773
2.21339
2.2462
2.28663
2.33508
2.39192
2.45746
2.53191
2.61541
2.70799
2.80955
2.91991
3.03877
3.16566
3.29999
3.44105
3.58802
3.74001
3.89611
4.05542
4.21707
4.38025
4.5442
4.70813
4.87121
5.03246
5.19069
5.34455
5.49248
5.63284
5.76399
5.88447
5.99301
6.08869
6.17089
6.23921
6.29345
6.33353
6.35947
6.37141
6.36951
6.35388
6.32452
6.28141
6.22462
6.15427
6.07427
5.99172
5.91067
5.82023
5.71831
5.60649
5.48369
5.35711
5.20275
5.11464
4.77726
5.23006
3.40959
7.50927
2.58803
2.61054
2.64342
2.67274
2.69403
2.70741
2.71928
2.73582
2.75988
2.78963
2.82787
2.87533
2.91983
2.95586
2.9892
3.0335
3.1153
3.28715
3.63985
4.29681
5.09749
5.52351
5.61539
5.61816
5.58343
5.46549
5.29051
5.13132
4.97018
4.78913
4.60128
4.42559
4.2607
4.09775
3.92627
3.73962
3.53799
3.32588
3.10862
2.89046
2.67397
2.46027
2.24933
2.04039
1.83226
1.62355
1.41282
1.19866
0.979869
0.755588
0.525537
0.290226
0.0510314
-0.189825
-0.42952
-0.664943
-0.893018
-1.11098
-1.31653
-1.50784
-1.68345
-1.84217
-1.98305
-2.10522
-2.20794
-2.29065
-2.35199
-2.38887
-2.40431
-2.41853
-2.40306
-2.40623
-2.32844
-2.36118
-2.13623
-2.34516
-1.70127
-2.57784
-0.608395
-3.82886
2.56276
2.52633
2.49146
2.45784
2.4257
2.39507
2.366
2.33851
2.31266
2.28849
2.26604
2.24535
2.22647
2.20949
2.19455
2.18185
2.17165
2.16425
2.16001
2.15935
2.16276
2.17079
2.184
2.20295
2.2282
2.26028
2.29968
2.34683
2.40204
2.46555
2.53748
2.61786
2.70659
2.80347
2.90815
3.02022
3.13917
3.26445
3.39545
3.53158
3.6722
3.81671
3.96445
4.11469
4.26659
4.41914
4.5711
4.72106
4.86745
5.00859
5.14285
5.26871
5.38486
5.49029
5.58419
5.66597
5.73521
5.79153
5.83467
5.86454
5.88105
5.88411
5.8736
5.84946
5.81169
5.76047
5.69934
5.63297
5.56608
5.49037
5.40365
5.30716
5.20013
5.08815
4.9527
4.87037
4.5763
4.97827
3.3013
7.19295
2.5142
2.5392
2.56352
2.57872
2.58733
2.59483
2.60429
2.61647
2.63101
2.64592
2.65959
2.67003
2.6743
2.67199
2.66464
2.65719
2.6595
2.68142
2.72358
2.81181
3.12249
3.5341
3.66492
3.70928
3.69602
3.58701
3.45594
3.34176
3.24438
3.18344
3.16197
3.16033
3.15022
3.11217
3.0421
2.94171
2.81278
2.66141
2.49758
2.3298
2.16171
1.99327
1.82342
1.65169
1.47825
1.3032
1.12633
0.947094
0.764789
0.578758
0.388579
0.194234
-0.00366948
-0.203879
-0.404569
-0.603497
-0.798292
-0.986705
-1.16667
-1.33642
-1.49435
-1.6391
-1.76941
-1.88415
-1.98239
-2.06342
-2.1257
-2.16529
-2.18484
-2.20387
-2.19638
-2.20617
-2.14278
-2.17941
-1.98206
-2.1794
-1.59474
-2.41569
-0.573777
-3.64343
2.48955
2.46347
2.43842
2.41387
2.39015
2.36726
2.34535
2.3245
2.30479
2.2863
2.2691
2.2532
2.23863
2.22542
2.2136
2.20323
2.19439
2.1872
2.1818
2.17841
2.17734
2.17895
2.18364
2.19188
2.20418
2.22107
2.24307
2.2707
2.30444
2.34472
2.39184
2.44609
2.50764
2.5766
2.65293
2.73653
2.82726
2.92491
3.02919
3.13975
3.25626
3.37824
3.5052
3.63653
3.77142
3.9089
4.04781
4.18681
4.32442
4.45907
4.58924
4.71347
4.83043
4.93907
5.03852
5.12793
5.20668
5.27417
5.3298
5.37327
5.40422
5.4223
5.42725
5.41896
5.39732
5.36258
5.3178
5.26582
5.21176
5.1495
5.07695
4.99498
4.90296
4.80505
4.68794
4.61047
4.36344
4.70456
3.19773
6.8421
2.15485
2.14849
2.1545
2.16215
2.16924
2.17304
2.17326
2.17039
2.16468
2.1562
2.14483
2.13015
2.11152
2.08819
2.05993
2.02844
1.99874
1.97747
1.96436
1.94428
1.91099
1.9253
1.99209
2.01119
2.01499
2.00339
1.93601
1.86321
1.8305
1.81161
1.81738
1.85022
1.89081
1.92618
1.95672
1.97147
1.9584
1.91761
1.85522
1.77718
1.68703
1.58594
1.47401
1.35163
1.21994
1.08053
0.934943
0.784448
0.629951
0.472034
0.311109
0.147517
-0.0183122
-0.185637
-0.353414
-0.520337
-0.68493
-0.845633
-1.00089
-1.14918
-1.28905
-1.41907
-1.53792
-1.64437
-1.73731
-1.816
-1.87896
-1.92098
-1.94518
-1.96838
-1.97062
-1.98519
-1.94096
-1.97582
-1.81735
-1.98957
-1.48694
-2.22707
-0.550598
-3.43685
2.15761
2.14773
2.13855
2.1298
2.12153
2.11381
2.10674
2.1004
2.09491
2.09035
2.08685
2.08445
2.08323
2.08324
2.08452
2.08707
2.0909
2.09599
2.10233
2.10989
2.11869
2.12879
2.14026
2.15322
2.16786
2.1844
2.20315
2.22444
2.24864
2.27617
2.30744
2.34287
2.38289
2.42794
2.47831
2.53434
2.5963
2.6644
2.73871
2.81929
2.90606
2.99883
3.09737
3.20124
3.30983
3.42244
3.53814
3.65588
3.77452
3.89279
4.00945
4.12326
4.23299
4.33759
4.43614
4.52762
4.61113
4.68589
4.75103
4.8059
4.84988
4.88239
4.90293
4.91118
4.90689
4.89042
4.86379
4.82819
4.78903
4.74249
4.68675
4.6222
4.54849
4.46803
4.37422
4.30165
4.11848
4.37302
3.10103
6.41818
1.79739
1.77144
1.77325
1.77196
1.76612
1.75585
1.74122
1.72286
1.70201
1.67994
1.65722
1.63348
1.60776
1.57919
1.54794
1.51522
1.48215
1.45045
1.42301
1.39852
1.362
1.28642
1.18062
1.13053
1.13647
1.12436
1.05428
0.969675
0.994667
0.994134
0.920537
0.88611
0.905963
0.963177
1.03738
1.10777
1.15912
1.18621
1.19179
1.18035
1.15483
1.11646
1.06515
1.0003
0.921879
0.830958
0.729359
0.61908
0.501869
0.379118
0.251872
0.120891
-0.0131038
-0.149364
-0.287041
-0.425105
-0.562436
-0.697816
-0.829983
-0.957645
-1.07948
-1.19419
-1.30052
-1.39729
-1.48343
-1.55823
-1.62039
-1.664
-1.69143
-1.71901
-1.72884
-1.75076
-1.72002
-1.76251
-1.62729
-1.80072
-1.3414
-2.06151
-0.473968
-3.30294
1.82631
1.83307
1.8403
1.84761
1.85517
1.86301
1.87121
1.87981
1.88889
1.89854
1.90885
1.9199
1.93181
1.94467
1.95858
1.9736
1.98976
2.00708
2.02553
2.04505
2.06556
2.08695
2.1091
2.13188
2.15519
2.17894
2.20312
2.22773
2.25287
2.2787
2.30545
2.33339
2.36292
2.39443
2.42836
2.46517
2.50531
2.5492
2.59721
2.64965
2.70673
2.76857
2.83519
2.90644
2.98213
3.06188
3.14517
3.2314
3.31991
3.40987
3.50049
3.59092
3.68028
3.76772
3.85244
3.93353
4.01008
4.08121
4.14597
4.20353
4.25309
4.29385
4.32504
4.34605
4.35639
4.35626
4.34712
4.32752
4.30314
4.27277
4.23461
4.18886
4.13519
4.0751
4.00581
3.94718
3.81551
4.03818
2.8972
6.13239
1.43484
1.40785
1.40135
1.39521
1.38485
1.3684
1.34711
1.32266
1.29575
1.26679
1.23662
1.2061
1.17553
1.14455
1.11273
1.08033
1.04823
1.01757
0.988994
0.962414
0.935834
0.897299
0.815583
0.682156
0.595137
0.562139
0.537684
0.55173
0.517385
0.400831
0.357546
0.378582
0.411615
0.467615
0.543993
0.622169
0.683821
0.721452
0.739018
0.743127
0.738951
0.728438
0.710359
0.682251
0.642261
0.589961
0.526203
0.452465
0.370278
0.280912
0.185361
0.0844337
-0.0210636
-0.130279
-0.242262
-0.355945
-0.470188
-0.583821
-0.695646
-0.804464
-0.909075
-1.00831
-1.10103
-1.18622
-1.26297
-1.33071
-1.38841
-1.43018
-1.45768
-1.48639
-1.50016
-1.52624
-1.50479
-1.55295
-1.43526
-1.61186
-1.18602
-1.89805
-0.380001
-3.17597
1.4648
1.48229
1.50006
1.51776
1.53554
1.55338
1.5713
1.58931
1.60743
1.62569
1.64411
1.66277
1.68175
1.70117
1.72111
1.74172
1.76311
1.7854
1.80869
1.83306
1.85853
1.88509
1.9127
1.94127
1.97066
2.00073
2.03132
2.0623
2.09352
2.12489
2.15638
2.18799
2.21983
2.25204
2.28482
2.31844
2.3532
2.3894
2.42735
2.46737
2.50969
2.55455
2.6021
2.65241
2.70555
2.76146
2.81998
2.88094
2.94405
3.009
3.07535
3.14267
3.21047
3.27818
3.34526
3.41102
3.47474
3.5357
3.59307
3.64607
3.69393
3.73573
3.77064
3.79788
3.81673
3.82724
3.8303
3.82261
3.80967
3.79221
3.7685
3.73867
3.70241
3.66078
3.61362
3.56999
3.48473
3.69152
2.66062
5.85176
1.1954
1.177
1.16171
1.14758
1.13253
1.11538
1.09602
1.07478
1.05192
1.02767
1.0025
0.977141
0.952362
0.928556
0.905731
0.883751
0.862617
0.842595
0.82386
0.806304
0.790164
0.77477
0.752353
0.702734
0.614902
0.533836
0.489308
0.479643
0.469097
0.382426
0.24206
0.298373
0.401398
0.426589
0.455221
0.4991
0.538192
0.555696
0.55208
0.536086
0.516406
0.498029
0.481069
0.461944
0.43666
0.403066
0.360949
0.31103
0.254139
0.190815
0.121402
0.0461765
-0.0343873
-0.119605
-0.2086
-0.300304
-0.393592
-0.487313
-0.580324
-0.671497
-0.759729
-0.843958
-0.92315
-0.996403
-1.06295
-1.12234
-1.17381
-1.2119
-1.23766
-1.26544
-1.28086
-1.30862
-1.29396
-1.34493
-1.24274
-1.41885
-1.02647
-1.72445
-0.281682
-3.02391
1.21338
1.2322
1.25094
1.26971
1.28849
1.30725
1.32599
1.3447
1.36338
1.382
1.40054
1.41902
1.43744
1.45585
1.47431
1.4929
1.51174
1.53097
1.55076
1.57127
1.59267
1.61508
1.63864
1.66342
1.68947
1.71678
1.74529
1.77493
1.80557
1.8371
1.86937
1.90223
1.9356
1.96939
2.00353
2.03804
2.07293
2.10825
2.14409
2.18056
2.21777
2.25586
2.29497
2.33521
2.37672
2.41962
2.46397
2.5098
2.55712
2.60587
2.65589
2.70702
2.75903
2.81156
2.86429
2.91678
2.96853
3.01904
3.06774
3.11403
3.15729
3.19673
3.23158
3.26105
3.28434
3.30135
3.31255
3.31346
3.30919
3.30176
3.28959
3.27281
3.25118
3.22573
3.19804
3.16906
3.12649
3.31912
2.40427
5.50678
1.07871
1.06894
1.06074
1.04539
1.02687
1.01202
1.00237
0.994442
0.983563
0.967424
0.946942
0.924864
0.903904
0.885636
0.870364
0.857565
0.846437
0.83631
0.826749
0.817525
0.80865
0.800589
0.793048
0.779871
0.74614
0.680678
0.611596
0.575924
0.566913
0.546388
0.555133
0.548106
0.498271
0.513778
0.551496
0.564591
0.565057
0.552987
0.525526
0.486105
0.443174
0.404041
0.372027
0.345432
0.319551
0.290354
0.25626
0.217431
0.174402
0.127296
0.0758182
0.0196534
-0.0412508
-0.106544
-0.175594
-0.247558
-0.321499
-0.39648
-0.471573
-0.545859
-0.618385
-0.688217
-0.754403
-0.816103
-0.872607
-0.923532
-0.968305
-1.002
-1.02522
-1.05102
-1.06672
-1.09463
-1.08483
-1.1367
-1.04765
-1.22094
-0.859858
-1.53989
-0.174253
-2.84793
1.0918
1.10676
1.12186
1.13675
1.15162
1.16646
1.18129
1.19609
1.21086
1.22557
1.24018
1.25467
1.26899
1.28311
1.29701
1.31068
1.32415
1.33745
1.35071
1.36405
1.37761
1.39157
1.40613
1.42147
1.43779
1.45526
1.47398
1.49409
1.51562
1.53861
1.56302
1.5888
1.61586
1.6441
1.67338
1.70358
1.73458
1.76624
1.79845
1.83113
1.86422
1.89769
1.93156
1.96587
2.00069
2.03615
2.07236
2.10941
2.14737
2.1863
2.22616
2.26688
2.30834
2.35031
2.39259
2.43492
2.47696
2.51843
2.55901
2.59832
2.63598
2.6714
2.70394
2.73295
2.7577
2.778
2.794
2.80067
2.80255
2.80244
2.79898
2.79231
2.7823
2.7702
2.75853
2.74264
2.7369
2.9154
2.11352
5.10395
1.02059
1.02169
1.00823
0.99317
0.977646
0.963514
0.952129
0.943303
0.935459
0.926462
0.91503
0.901548
0.887653
0.875094
0.864852
0.856894
0.850492
0.844797
0.839283
0.833855
0.828302
0.822181
0.815712
0.809036
0.795871
0.765826
0.717211
0.672932
0.652991
0.640236
0.637133
0.627929
0.591907
0.554809
0.55691
0.557323
0.537725
0.514006
0.484012
0.444175
0.398265
0.353344
0.314016
0.281359
0.253297
0.226172
0.197102
0.165147
0.130621
0.0938198
0.0544659
0.0120282
-0.0338662
-0.0831253
-0.135336
-0.18991
-0.246233
-0.303744
-0.361895
-0.420096
-0.477666
-0.533823
-0.587707
-0.638493
-0.685474
-0.728265
-0.766423
-0.795579
-0.815938
-0.83926
-0.854392
-0.88146
-0.874993
-0.926344
-0.84811
-1.01701
-0.683445
-1.34316
-0.0521109
-2.6455
1.01648
1.02511
1.03368
1.04251
1.0514
1.06033
1.06932
1.07837
1.08747
1.09664
1.10585
1.11508
1.1243
1.13345
1.14249
1.15135
1.15997
1.16831
1.17635
1.18411
1.19162
1.19895
1.20622
1.21358
1.2212
1.22927
1.23797
1.24753
1.25813
1.26993
1.28307
1.29765
1.31376
1.33141
1.35056
1.37118
1.39318
1.41642
1.44078
1.46611
1.49226
1.51914
1.54665
1.57473
1.60338
1.63263
1.66255
1.69317
1.72453
1.75666
1.7895
1.82298
1.85698
1.89129
1.92575
1.96017
1.99436
2.02814
2.06137
2.09393
2.12559
2.156
2.18475
2.21133
2.23515
2.25607
2.27403
2.28393
2.2896
2.29421
2.29659
2.29701
2.29542
2.29341
2.29372
2.28821
2.31219
2.47584
1.77647
4.64277
0.827972
0.819835
0.814304
0.820518
0.830254
0.832972
0.827636
0.818227
0.807834
0.797578
0.787692
0.778337
0.769791
0.762293
0.755896
0.750433
0.745533
0.740701
0.735553
0.729985
0.723956
0.71755
0.71074
0.702263
0.688669
0.667475
0.635265
0.596642
0.569354
0.560602
0.558073
0.551961
0.537344
0.490788
0.434345
0.425956
0.423259
0.402957
0.383682
0.363961
0.339296
0.311231
0.283255
0.257384
0.234037
0.212029
0.188869
0.162618
0.13304
0.10097
0.0671402
0.0316921
-0.00549899
-0.0443869
-0.0846571
-0.125914
-0.167869
-0.210395
-0.253433
-0.296863
-0.340374
-0.383447
-0.425364
-0.465376
-0.502785
-0.537201
-0.568301
-0.592385
-0.609259
-0.629296
-0.642752
-0.667709
-0.66284
-0.711992
-0.642029
-0.804436
-0.495
-1.12868
0.0856441
-2.38863
0.831628
0.836143
0.840681
0.845376
0.850167
0.855131
0.860224
0.865474
0.870893
0.876491
0.882274
0.888251
0.894418
0.900753
0.907221
0.913763
0.92032
0.926828
0.933214
0.939396
0.945307
0.950923
0.956227
0.961215
0.965949
0.970503
0.974986
0.979546
0.984351
0.989579
0.995412
1.00203
1.00963
1.01834
1.02828
1.03955
1.05219
1.06619
1.08153
1.09815
1.11594
1.13484
1.15476
1.17561
1.19737
1.22001
1.24353
1.26792
1.29315
1.31917
1.34589
1.37319
1.40089
1.4288
1.45671
1.48446
1.51188
1.53889
1.56542
1.5915
1.61703
1.64185
1.66579
1.68848
1.70951
1.72885
1.74634
1.75715
1.76451
1.77149
1.77711
1.78168
1.78513
1.78929
1.79642
1.79618
1.84035
1.98705
1.37175
4.08296
0.60879
0.609158
0.607434
0.609504
0.611778
0.608562
0.598135
0.584107
0.572228
0.566255
0.566369
0.570111
0.574248
0.576238
0.574911
0.570505
0.564242
0.557549
0.551303
0.545629
0.540199
0.53447
0.527532
0.518623
0.506845
0.493248
0.479981
0.472459
0.467875
0.462912
0.462445
0.465845
0.467744
0.459787
0.4041
0.316093
0.360643
0.408224
0.373455
0.341004
0.32513
0.308694
0.286455
0.263124
0.240635
0.219253
0.198649
0.178027
0.156045
0.13169
0.105001
0.0766523
0.0472521
0.017207
-0.0131461
-0.043531
-0.0738463
-0.104251
-0.135009
-0.166329
-0.198159
-0.230172
-0.261762
-0.292258
-0.321005
-0.34763
-0.371937
-0.390955
-0.404229
-0.420643
-0.431715
-0.453706
-0.44896
-0.494692
-0.43042
-0.58456
-0.295983
-0.893647
0.234227
-2.04281
0.60624
0.606732
0.607248
0.608069
0.609089
0.610323
0.611771
0.613466
0.615427
0.617667
0.620205
0.623066
0.62627
0.629824
0.633721
0.637944
0.642475
0.647282
0.652292
0.657436
0.662635
0.667815
0.672897
0.677783
0.682413
0.686745
0.690758
0.694451
0.697865
0.701073
0.704161
0.707266
0.710533
0.714111
0.718169
0.722874
0.728373
0.734759
0.742127
0.750556
0.760061
0.770652
0.782337
0.79511
0.808961
0.823875
0.83985
0.856869
0.874884
0.893809
0.913538
0.933906
0.95471
0.975738
0.99678
1.01762
1.03811
1.05818
1.07782
1.09706
1.11592
1.13437
1.15238
1.16977
1.1863
1.20205
1.21682
1.22656
1.23345
1.24028
1.24631
1.25191
1.25707
1.26399
1.27407
1.27514
1.3293
1.4572
0.906121
3.3778
0.242111
0.245038
0.246654
0.245884
0.244159
0.241831
0.237951
0.23289
0.228606
0.226939
0.228418
0.232219
0.236653
0.23975
0.239914
0.23652
0.230178
0.222351
0.214516
0.207423
0.20094
0.194438
0.186975
0.177895
0.167396
0.156856
0.147158
0.132865
0.122467
0.121572
0.125776
0.12661
0.130591
0.13755
0.12561
0.135314
0.121368
0.0548752
0.120296
0.241733
0.301227
0.351334
0.418264
0.462974
0.46212
0.41473
0.345243
0.276607
0.218921
0.172455
0.133536
0.0988068
0.0668626
0.0377269
0.011713
-0.0112062
-0.0314618
-0.0498119
-0.0671156
-0.084126
-0.101257
-0.118526
-0.13561
-0.152069
-0.167491
-0.181699
-0.194743
-0.205112
-0.211559
-0.221062
-0.226301
-0.241715
-0.233617
-0.27133
-0.211615
-0.345652
-0.0939307
-0.597134
0.335688
-1.43509
0.239877
0.239238
0.238836
0.23857
0.238513
0.238661
0.239027
0.239644
0.240533
0.241708
0.243196
0.245031
0.247249
0.249865
0.252897
0.256359
0.26026
0.264601
0.269345
0.274473
0.279953
0.285725
0.291722
0.297866
0.304076
0.310259
0.316334
0.322209
0.327816
0.33311
0.33805
0.342642
0.346907
0.350901
0.35471
0.35844
0.362207
0.366118
0.370303
0.374864
0.379881
0.38544
0.391618
0.398462
0.406014
0.414324
0.423409
0.43329
0.443958
0.455366
0.467446
0.480063
0.493065
0.506263
0.519475
0.532512
0.545236
0.557595
0.569554
0.581161
0.592468
0.603536
0.614435
0.625096
0.63543
0.64557
0.655477
0.661935
0.666812
0.672206
0.677464
0.682588
0.686793
0.691197
0.695479
0.68487
0.72327
0.827661
0.334144
2.31116
0.166826
0.166856
0.171786
0.170901
0.167135
0.165949
0.169808
0.177386
0.185545
0.191723
0.195101
0.196395
0.196947
0.197842
0.199481
0.201634
0.203824
0.205699
0.207168
0.208313
0.20923
0.209996
0.210657
0.211146
0.211537
0.212574
0.214889
0.218294
0.221268
0.220797
0.229921
0.260936
0.303121
0.340143
0.368243
0.404388
0.429166
0.457292
0.478002
0.43475
0.333243
0.214592
0.0600558
-0.0972698
-0.185189
-0.186151
-0.115316
-0.0226216
0.0503335
0.0916806
0.109222
0.114244
0.113613
0.109737
0.103261
0.0947704
0.0849659
0.0743131
0.0629927
0.0510908
0.038805
0.0264959
0.0146204
0.00355482
-0.00646332
-0.0154579
-0.0237012
-0.0302937
-0.0338956
-0.0397273
-0.0424345
-0.0528208
-0.0462719
-0.0725018
-0.0320477
-0.119178
0.0362985
-0.251563
0.274842
-0.620595
0.168548
0.165164
0.162035
0.158925
0.155897
0.152944
0.150063
0.147252
0.144516
0.141863
0.139309
0.136876
0.134596
0.132498
0.130616
0.128978
0.127612
0.12654
0.125766
0.125304
0.125156
0.125307
0.125741
0.126436
0.127356
0.128453
0.129674
0.130946
0.132196
0.13335
0.134322
0.135045
0.135456
0.135524
0.135233
0.134593
0.133642
0.132442
0.131077
0.12963
0.128194
0.12687
0.125757
0.124937
0.124493
0.124501
0.125014
0.12608
0.127719
0.129934
0.132685
0.135888
0.13944
0.143196
0.147012
0.150738
0.15427
0.157559
0.160578
0.16337
0.165996
0.16854
0.171122
0.173831
0.176749
0.179959
0.183587
0.186504
0.187222
0.18745
0.186869
0.186197
0.186274
0.189959
0.198689
0.202206
0.232529
0.287177
0.0256577
0.954263
)
;

boundaryField
{
    inlet
    {
        type            freestreamPressure;
        freestreamValue uniform 0;
        value           nonuniform List<scalar> 
134
(
1.03845
0.449086
-0.171734
-0.717919
-1.12092
-1.38023
-1.45107
-1.33173
-1.03107
-0.464848
-0.0817437
-0.142404
-0.247727
-0.348206
-0.45001
-0.556324
-0.667835
-0.784736
-0.908221
-1.0408
1.60849
-1.18619
-1.3464
-1.51419
-1.67083
-1.78227
-1.83284
-1.92612
-1.92095
-1.95131
-2.32572
-2.13139
-2.13209
-2.16559
-2.189
-2.19724
-2.20441
-2.23358
-2.31767
-2.42187
2.13891
2.67604
3.11482
3.33019
3.22674
2.64454
1.4283
-2.67184
-2.61612
-2.52685
-2.46753
-2.42232
-2.37162
-2.31466
-2.25612
-2.19739
-2.13786
-2.07707
-2.01513
-1.95216
-1.88783
-1.82154
-1.75218
-1.67789
-1.59665
-1.5061
-1.44739
-1.3917
-1.32499
-1.24778
-1.15895
-1.04624
-0.894561
-0.62826
-0.271569
0.492342
1.05247
1.66747
2.26745
2.84447
3.38679
3.84311
4.18831
4.43207
4.58366
4.6655
4.70215
4.71468
4.71946
4.74003
4.81492
4.95971
5.11772
5.24444
5.34512
5.42978
5.5007
5.55499
5.59093
5.60919
5.61253
5.6077
5.60842
5.64956
5.78374
6.10442
6.24057
6.09182
5.91613
5.79649
5.697
5.5877
5.46963
5.34965
5.22861
5.10463
4.97661
4.84408
4.70643
4.56247
4.41031
4.24735
4.06869
3.87052
3.63099
3.46965
3.31129
3.11655
2.8891
2.62862
2.31228
1.91355
1.30973
0.541078
)
;
    }
    outlet
    {
        type            freestreamPressure;
        freestreamValue uniform 0;
        value           nonuniform List<scalar> 
160
(
0.000623609
0.000629489
0.000623739
0.000616414
0.000641885
0.000604442
0.00063864
0.000592548
0.000625026
0.000580979
0.000621168
0.000569698
0.00063603
0.000558694
0.000664568
0.000547959
0.000695113
0.000537513
0.000718228
0.00052738
0.000730971
0.000517621
0.000736044
0.00050832
0.000738422
0.000499594
0.000742107
0.000491546
0.000748547
0.000484301
0.000756872
0.000477968
0.000765302
0.000472643
0.000772558
0.000468408
0.000778314
0.000465278
0.00078287
0.000463301
0.000786575
0.000462484
0.00078972
0.000462769
0.000792452
0.000464099
0.000794517
0.000466391
0.000796295
0.000469515
0.00080041
0.000473293
0.000808847
0.000477534
0.000820474
0.000481972
0.000829217
0.000486344
0.000825022
0.000490372
0.000857723
0.000493755
0.000972481
0.00049624
0.00112842
0.000497604
0.00126448
0.000497731
0.00136607
0.000496569
0.00149705
0.000494153
0.00158513
0.000490621
0.00169304
0.000486197
0.00177427
0.000481193
0.00162462
0.000475912
0.00125623
0.000470691
0.000813664
0.000465904
0.000227727
0.000461913
-0.000368653
0.000459019
-0.000695133
0.000457532
-0.000691449
0.000457732
-0.00042484
0.000459819
-8.37114e-05
0.000463975
0.000182305
0.000470282
0.000332596
0.000478756
0.000396111
0.00048927
0.000413847
0.000501529
0.000410859
0.000515162
0.000396043
0.000529656
0.000371878
0.000544497
0.00034055
0.000559148
0.000304636
0.000573235
0.000265848
0.000586596
0.000224862
0.000599135
0.000181988
0.000611027
0.000137911
0.000622508
9.38756e-05
0.000633917
5.14634e-05
0.000645715
1.19719e-05
0.00065827
-2.37852e-05
0.000671917
-5.59173e-05
0.000687015
-8.54192e-05
0.000704092
-0.000109066
0.000718356
-0.000122054
0.00072386
-0.000143044
0.000727926
-0.000153034
0.000729247
-0.000190479
0.000730666
-0.000167658
0.000735522
-0.000261941
0.00075525
-0.000117355
0.000796147
-0.000429643
0.000818015
0.000135915
0.000949334
-0.000888465
0.00118762
0.00109634
0.000109456
-0.00200987
0.00388278
)
;
    }
    walls
    {
        type            zeroGradient;
    }
    frontAndBack
    {
        type            empty;
    }
}


// ************************************************************************* //
