/*--------------------------------*- C++ -*----------------------------------*\
| =========                 |                                                 |
| \\      /  F ield         | OpenFOAM: The Open Source CFD Toolbox           |
|  \\    /   O peration     | Version:  2312                                  |
|   \\  /    A nd           | Website:  www.openfoam.com                      |
|    \\/     M anipulation  |                                                 |
\*---------------------------------------------------------------------------*/
FoamFile
{
    version     2.0;
    format      ascii;
    arch        "LSB;label=32;scalar=64";
    class       volScalarField;
    location    "450";
    object      p;
}
// * * * * * * * * * * * * * * * * * * * * * * * * * * * * * * * * * * * * * //

dimensions      [0 2 -2 0 0 0 0];

internalField   nonuniform List<scalar> 
10720
(
-26.6258
-95.024
-175.742
-256.086
-331.246
-408.164
-477.139
-535.879
-587.519
-628.747
-661.155
-685.7
-703.364
-715.414
-722.035
-722.794
-718.597
-708.471
-693.619
-673.088
-647.988
-617.054
-579.342
-533.004
-480.012
-437.569
-410.228
-361.341
-304.359
-268.988
-240.276
-206.195
-167.551
-125.756
-101.352
-78.7498
-31.9124
-36.2534
-72.7453
41.069
102.504
166.977
226.445
276.388
312.571
331.348
335.857
330.192
313.655
290.62
266.022
241.677
218.369
196.812
176.741
158.126
140.487
123.527
106.69
89.9012
72.8521
55.6823
38.8369
24.1664
12.85
3.80314
-3.50766
-9.17732
-13.1397
-15.424
-16.0954
-15.2664
-13.0407
-9.48575
-4.55177
1.42818
11.2777
29.9069
65.74
13.9299
-44.4669
-106.884
-171.376
-237.709
-302.496
-363.69
-420.563
-471.378
-515.715
-553.58
-585.088
-610.227
-628.986
-640.898
-646.637
-646.079
-639.987
-628.007
-610.485
-585.792
-552.091
-507.734
-458.876
-416.398
-379.69
-346.71
-314.325
-279.966
-243.864
-206.659
-167.425
-125.741
-101.36
-78.6974
-31.5744
-37.1333
-74.298
112.136
156.112
199.633
241.135
277.102
304.802
321.153
326.507
322.006
308.607
289.711
268.408
246.288
224.293
203.174
183.109
164.163
146.094
128.652
111.484
94.4863
77.4324
60.3867
43.8193
29.2325
17.5252
7.9405
0.106302
-6.0017
-10.3455
-12.9817
-13.9931
-13.4883
-11.5679
-8.28727
-3.56751
2.20387
12.9984
31.3388
77.1544
30.6654
-21.9775
-80.3071
-141.131
-203.861
-266.936
-327.792
-384.873
-437.142
-483.341
-523.101
-555.993
-581.911
-601.258
-614.32
-621.296
-622.105
-617.052
-606.034
-589.14
-565.519
-534.204
-493.998
-449.423
-408.784
-372.814
-343.418
-313.089
-278.379
-241.822
-204.771
-166.463
-125.982
-101.213
-77.7377
-30.5258
-37.9716
-75.4001
118.868
159.044
198.66
235.79
267.332
291.585
306.664
312.713
310.193
299.946
284.273
265.422
245.007
224.141
203.641
183.901
165.059
147.027
129.619
112.558
95.6918
78.8787
62.1802
45.9436
31.3747
19.3808
9.54772
1.51924
-4.74851
-9.24416
-12.0331
-13.1827
-12.7928
-10.9678
-7.74829
-3.06549
2.91669
13.7925
31.9119
95.1366
56.1359
11.39
-38.0251
-90.1485
-144.966
-200.864
-256.123
-309.456
-359.715
-405.79
-446.989
-482.769
-512.911
-537.287
-556.091
-569.044
-575.824
-576.403
-570.692
-558.625
-539.665
-513.183
-478.687
-439.767
-402.612
-369.925
-340.74
-309.719
-275.54
-239.771
-203.37
-165.801
-126.413
-100.915
-76.4143
-29.4885
-38.998
-76.6749
129.919
163.108
196.148
227.688
254.836
276.245
290.413
297.037
296.23
288.708
276.104
260.15
242.216
223.337
204.287
185.528
167.286
149.603
132.388
115.464
98.7157
82.0593
65.5487
49.5317
35.001
22.8097
12.7498
4.48375
-2.04661
-6.82874
-9.91638
-11.3507
-11.225
-9.64243
-6.63226
-2.10218
3.84716
14.6943
32.7419
98.9342
64.2595
24.2865
-20.1514
-67.1443
-117.13
-168.771
-220.513
-271.381
-320.235
-365.956
-407.762
-444.969
-477.062
-503.702
-524.728
-539.701
-548.532
-551.07
-547.337
-537.279
-520.573
-496.751
-465.673
-430.058
-395.235
-364.134
-335.275
-304.85
-271.883
-237.149
-201.63
-164.917
-126.599
-100.642
-75.5683
-29.1552
-40.7436
-78.2401
129.932
159.352
188.737
216.809
241.017
260.427
273.902
280.949
281.537
276.279
266.332
253.015
237.425
220.476
202.902
185.194
167.656
150.433
133.527
116.855
100.34
83.9393
67.7213
52.0064
37.604
25.2909
15.0276
6.54014
-0.226886
-5.25364
-8.56951
-10.2111
-10.2643
-8.83506
-5.94376
-1.48598
4.48894
15.2729
32.9388
100.489
69.7809
34.2128
-5.29701
-47.0717
-91.8241
-138.316
-185.309
-232.094
-277.637
-320.997
-361.431
-398.21
-430.728
-458.538
-481.29
-498.657
-510.414
-516.266
-516.037
-509.548
-496.491
-476.496
-449.64
-418.194
-386.396
-356.919
-328.886
-299.496
-267.742
-234.008
-199.427
-163.742
-126.566
-100.485
-75.1164
-29.7758
-43.3586
-79.082
127.956
153.938
180.087
205.258
227.093
244.915
257.798
265.121
266.779
263.319
255.596
244.629
231.287
216.34
200.443
184.063
167.53
151.045
134.687
118.443
102.287
86.2163
70.3186
54.8959
40.6335
28.2394
17.8023
9.1219
2.14362
-3.11046
-6.65844
-8.53227
-8.80947
-7.59083
-4.88269
-0.569373
5.35237
16.0077
32.7087
98.7678
71.0651
38.8999
3.1482
-34.5705
-75.1846
-117.596
-160.723
-204.094
-246.797
-288.019
-327.098
-363.301
-395.984
-424.617
-448.725
-467.858
-481.558
-489.458
-491.329
-487.039
-476.393
-459.162
-435.572
-407.472
-378.207
-350.187
-323.013
-294.503
-263.757
-230.959
-197.29
-162.613
-126.533
-100.393
-74.8625
-31.182
-46.1981
-78.3629
123.576
146.976
170.656
193.557
213.507
230.061
242.415
249.876
252.356
250.316
244.422
235.477
224.166
211.115
196.886
181.893
166.46
150.824
135.114
119.382
103.653
87.9653
72.4246
57.3199
43.241
30.8305
20.2658
11.4195
4.24485
-1.23183
-5.01388
-7.11489
-7.6008
-6.56685
-4.01103
0.193604
6.08068
16.5982
32.4598
95.708
70.5619
41.313
8.83618
-25.3272
-62.2205
-100.834
-140.225
-180.087
-219.645
-258.199
-295.2
-329.974
-361.893
-390.391
-414.931
-434.971
-450.067
-459.822
-463.934
-462.185
-454.35
-440.216
-420.046
-395.352
-368.807
-342.548
-316.497
-289.013
-259.399
-227.677
-195.011
-161.381
-126.441
-100.254
-74.7674
-33.0189
-48.2819
-75.4792
118.266
139.502
161.12
182.132
200.521
216.017
227.874
235.375
238.47
237.54
233.131
225.895
216.378
205.081
192.473
178.901
164.666
150.008
135.086
119.995
104.804
89.5837
74.4594
59.7088
45.8564
33.4872
22.8397
13.8578
6.51063
0.830589
-3.16849
-5.48742
-6.18419
-5.3486
-2.96782
1.09601
6.90413
17.2203
32.3064
91.6936
68.6713
41.8675
12.1324
-19.0437
-52.7601
-88.1026
-124.221
-160.947
-197.607
-233.617
-268.535
-301.756
-332.693
-360.791
-385.48
-406.181
-422.383
-433.601
-439.448
-439.659
-434.047
-422.449
-405.156
-383.432
-359.386
-334.825
-309.893
-283.427
-254.933
-224.291
-192.632
-160.034
-126.243
-100.056
-74.7974
-35.1387
-49.1998
-70.7407
112.38
131.831
151.731
171.158
188.23
202.818
214.207
221.682
225.222
225.159
221.95
216.142
208.179
198.461
187.371
175.191
162.181
148.566
134.513
120.146
105.565
90.8713
76.2053
61.8389
48.2482
35.9703
25.2833
16.1959
8.69786
2.82957
-1.3795
-3.91405
-4.82075
-4.17988
-1.96843
1.96019
7.68614
17.7807
32.1877
87.2104
66.0087
41.3122
13.9519
-14.6371
-45.5741
-78.0077
-111.171
-144.992
-178.88
-212.359
-245.077
-276.496
-306.108
-333.377
-357.732
-378.587
-395.386
-407.643
-414.95
-416.979
-413.521
-404.401
-389.884
-371.021
-349.451
-326.674
-302.986
-277.625
-250.284
-220.756
-190.135
-158.581
-125.935
-99.828
-74.8863
-37.4437
-49.0751
-65.0896
106.297
124.224
142.658
160.726
176.665
190.45
201.398
208.795
212.65
213.26
211.019
206.395
199.761
191.442
181.747
170.896
159.103
146.568
133.449
119.881
105.985
91.8838
77.7293
63.7881
50.5025
38.3709
27.695
18.5391
10.9188
4.88392
0.480318
-2.25986
-3.37222
-2.92846
-0.894726
2.88301
8.50079
18.3344
32.0739
82.4926
62.8636
39.9929
14.6912
-11.6504
-40.1594
-70.0351
-100.579
-131.776
-163.115
-194.208
-224.786
-254.378
-282.541
-308.791
-332.58
-353.328
-370.474
-383.485
-391.954
-395.483
-393.85
-386.881
-374.809
-358.515
-339.259
-318.245
-295.851
-271.634
-245.456
-217.065
-187.512
-157.022
-125.513
-99.5751
-74.9797
-39.7858
-48.2896
-59.3224
100.196
116.813
133.977
150.863
165.815
178.88
189.401
196.688
200.757
201.887
200.422
196.778
191.274
184.179
175.742
166.133
155.519
144.064
131.912
119.194
106.04
92.584
78.9857
65.5058
52.564
40.6271
30.009
20.8204
13.1046
6.92324
2.33853
-0.600155
-1.91483
-1.6673
0.187678
3.80981
9.3054
18.8543
31.9324
77.7133
59.4636
38.1971
14.7053
-9.66479
-36.0307
-63.6338
-91.8294
-120.651
-149.643
-178.491
-206.992
-234.745
-261.373
-286.44
-309.435
-329.806
-346.997
-360.463
-369.807
-374.599
-374.585
-369.571
-359.741
-345.823
-328.772
-309.521
-288.481
-265.455
-240.456
-213.229
-184.768
-155.355
-124.974
-99.287
-75.0503
-42.0299
-47.1944
-53.7864
94.2079
109.679
125.729
141.568
155.652
168.059
178.167
185.321
189.527
191.056
190.215
187.378
182.829
176.793
169.479
161.01
151.513
141.118
129.942
118.106
105.737
92.9744
79.9753
66.996
54.4384
42.7449
32.2336
23.052
15.2721
8.969
4.2213
1.09616
-0.414091
-0.361692
1.31057
4.76646
10.1189
19.3511
31.7697
72.9802
55.9479
36.1031
14.2142
-8.41282
-32.877
-58.4567
-84.5486
-111.224
-138.078
-164.843
-191.379
-217.341
-242.415
-266.219
-288.289
-308.106
-325.135
-338.834
-348.812
-354.63
-355.987
-352.678
-344.839
-333.068
-318.073
-300.548
-280.894
-259.092
-235.29
-209.244
-181.897
-153.573
-124.314
-98.957
-75.0885
-44.0999
-46.0483
-48.6626
88.4023
102.867
117.924
132.83
146.135
157.941
167.653
174.65
178.935
180.766
180.425
178.252
174.507
169.385
163.06
155.625
147.171
137.793
127.583
116.641
105.086
93.05
80.6866
68.244
56.1087
44.7033
34.3454
25.2107
17.3982
10.9985
6.10648
2.80679
1.10781
0.967303
2.45492
5.73688
10.9286
19.8181
31.5884
68.3616
52.4138
33.8396
13.3824
-7.6908
-30.4564
-54.2258
-78.4267
-103.162
-128.064
-152.906
-177.593
-201.835
-225.369
-247.872
-268.925
-288.046
-304.734
-318.465
-328.849
-335.475
-337.989
-336.169
-330.104
-320.278
-307.2
-291.354
-273.102
-252.554
-229.959
-205.109
-178.895
-151.67
-123.524
-98.5781
-75.0921
-45.9687
-44.9547
-44.0779
82.8255
96.3905
110.56
124.625
137.226
148.475
157.807
164.634
168.952
171.01
171.068
169.441
166.37
162.032
156.575
150.067
142.571
134.156
124.884
114.832
104.104
92.8177
81.1202
69.2466
57.5693
46.4944
36.3356
27.2885
19.4773
13.0087
7.99354
4.53407
2.65546
2.32556
3.62654
6.72539
11.7373
20.2593
31.3891
63.8989
48.9264
31.4952
12.3261
-7.35405
-28.5948
-50.7336
-73.2322
-96.2088
-119.327
-142.397
-165.362
-187.973
-210.017
-231.215
-251.2
-269.532
-285.747
-299.352
-309.962
-317.193
-320.658
-320.114
-315.605
-307.521
-296.21
-281.976
-265.126
-245.849
-224.471
-200.828
-175.761
-149.642
-122.601
-98.1407
-75.0599
-47.6319
-43.9418
-40.0779
77.5009
90.2562
103.621
116.924
128.882
139.613
148.583
155.229
159.543
161.767
162.143
160.965
158.462
154.794
150.093
144.411
137.789
130.27
121.893
112.712
102.809
92.2877
81.2782
70.0005
58.8128
48.1073
38.1905
29.2715
21.496
14.9871
9.87139
6.26818
4.22005
3.70535
4.81858
7.72608
12.5402
20.6737
31.1708
59.6173
45.5296
29.1337
11.1315
-7.29221
-27.1539
-47.8181
-68.7762
-90.1555
-111.646
-133.09
-154.455
-175.53
-196.143
-216.059
-234.956
-252.438
-268.081
-281.43
-292.105
-299.764
-303.993
-304.529
-301.376
-294.842
-285.15
-272.451
-256.989
-238.991
-218.832
-196.404
-172.493
-147.485
-121.539
-97.634
-74.9881
-49.0907
-43.0239
-36.6512
72.4385
84.4607
97.0941
109.699
121.066
131.313
139.936
146.394
150.678
153.02
153.649
152.838
150.81
147.715
143.67
138.718
132.886
126.194
118.661
110.32
101.229
91.4737
81.1652
70.505
59.8357
49.5347
39.8999
31.1485
23.4437
16.9245
11.7327
8.00371
5.79789
5.10443
6.02948
8.73755
13.3363
21.0626
30.9327
55.5327
42.2508
26.7986
9.86057
-7.42341
-26.0316
-45.3582
-64.9159
-84.8408
-104.847
-124.797
-144.677
-164.315
-183.568
-202.242
-220.054
-236.654
-251.659
-264.649
-275.262
-283.188
-288.012
-289.445
-287.459
-282.293
-274.071
-262.82
-248.715
-231.993
-213.054
-191.841
-169.091
-145.197
-120.336
-97.0481
-74.8704
-50.3482
-42.2119
-33.7607
67.6405
78.9956
90.957
102.921
113.742
123.532
131.823
138.092
142.322
144.745
145.572
145.063
143.434
140.827
137.352
133.043
127.917
121.981
115.236
107.694
99.3927
90.3949
80.792
70.7639
60.6355
50.7696
41.4538
32.9079
25.3088
18.8101
13.5678
9.73247
7.38217
6.51731
7.25465
9.756
14.1231
21.4263
30.6749
51.652
39.1079
24.5231
8.55708
-7.68448
-25.1513
-43.2564
-61.5387
-80.1355
-98.7825
-117.358
-135.87
-154.166
-172.137
-189.619
-206.367
-222.073
-236.392
-248.945
-259.393
-267.45
-272.716
-274.881
-273.888
-269.918
-263.021
-253.123
-240.331
-224.872
-207.146
-187.145
-165.558
-142.777
-118.992
-96.3746
-74.6986
-51.4102
-41.5091
-31.3564
63.1045
73.8477
85.1902
96.5633
106.875
116.236
124.209
130.284
134.447
136.919
137.901
137.641
136.346
134.155
131.172
127.428
122.931
117.681
111.664
104.874
97.33
89.0729
80.172
70.7838
61.2135
51.8087
42.8445
34.5397
27.0808
20.6338
15.3675
11.4467
8.96648
7.9391
8.49015
10.7784
14.8987
21.7659
30.3986
47.9767
36.1126
22.3255
7.25592
-8.03206
-24.4509
-41.4386
-58.5526
-75.9355
-93.3362
-110.649
-127.896
-144.945
-161.711
-178.057
-193.773
-208.59
-222.199
-234.26
-244.461
-252.532
-258.107
-260.854
-260.692
-257.759
-252.044
-243.401
-231.868
-217.646
-201.12
-182.323
-161.897
-140.224
-117.507
-95.6057
-74.465
-52.2848
-40.9124
-29.3867
58.8252
69.0042
79.7746
90.599
100.433
109.39
117.056
122.94
127.022
129.519
130.621
130.564
129.551
127.715
125.157
121.907
117.97
113.338
107.987
101.899
95.0731
87.5313
79.3204
70.5736
61.5737
52.6506
44.0662
36.0353
28.7497
22.3851
17.1221
13.1379
10.5435
9.36388
9.73117
11.8009
15.6608
22.0818
30.1049
44.5063
33.2712
20.2216
5.97946
-8.4295
-23.8855
-39.8451
-55.8884
-72.1566
-88.4126
-104.563
-120.64
-136.53
-152.166
-167.439
-182.164
-196.108
-208.998
-220.53
-230.419
-238.411
-244.177
-247.372
-247.896
-245.851
-241.185
-233.692
-223.354
-210.336
-194.991
-177.385
-158.112
-137.541
-115.881
-94.7359
-74.1625
-52.9821
-40.4146
-27.8018
54.7946
64.4517
74.6908
85.0032
94.3894
102.963
110.335
116.027
120.02
122.523
123.717
123.826
123.05
121.518
119.328
116.51
113.068
108.989
104.244
98.8044
92.6542
85.7966
78.2576
70.1465
61.7223
53.2958
45.1151
37.3874
30.3062
24.0545
18.8221
14.7973
12.1057
10.7854
10.9726
12.8198
16.4076
22.3749
29.7951
41.2366
30.5856
18.2214
4.7465
-8.85097
-23.4174
-38.4301
-53.4874
-68.7295
-83.9319
-99.0119
-114.008
-128.824
-143.406
-157.665
-171.446
-184.541
-196.715
-207.693
-217.223
-225.06
-230.916
-234.441
-235.521
-234.228
-230.481
-224.036
-214.823
-202.964
-188.773
-172.34
-154.208
-134.73
-114.118
-93.7606
-73.785
-53.5131
-40.0057
-26.5559
51.005
60.1762
69.9194
79.752
88.7168
96.9266
104.015
109.52
113.417
115.91
117.173
117.419
116.841
115.569
113.697
111.256
108.251
104.667
100.471
95.6257
90.1047
83.8954
77.0044
69.5167
61.6673
53.7473
45.989
38.59
31.7421
25.6323
20.4579
16.416
13.645
12.1967
12.209
13.8311
17.1369
22.6461
29.4715
38.163
28.0561
16.3297
3.56897
-9.27579
-23.0188
-37.1554
-51.3029
-65.5969
-79.8281
-93.9203
-107.919
-121.738
-135.337
-148.646
-161.528
-173.808
-185.275
-195.69
-204.824
-212.447
-218.308
-222.062
-223.581
-222.916
-219.97
-214.469
-206.304
-195.553
-182.484
-167.2
-150.192
-131.795
-112.222
-92.6768
-73.3278
-53.8892
-39.6748
-25.6083
47.4457
56.1633
65.4416
74.8232
83.3903
91.2555
98.0721
103.39
107.187
109.659
110.972
111.329
110.92
109.871
108.274
106.163
103.543
100.399
96.6966
92.3937
87.4548
81.8542
75.5818
68.7001
61.4196
54.0105
46.6883
39.6392
33.0503
27.1101
22.0202
17.9847
15.1531
13.5903
13.4343
14.8305
17.8468
22.8963
29.1367
35.2787
25.6798
14.5498
2.45559
-9.69082
-22.6676
-35.9922
-49.2971
-62.7158
-76.0481
-89.2278
-102.303
-115.197
-127.881
-140.3
-152.334
-163.833
-174.613
-184.462
-193.177
-200.542
-206.337
-210.23
-212.088
-211.941
-209.682
-205.026
-197.829
-188.129
-176.141
-161.976
-146.072
-128.742
-110.196
-91.4825
-72.787
-54.1222
-39.4114
-24.9221
44.1061
52.4
61.2413
70.1971
78.3885
85.9256
92.4805
97.6165
101.309
103.752
105.099
105.547
105.28
104.422
103.064
101.241
98.9596
96.2066
92.9469
89.1361
84.7323
79.6994
74.0128
67.715
60.9921
54.0926
47.2152
40.5326
34.2253
28.4799
23.5001
19.4943
16.6214
14.9587
14.6422
15.8137
18.5354
23.1265
28.7933
32.5761
23.4531
12.8818
1.41131
-10.0835
-22.3473
-34.9167
-47.44
-60.0467
-72.5485
-84.8833
-97.1026
-109.138
-120.97
-132.556
-143.792
-154.549
-164.664
-173.953
-182.235
-189.31
-194.981
-198.94
-201.048
-201.318
-199.644
-195.738
-189.429
-180.715
-169.764
-156.682
-141.858
-125.576
-108.046
-90.1772
-72.1599
-54.2229
-39.2036
-24.461
40.9759
48.8713
57.3014
65.8557
73.6908
80.9147
87.2175
92.1754
95.7639
98.1686
99.5388
100.06
99.9133
99.22
98.069
96.4979
94.515
92.1085
89.2446
85.8781
81.9631
77.456
72.3203
66.5803
60.399
54.0029
47.5735
41.27
35.2629
29.735
24.8893
20.9361
18.0412
16.2937
15.8262
16.7761
19.2007
23.3376
28.4443
30.0466
21.3713
11.3248
0.438993
-10.4461
-22.0444
-33.9096
-45.7057
-57.559
-69.2899
-80.8417
-92.2671
-103.506
-114.547
-125.354
-135.84
-145.893
-155.371
-164.113
-171.954
-178.717
-184.218
-188.181
-190.462
-191.063
-189.881
-186.635
-181.131
-173.337
-163.372
-151.332
-137.558
-122.305
-105.777
-88.7611
-71.4436
-54.2017
-39.0399
-24.1912
38.0444
45.5649
53.6064
61.7802
69.2769
76.202
82.263
87.0479
90.5312
92.8928
94.2753
94.8561
94.8118
94.2605
93.2898
91.939
90.2186
88.1187
85.6076
82.6408
79.1704
75.1471
70.5257
65.3149
59.6551
53.7521
47.7696
41.8525
36.1607
30.8702
26.1804
22.3014
19.404
17.5873
16.9795
17.7128
19.8407
23.5305
28.0928
27.6823
19.4288
9.8762
-0.460101
-10.7738
-21.7492
-32.9566
-44.075
-55.2272
-66.2415
-77.0668
-87.7553
-98.2544
-108.558
-118.639
-128.421
-137.809
-146.68
-154.889
-162.293
-168.728
-174.026
-177.942
-180.331
-181.186
-180.413
-177.74
-172.963
-166.019
-156.985
-145.943
-133.185
-118.935
-103.394
-87.2344
-70.6369
-54.0672
-38.9084
-24.08
35.3009
42.4673
50.1415
57.954
65.1293
71.7695
77.5974
82.2145
85.593
87.9078
89.2947
89.9235
89.966
89.5375
88.7239
87.5659
86.0764
84.2477
82.0507
79.4425
76.3746
72.7942
68.6499
63.9371
58.7762
53.3519
47.8108
42.2834
36.9176
31.8807
27.3667
23.5825
20.7016
18.8312
18.0949
18.6191
20.4532
23.7063
27.7418
25.4752
17.6194
8.53326
-1.28575
-11.0627
-21.4538
-32.0457
-42.5313
-53.0296
-63.3766
-73.5267
-83.5307
-93.3428
-102.96
-112.364
-121.487
-130.249
-138.542
-146.238
-153.21
-159.308
-164.379
-168.207
-170.648
-171.693
-171.255
-169.078
-164.949
-158.786
-150.623
-140.53
-128.749
-115.476
-100.902
-85.5999
-69.7379
-53.8273
-38.7982
-24.097
32.7349
39.5666
46.8928
54.3627
61.2314
67.6
73.2037
77.6576
80.9326
83.1978
84.5828
85.2499
85.3661
85.0439
84.3679
83.3792
82.0931
80.5042
78.5861
76.2985
73.5935
70.4171
66.713
62.4665
57.7789
52.8152
47.7059
42.5673
37.5342
32.7641
28.4426
24.772
21.9257
20.0176
19.1655
19.4898
21.0361
23.8654
27.3942
23.4169
15.9375
7.29156
-2.03857
-11.3109
-21.1528
-31.1674
-41.0616
-50.9489
-60.6744
-70.1956
-79.5637
-88.7357
-97.7154
-106.486
-114.994
-123.166
-130.911
-138.115
-144.665
-150.426
-155.253
-158.961
-161.409
-162.587
-162.418
-160.665
-157.113
-151.66
-144.309
-135.111
-124.265
-111.938
-98.3085
-83.8589
-68.746
-53.4888
-38.6972
-24.2144
30.3367
36.8516
43.8482
50.9919
57.5683
63.6774
69.0655
73.3612
76.5341
78.748
80.1263
80.8239
81.0031
80.7733
80.2174
79.3775
78.2703
76.8933
75.2229
73.2213
70.8425
68.033
64.7334
60.9202
56.6787
52.1551
47.4647
42.7098
38.0125
33.5185
29.4041
25.8635
23.069
21.1388
20.1844
20.3199
21.5871
24.0086
27.0528
21.4995
14.3765
6.14747
-2.72055
-11.5174
-20.8427
-30.3147
-39.6545
-48.9707
-58.1161
-67.0505
-75.8261
-84.4033
-92.7879
-100.97
-108.901
-116.521
-123.748
-130.483
-136.623
-142.047
-146.621
-150.185
-152.605
-153.868
-153.911
-152.517
-149.474
-144.664
-138.063
-129.704
-119.747
-108.331
-95.621
-82.0152
-67.6609
-53.0554
-38.5952
-24.4061
28.0971
34.3117
40.995
47.8279
54.1258
59.9865
65.1676
69.3098
72.3828
74.5442
75.9118
76.6334
76.8665
76.7175
76.2667
75.5576
74.6084
73.4186
71.9678
70.2212
68.1352
65.6573
62.727
59.3148
55.491
51.385
47.0978
42.7185
38.356
34.1441
30.2476
26.8519
24.1247
22.1875
21.1449
21.1044
22.1038
24.136
26.72
19.7157
12.9305
5.09681
-3.33401
-11.6818
-20.5198
-29.4817
-38.3009
-47.0822
-55.6849
-64.0723
-72.2952
-80.3181
-88.1489
-95.7811
-103.175
-110.277
-117.016
-123.304
-129.05
-134.143
-138.459
-141.861
-144.222
-145.532
-145.739
-144.647
-142.048
-137.815
-131.904
-124.328
-115.211
-104.667
-92.847
-80.0738
-66.4828
-52.5329
-38.4809
-24.6492
26.0073
31.9364
38.322
44.859
50.8907
56.5135
61.4959
65.4896
68.4649
70.5733
71.9272
72.6676
72.9464
72.8682
72.51
71.9163
71.1065
70.0819
68.8256
67.3059
65.4818
63.3028
60.7087
57.6657
54.2308
50.5184
46.6162
42.601
38.5691
34.6419
30.9717
27.7326
25.0871
23.1569
22.0408
21.8382
22.5835
24.2477
26.3976
18.058
11.5937
4.13504
-3.88123
-11.8047
-20.1829
-28.6642
-36.9944
-45.2738
-53.3689
-61.245
-68.9522
-76.4583
-83.7725
-90.8923
-97.7832
-104.4
-110.68
-116.546
-121.913
-126.684
-130.742
-133.97
-136.251
-137.575
-137.904
-137.061
-134.849
-131.133
-125.851
-119
-110.672
-100.96
-89.9971
-78.0401
-65.2138
-51.9247
-38.3459
-24.9265
24.0588
29.7167
35.8186
42.0733
47.8507
53.2456
58.0366
61.8876
64.7675
66.8228
68.1604
68.915
69.2335
69.2169
68.9405
68.4485
67.762
66.8836
65.7996
64.4814
62.8913
60.9809
58.6917
55.9866
52.9122
49.5684
46.0312
42.3662
38.6577
35.0144
31.5754
28.5027
25.9513
24.0413
22.8663
22.5168
23.024
24.3432
26.0873
16.5196
10.3601
3.25792
-4.36511
-11.8872
-19.8308
-27.8589
-35.7292
-43.5376
-51.1567
-58.5548
-65.7801
-72.8039
-79.6362
-86.2782
-92.6999
-98.8627
-104.711
-110.177
-115.184
-119.642
-123.446
-126.493
-128.677
-129.99
-130.405
-129.767
-127.888
-124.632
-119.921
-113.739
-106.149
-97.2238
-87.0824
-75.9222
-63.8572
-51.2347
-38.1821
-25.2237
22.2436
27.6437
33.475
39.4598
44.9942
50.1708
54.7778
58.4909
61.2779
63.2806
64.6002
65.3656
65.718
65.7553
65.5511
65.1494
64.5715
63.8227
62.8912
61.7519
60.3702
58.7006
56.687
54.2904
51.548
48.5474
45.3539
42.0231
38.628
35.2649
32.0595
29.1603
26.7135
24.836
23.6163
23.1357
23.4225
24.4218
25.7899
15.0937
9.22422
2.46106
-4.78859
-11.9303
-19.4628
-27.0629
-34.4997
-41.8654
-49.038
-55.9888
-62.7639
-69.3374
-75.7208
-81.9166
-87.9001
-93.6379
-99.0821
-104.171
-108.835
-112.993
-116.548
-119.411
-121.486
-122.768
-123.24
-122.767
-121.175
-118.325
-114.131
-108.562
-101.658
-93.4753
-84.1157
-73.7293
-62.417
-50.4674
-37.9829
-25.5277
20.5541
25.7085
31.2817
37.0086
42.3105
47.2778
51.7082
55.2878
57.9849
59.9354
61.2357
62.0083
62.3899
62.4751
62.3346
62.0127
61.5313
60.8968
60.1004
59.1198
57.9235
56.4695
54.704
52.5877
50.15
47.467
44.5953
41.5811
38.4871
35.3979
32.4253
29.7044
27.3708
25.5369
24.2862
23.691
23.7766
24.4825
25.5055
13.7739
8.18055
1.74005
-5.1547
-11.9357
-19.0791
-26.2746
-33.3029
-40.2515
-47.0051
-53.5366
-59.8905
-66.0431
-72.0074
-77.7874
-83.362
-88.7028
-93.7679
-98.5011
-102.841
-106.712
-110.026
-112.705
-114.663
-115.899
-116.404
-116.063
-114.714
-112.222
-108.493
-103.484
-97.2157
-89.7297
-81.1115
-71.4723
-60.9003
-49.6263
-37.7431
-25.8273
18.9831
23.9033
29.2299
34.7103
39.7895
44.5562
48.8163
52.2674
54.8771
56.776
58.056
58.8336
59.24
59.3672
59.2835
59.0323
58.6362
58.1032
57.4262
56.5863
55.5548
54.293
52.7504
50.888
48.7286
46.3385
43.7659
41.0496
38.2427
35.4185
32.6757
30.1353
27.9218
26.1413
24.8725
24.1792
24.0839
24.5238
25.2338
12.5541
7.22372
1.09058
-5.46667
-11.9054
-18.6799
-25.493
-32.1356
-38.6918
-45.0513
-51.1895
-57.1493
-62.9089
-68.4815
-73.8731
-79.0661
-84.0358
-88.7456
-93.1454
-97.179
-100.777
-103.859
-106.356
-108.194
-109.372
-109.89
-109.652
-108.51
-106.331
-103.019
-98.5208
-92.8389
-86.0036
-78.0849
-69.1635
-59.3144
-48.7172
-37.4589
-26.1117
17.5235
22.2201
27.3113
32.5556
37.4215
41.9955
46.0921
49.4193
51.9442
53.7924
55.0514
55.8314
56.2593
56.4238
56.3902
56.2016
55.8813
55.4381
54.8669
54.1514
53.2661
52.1757
50.8329
49.1996
47.2935
45.1718
42.8759
40.4379
37.9025
35.3326
32.8144
30.4543
28.3657
26.6474
25.3726
24.5975
24.3421
24.5439
24.9732
11.4282
6.34865
0.508368
-5.72764
-11.8413
-18.266
-24.7168
-30.9953
-37.1817
-43.1705
-48.9396
-54.53
-59.9218
-65.129
-70.1583
-74.995
-79.6179
-83.9954
-88.0821
-91.827
-95.1667
-98.0273
-100.348
-102.063
-103.176
-103.693
-103.533
-102.563
-100.658
-97.7182
-93.684
-88.5422
-82.3127
-75.0513
-66.8162
-57.6687
-47.7451
-37.1269
-26.3709
16.1688
20.652
25.5178
30.5363
35.1977
39.5868
43.5259
46.7333
49.1762
50.9747
52.2122
52.9928
53.439
53.636
53.647
53.5142
53.2611
52.8972
52.4196
51.8143
51.0585
50.1204
48.9563
47.5293
45.8526
43.976
41.9347
39.7551
37.4747
35.1468
32.8455
30.6639
28.7032
27.0542
25.7846
24.9438
24.5493
24.541
24.7219
10.3905
5.55033
-0.0107638
-5.94094
-11.7456
-17.8384
-23.9462
-29.8805
-35.7177
-41.3579
-46.7801
-52.0244
-57.072
-61.9375
-66.6285
-71.1328
-75.4322
-79.4987
-83.2921
-86.7658
-89.8614
-92.5115
-94.6615
-96.2557
-97.2985
-97.8023
-97.7007
-96.8751
-95.2073
-92.5992
-88.9847
-84.3388
-78.6716
-72.0264
-64.4437
-55.9733
-46.715
-36.7448
-26.5957
14.9127
19.192
23.8422
28.6443
33.1096
37.321
41.1086
44.2005
46.5637
48.3135
49.5289
50.3087
50.7704
50.9961
51.0466
50.9632
50.7696
50.4761
50.0812
49.5732
48.9322
48.1293
47.1244
45.8826
44.4131
42.7592
40.951
39.01
36.9672
34.8677
32.7743
30.7673
28.9359
27.362
26.1079
25.2166
24.7037
24.5128
24.4771
9.43565
4.82399
-0.470847
-6.10953
-11.6205
-17.3981
-23.1809
-28.7895
-34.297
-39.6088
-44.7054
-49.625
-54.3505
-58.8965
-63.2718
-67.4655
-71.4629
-75.2391
-78.7578
-81.9768
-84.8428
-87.294
-89.2813
-90.757
-91.727
-92.2093
-92.1496
-91.4432
-89.9807
-87.6671
-84.4318
-80.2405
-75.0942
-69.0245
-62.06
-54.2393
-45.6334
-36.3111
-26.7774
13.7489
17.8335
22.2771
26.8718
31.1491
35.1899
38.8314
41.812
44.0979
45.8
46.9929
47.7703
48.245
48.4959
48.5813
48.5419
48.401
48.1696
47.8478
47.4257
46.8862
46.2031
45.34
44.2639
42.981
41.5288
39.9329
38.2109
36.3882
34.5025
32.6066
30.7687
29.0661
27.572
26.3426
25.4154
24.8042
24.4572
24.2354
8.5584
4.16479
-0.875774
-6.23664
-11.4684
-16.9463
-22.4208
-27.7212
-32.9178
-37.92
-42.7103
-47.3251
-51.7489
-55.9966
-60.0767
-63.9807
-67.6962
-71.2013
-74.4633
-77.4437
-80.0939
-82.3577
-84.1905
-85.5519
-86.4491
-86.9039
-86.8728
-86.2646
-84.9792
-82.9259
-80.0322
-76.2569
-71.5923
-66.0595
-59.6781
-52.4773
-44.5066
-35.8254
-26.9086
12.672
16.5702
20.8162
25.2119
29.3088
33.1854
36.6865
39.5593
41.7705
43.4257
44.5959
45.3696
45.8549
46.1278
46.2441
46.2436
46.1494
45.9729
45.7155
45.3692
44.9191
44.3421
43.605
42.6768
41.5615
40.2912
38.8878
37.3657
35.7456
34.0586
32.3486
30.6729
29.0974
27.6863
26.4897
25.5401
24.8498
24.3721
23.9932
7.75373
3.56849
-1.22946
-6.3254
-11.2913
-16.4845
-21.6665
-26.6752
-31.5776
-36.2881
-40.79
-45.1189
-49.2602
-53.2285
-57.0332
-60.667
-64.1195
-67.3714
-70.3935
-73.1509
-75.5989
-77.6868
-79.3739
-80.6261
-81.4517
-81.8753
-81.8627
-81.3348
-80.2016
-78.378
-75.7916
-72.3958
-68.1757
-63.143
-57.31
-50.6981
-43.341
-35.288
-26.9826
11.6763
15.3964
19.4529
23.6579
27.5816
31.3005
34.666
37.4348
39.5734
41.1827
42.3299
43.0987
43.5925
43.8844
44.028
44.0617
44.0087
43.8807
43.68
43.4005
43.0292
42.5458
41.9203
41.1239
40.1584
39.0517
37.8223
36.4818
35.047
33.5434
32.0071
30.4855
29.034
27.7079
26.5511
25.5917
24.8403
24.2555
23.7468
7.0169
3.03074
-1.53548
-6.37878
-11.0917
-16.0142
-20.9183
-25.6509
-30.2752
-34.7105
-38.9413
-43.0016
-46.878
-50.5851
-54.1324
-57.5138
-60.721
-63.7369
-66.5352
-69.0841
-71.3434
-73.2664
-74.8168
-75.9654
-76.722
-77.1126
-77.1108
-76.6483
-75.6457
-74.024
-71.7131
-68.6631
-64.8526
-60.2848
-54.9663
-48.9118
-42.1431
-34.7002
-26.9945
10.7569
14.3063
18.1815
22.2033
25.9607
29.5278
32.7627
35.4311
37.4992
39.0635
40.1874
40.9501
41.4505
41.7588
41.9262
41.9901
41.9733
41.8879
41.7371
41.5162
41.2142
40.8132
40.2863
39.607
38.7754
37.8151
36.7423
35.566
34.2998
32.9644
31.5892
30.2128
28.881
27.6406
26.5296
25.5715
24.7757
24.106
23.4923
6.34333
2.5475
-1.7974
-6.39969
-10.8716
-15.5367
-20.1771
-24.6479
-29.0094
-33.1849
-37.1605
-40.9685
-44.5966
-48.0592
-51.366
-54.5122
-57.4905
-60.2862
-62.8758
-65.2304
-67.3133
-69.0823
-70.505
-71.5564
-72.2471
-72.6043
-72.6078
-72.1988
-71.3078
-69.8633
-67.7988
-65.0629
-61.6291
-57.4929
-52.6558
-47.1269
-40.9193
-34.0638
-26.941
9.90857
13.2947
16.9959
20.8421
24.4397
27.8608
30.9699
33.5411
35.5407
37.0607
38.1613
38.9167
39.422
39.7441
39.9321
40.0225
40.0376
39.9895
39.8824
39.7127
39.4715
39.1429
38.703
38.1274
37.4148
36.5854
35.6529
34.6245
33.511
32.3288
31.1019
29.8612
28.6441
27.4892
26.4285
25.4818
24.6569
23.9223
23.2264
5.7288
2.11481
-2.01853
-6.39097
-10.6332
-15.0534
-19.4436
-23.6662
-27.779
-31.7093
-35.4444
-39.0154
-42.4107
-45.6447
-48.7268
-51.6533
-54.4185
-57.0091
-59.4041
-61.5777
-63.4961
-65.1218
-66.4253
-67.3859
-68.0146
-68.3389
-68.3439
-67.9789
-67.1835
-65.8942
-64.0494
-61.5981
-58.5095
-54.7731
-50.3856
-45.3506
-39.6751
-33.3816
-26.8203
9.12675
12.3566
15.891
19.5687
23.0127
26.2932
29.2809
31.7579
33.691
35.1677
36.2446
36.9918
37.5002
37.8339
38.0398
38.1531
38.196
38.1805
38.1115
37.9867
37.7986
37.5333
37.1699
36.6858
36.0789
35.3661
34.5589
33.6631
32.687
31.6439
30.5526
29.4378
28.3294
27.2587
26.2521
25.3255
24.4852
23.7038
22.946
5.16917
1.72907
-2.20221
-6.35524
-10.3788
-14.566
-18.7182
-22.7056
-26.5831
-30.2821
-33.7907
-37.1388
-40.316
-43.3358
-46.2081
-48.9297
-51.4961
-53.8957
-56.1097
-58.1146
-59.8802
-61.3725
-62.5653
-63.4415
-64.0123
-64.3052
-64.3089
-63.9805
-63.2674
-62.1141
-60.4645
-58.2698
-55.4967
-52.1297
-48.1607
-43.5887
-38.4154
-32.656
-26.6318
8.40705
11.4871
14.8617
18.3774
21.6738
24.819
27.6894
30.0755
31.9438
33.3778
34.4309
35.169
35.6789
36.022
36.243
36.3763
36.4433
36.4562
36.4202
36.3344
36.1924
35.9826
35.6862
35.2828
34.7692
34.1598
33.4641
32.6868
31.8342
30.9164
29.9485
28.9498
27.9437
26.955
26.005
25.1059
24.2624
23.4504
22.6489
4.66058
1.38675
-2.35149
-6.29512
-10.1104
-14.0757
-18.002
-21.7664
-25.4212
-28.9015
-32.1968
-35.3353
-38.3078
-41.1274
-43.8037
-46.3342
-48.7156
-50.9374
-52.9829
-54.831
-56.4546
-57.8231
-58.9132
-59.7111
-60.2282
-60.4917
-60.4931
-60.1953
-59.5533
-58.5188
-57.0426
-55.0785
-52.5927
-49.5655
-45.9848
-41.8453
-37.1442
-31.8898
-26.376
7.74526
10.6819
13.9031
17.2634
20.4179
23.4328
26.1899
28.4879
30.293
31.6851
32.7142
33.4422
33.9521
34.3026
34.5364
34.6868
34.7746
34.8118
34.8045
34.7523
34.6505
34.4888
34.2508
33.9181
33.4869
32.9689
32.3723
31.7005
30.9581
30.1529
29.2967
28.4043
27.4938
26.5843
25.6924
24.827
23.9908
23.1628
22.3334
4.19939
1.08454
-2.46923
-6.21305
-9.82984
-13.5841
-17.2957
-20.8485
-24.2925
-27.5663
-30.6604
-33.602
-36.3825
-39.0147
-41.508
-43.8604
-46.0694
-48.1258
-50.0148
-51.7173
-53.2091
-54.4629
-55.458
-56.1836
-56.6514
-56.8876
-56.886
-56.6144
-56.0342
-55.1043
-53.7815
-52.024
-49.7983
-47.0824
-43.8606
-40.1236
-35.8642
-31.0853
-26.0541
7.13741
9.93665
13.0108
16.2218
19.2398
22.1291
24.7769
26.9894
28.7331
30.0838
31.0887
31.8058
32.3142
32.6702
32.9145
33.0793
33.1848
33.243
33.2603
33.2372
33.1699
33.0498
32.8627
32.5919
32.2329
31.7956
31.2865
30.7082
30.064
29.3597
28.6041
27.8086
26.9868
26.1532
25.3199
24.4932
23.6734
22.8418
21.9986
3.78217
0.81933
-2.55822
-6.11135
-9.53901
-13.0925
-16.6001
-19.9522
-23.1966
-26.2753
-29.1799
-31.9361
-34.5366
-36.9933
-39.3155
-41.502
-43.5506
-45.4534
-47.1971
-48.7647
-50.1344
-51.282
-52.1894
-52.8483
-53.2709
-53.4822
-53.4775
-53.2289
-52.7031
-51.8651
-50.6783
-49.1051
-47.1141
-44.6818
-41.7901
-38.426
-34.5786
-30.245
-25.6679
6.57982
9.24745
12.1805
15.2482
18.1349
20.9031
23.4452
25.5748
27.2585
28.5685
29.5488
30.2542
30.7598
31.1197
31.3724
31.5491
31.6697
31.7457
31.784
31.7856
31.7479
31.6637
31.5206
31.3036
31.0079
30.6413
30.2094
29.7138
29.1568
28.5423
27.8772
27.1697
26.4298
25.6683
24.8935
24.109
23.3134
22.4891
21.6442
3.40571
0.588211
-2.62095
-5.99215
-9.23964
-12.602
-15.9159
-19.0778
-22.1331
-25.0274
-27.7533
-30.3353
-32.7666
-35.0592
-37.2217
-39.2535
-41.1529
-42.9131
-44.522
-45.9646
-47.2213
-48.2708
-49.0975
-49.6953
-50.0766
-50.2652
-50.2579
-50.0297
-49.5522
-48.7959
-47.7294
-46.3206
-44.5403
-42.365
-39.7752
-36.7549
-33.2895
-29.3713
-25.2195
6.069
8.61058
11.4082
14.3381
17.0986
19.7501
22.1901
24.2393
25.8644
27.1341
28.0898
28.7824
29.2841
29.646
29.9053
30.0917
30.2247
30.3158
30.3718
30.3945
30.382
30.3285
30.2232
30.053
29.8124
29.5077
29.1434
28.7208
28.2408
27.7064
27.1221
26.4942
25.8298
25.1362
24.419
23.6795
22.9141
22.1065
21.2704
3.06702
0.388455
-2.65981
-5.8574
-8.93328
-12.1139
-15.2438
-18.2252
-21.1016
-23.8217
-26.379
-28.7971
-31.0697
-33.2085
-35.2218
-37.1095
-38.8702
-40.498
-41.982
-43.309
-44.4615
-45.4207
-46.1732
-46.7149
-47.0585
-47.227
-47.2174
-47.0079
-46.5739
-45.8903
-44.9309
-43.6684
-42.0768
-40.1334
-37.8181
-35.1129
-32
-28.4673
-24.7121
5.60168
8.02251
10.6901
13.4878
16.1267
18.6658
21.0071
22.9781
24.546
25.7759
26.7066
27.3858
27.8822
28.2448
28.5088
28.7029
28.8461
28.9495
29.0203
29.0607
29.0696
29.0422
28.9695
28.8394
28.6466
28.3958
28.0908
27.7322
27.3203
26.8568
26.3448
25.7887
25.1933
24.5636
23.9025
23.2095
22.4793
21.6961
20.8778
2.76323
0.217517
-2.67701
-5.709
-8.62141
-11.6291
-14.5842
-17.3945
-20.1016
-22.6572
-25.0556
-27.3193
-29.4429
-31.4377
-33.3118
-35.0651
-36.6969
-38.2018
-39.5703
-40.7905
-41.8471
-42.7231
-43.4075
-43.8982
-44.2077
-44.3579
-44.3468
-44.1547
-43.7601
-43.1418
-42.2781
-41.146
-39.7229
-37.9879
-35.9209
-33.5028
-30.7134
-27.5367
-24.1495
5.17476
7.47989
10.0228
12.6933
15.2152
17.6459
19.8916
21.7868
23.2988
24.4894
25.395
26.06
26.55
26.9118
27.1788
27.3788
27.53
27.6435
27.7265
27.7816
27.8084
27.8031
27.758
27.6625
27.511
27.307
27.0536
26.7509
26.3989
25.9981
25.5506
25.0591
24.5269
23.9567
23.3499
22.704
22.0127
21.2602
20.4673
2.49163
0.0729289
-2.67466
-5.54864
-8.30535
-11.1485
-13.9375
-16.5858
-19.1326
-21.5328
-23.7813
-25.8999
-27.8838
-29.7435
-31.4875
-33.1156
-34.6276
-36.0186
-37.2804
-38.4021
-39.3702
-40.17
-40.7921
-41.2362
-41.5149
-41.649
-41.637
-41.4613
-41.1028
-40.5437
-39.7658
-38.7503
-37.4777
-35.9293
-34.0859
-31.9281
-29.4338
-26.584
-23.5367
4.7853
6.97949
9.40265
11.9509
14.3604
16.6863
18.8396
20.6611
22.1186
23.2704
24.1505
24.8007
25.2833
25.6429
25.9115
26.1157
26.273
26.3946
26.4874
26.5546
26.5962
26.6094
26.5878
26.5218
26.4057
26.2421
26.0335
25.7797
25.4801
25.1347
24.7445
24.3111
23.8363
23.3216
22.7667
22.168
21.518
20.8011
20.0398
2.24955
-0.0476415
-2.65489
-5.37804
-7.98638
-10.673
-13.3044
-15.7989
-18.1939
-20.4473
-22.5547
-24.5368
-26.3895
-28.123
-29.7453
-31.2567
-32.6574
-33.9429
-35.1059
-36.1368
-37.0237
-37.7536
-38.319
-38.7207
-38.9717
-39.0916
-39.0793
-38.919
-38.5939
-38.0886
-37.3883
-36.4773
-35.3393
-33.9579
-32.3153
-30.3923
-28.1659
-25.6148
-22.8795
4.43033
6.51821
8.82648
11.2572
13.5583
15.7834
17.8471
19.5971
21.0011
22.1145
22.9692
23.604
24.0782
24.4346
24.7033
24.9101
25.0721
25.1998
25.3004
25.3773
25.4311
25.4596
25.4576
25.4166
25.331
25.2021
25.0322
24.8208
24.5671
24.2705
23.9311
23.5498
23.1273
22.6639
22.1584
21.6061
20.999
20.3212
19.5963
2.03441
-0.146559
-2.61961
-5.19883
-7.66583
-10.2035
-12.6851
-15.0337
-17.2852
-19.3999
-21.3743
-23.228
-24.9575
-26.5727
-28.0815
-29.4844
-30.7815
-31.9692
-33.0411
-33.9883
-34.8006
-35.4667
-35.9804
-36.3438
-36.5698
-36.6773
-36.6652
-36.5195
-36.2253
-35.7694
-35.1394
-34.3225
-33.3052
-32.0732
-30.6105
-28.8986
-26.9144
-24.6349
-22.1848
4.10709
6.09304
8.29104
10.6089
12.8057
14.9333
16.9104
18.5907
19.9424
21.018
21.8471
22.466
22.9311
23.2831
23.5508
23.759
23.924
24.0563
24.163
24.2476
24.3112
24.3523
24.3667
24.3467
24.2869
24.1878
24.0512
23.8766
23.6629
23.4091
23.1148
22.78
22.4049
21.9889
21.53
21.023
20.4592
19.8229
19.1379
1.84373
-0.226057
-2.57083
-5.01266
-7.34492
-9.74083
-12.08
-14.2903
-16.4059
-18.3895
-20.2383
-21.9713
-23.5853
-25.0899
-26.4927
-27.7944
-28.9953
-30.0926
-31.0802
-31.9505
-32.6944
-33.3023
-33.7689
-34.0977
-34.3014
-34.3978
-34.3864
-34.2546
-33.9891
-33.5786
-33.0126
-32.2808
-31.3719
-30.2738
-28.9721
-27.4498
-25.6837
-23.65
-21.4594
3.81289
5.70109
7.79331
10.0027
12.099
14.1326
16.0258
17.6384
18.939
19.9772
20.7806
21.3832
21.8384
22.1851
22.4507
22.6591
22.826
22.9615
23.0727
23.1634
23.2348
23.2861
23.3139
23.3117
23.2736
23.1999
23.0918
22.9489
22.7701
22.5538
22.2993
22.0061
21.6739
21.3015
20.8863
20.4228
19.9021
19.3085
18.6657
1.6752
-0.288223
-2.51038
-4.82106
-7.02491
-9.28581
-11.4896
-13.5686
-15.5553
-17.4151
-19.1456
-20.7649
-22.2704
-23.6715
-24.9753
-26.1828
-27.2946
-28.308
-29.2179
-30.0175
-30.6988
-31.2534
-31.6775
-31.9751
-32.1588
-32.2455
-32.2352
-32.1164
-31.8775
-31.5087
-31.0012
-30.3465
-29.5353
-28.5574
-27.4001
-26.0476
-24.4775
-22.6657
-20.7105
3.54525
5.3398
7.33051
9.43565
11.4354
13.3783
15.1902
16.7371
17.9875
18.9886
19.7663
20.3521
20.7968
21.1374
21.4
21.6075
21.7752
21.9127
22.0272
22.1224
22.2001
22.2596
22.2985
22.3109
22.2912
22.2389
22.1552
22.0396
21.8909
21.7074
21.4881
21.2321
20.9385
20.606
20.2316
19.8096
19.331
18.7804
18.1809
1.5268
-0.334919
-2.43991
-4.62538
-6.70681
-8.83922
-10.9143
-12.8687
-14.7333
-16.4758
-18.0946
-19.6068
-21.0104
-22.3145
-23.5259
-24.6457
-25.6747
-26.6106
-27.4489
-28.1836
-28.8077
-29.3139
-29.6994
-29.9689
-30.1347
-30.2129
-30.2038
-30.0973
-29.883
-29.5525
-29.0984
-28.5137
-27.7908
-26.921
-25.8931
-24.6928
-23.2987
-21.6867
-19.9443
3.30201
5.00684
6.90022
8.90521
10.8119
12.6674
14.4006
15.8836
17.0848
18.0493
18.8012
19.3698
19.8033
20.137
20.3958
20.6014
20.7688
20.9074
21.024
21.1227
21.2051
21.2713
21.3193
21.3438
21.3395
21.3054
21.2423
21.1501
21.0274
20.8726
20.6842
20.4612
20.2025
19.9064
19.5699
19.1871
18.749
18.2408
17.6848
1.3968
-0.367744
-2.36082
-4.42684
-6.39163
-8.40167
-10.3543
-12.1905
-13.9394
-15.5709
-17.084
-18.4953
-19.8031
-21.0161
-22.1411
-23.1793
-24.1315
-24.9957
-25.768
-26.4432
-27.015
-27.4773
-27.828
-28.0722
-28.2222
-28.293
-28.2853
-28.1901
-27.9985
-27.703
-27.2977
-26.7766
-26.1334
-25.3609
-24.4493
-23.3852
-22.1489
-20.7167
-19.1663
3.08134
4.70031
6.5004
8.40919
10.2263
11.9975
13.6545
15.0752
16.2282
17.1564
17.8825
18.4334
18.8551
19.1812
19.4352
19.6383
19.8045
19.9432
20.061
20.162
20.2481
20.3196
20.375
20.4098
20.4184
20.3995
20.3541
20.2818
20.1814
20.0514
19.8902
19.6965
19.4692
19.2063
18.9046
18.5585
18.1592
17.6922
17.179
1.28376
-0.388013
-2.27428
-4.2264
-6.08007
-7.97362
-9.80993
-11.5337
-13.1729
-14.6994
-16.1127
-17.4288
-18.6463
-19.7739
-20.818
-21.7799
-22.6606
-23.4586
-24.1702
-24.7909
-25.3151
-25.7375
-26.0569
-26.2786
-26.4145
-26.4789
-26.4726
-26.388
-26.2171
-25.9537
-25.5927
-25.1292
-24.5581
-23.8732
-23.0658
-22.124
-21.0291
-19.7584
-18.381
2.88172
4.41855
6.12932
7.9458
9.67671
11.3664
12.9493
14.3093
15.4148
16.3073
17.0077
17.5406
17.9499
18.2676
18.5161
18.7157
18.8799
19.0178
19.1359
19.2383
19.3272
19.4029
19.4645
19.5078
19.5273
19.5215
19.4909
19.4356
19.3545
19.2459
19.1084
18.9407
18.7414
18.5085
18.2389
17.927
17.5643
17.1367
16.6651
1.18636
-0.396907
-2.18127
-4.02484
-5.77266
-7.55534
-9.281
-10.8981
-12.4332
-13.8603
-15.1793
-16.4054
-17.538
-18.5852
-19.5534
-20.4441
-21.2583
-21.9949
-22.6506
-23.2213
-23.7021
-24.0886
-24.3799
-24.5816
-24.7052
-24.7641
-24.7594
-24.6845
-24.5326
-24.2983
-23.9774
-23.5661
-23.06
-22.4538
-21.74
-20.9076
-19.9393
-18.8135
-17.5917
2.70168
4.16005
5.78537
7.51327
9.16118
10.772
12.2827
13.5833
14.642
15.4993
16.1742
16.689
17.0853
17.394
17.6363
17.8316
17.9931
18.1293
18.2468
18.3498
18.4404
18.5194
18.5861
18.6367
18.6657
18.6711
18.6533
18.6125
18.5478
18.4577
18.3408
18.1959
18.0215
17.8158
17.5755
17.2952
16.9667
16.5766
16.1446
1.10325
-0.395606
-2.08279
-3.8229
-5.4699
-7.14705
-8.76746
-10.2833
-11.7196
-13.0523
-14.2821
-15.4234
-16.4759
-17.4477
-18.3447
-19.1687
-19.9209
-20.6003
-21.2043
-21.7292
-22.1706
-22.5247
-22.791
-22.9751
-23.088
-23.1423
-23.1394
-23.0735
-22.9388
-22.7309
-22.4464
-22.082
-21.6343
-21.0988
-20.4687
-19.7343
-18.8793
-17.8834
-16.8013
2.53964
3.92302
5.46666
7.10956
8.67756
10.212
11.6522
12.8947
13.907
14.7297
15.3796
15.8763
16.2593
16.5584
16.7939
16.9843
17.1423
17.2761
17.3923
17.4949
17.5864
17.6677
17.7385
17.7953
17.8325
17.8478
17.8413
17.8131
17.7626
17.6884
17.5893
17.4643
17.312
17.1306
16.9168
16.6655
16.3689
16.014
15.6194
1.03287
-0.385399
-1.97988
-3.62134
-5.17231
-6.74902
-8.26927
-9.68879
-11.0312
-12.2746
-13.4198
-14.4808
-15.4579
-16.3588
-17.1891
-17.9505
-18.6448
-19.2711
-19.8272
-20.3099
-20.7153
-21.0401
-21.2841
-21.4528
-21.5566
-21.6073
-21.6064
-21.549
-21.4301
-21.2461
-20.9942
-20.6721
-20.2768
-19.8045
-19.2493
-18.6024
-17.8485
-16.9687
-16.0118
2.39381
3.70537
5.17079
6.73198
8.22297
9.68353
11.0552
12.2408
13.2071
13.996
14.6214
15.0999
15.4695
15.7588
15.9872
16.1722
16.3262
16.457
16.5711
16.6725
16.764
16.8467
16.9205
16.9824
17.0268
17.0508
17.0544
17.0375
16.9995
16.9392
16.8557
16.7481
16.6152
16.4552
16.2653
16.0405
15.7731
15.451
15.0916
0.973415
-0.36776
-1.87373
-3.42103
-4.88045
-6.36145
-7.78634
-9.11436
-10.3674
-11.5259
-12.5909
-13.5758
-14.4817
-15.3159
-16.0836
-16.7865
-17.4266
-18.0034
-18.515
-18.9587
-19.3311
-19.6294
-19.8535
-20.0088
-20.1049
-20.153
-20.1545
-20.1052
-20.0009
-19.8386
-19.6162
-19.3319
-18.9834
-18.5676
-18.0792
-17.5102
-16.8465
-16.0703
-15.2254
2.26205
3.50464
4.89494
6.37734
7.79406
9.1833
10.4886
11.6193
12.54
13.2959
13.8974
14.3576
14.7135
14.9929
15.214
15.3936
15.5434
15.671
15.7825
15.8821
15.9727
16.0556
16.1314
16.1972
16.2476
16.2794
16.2921
16.2855
16.2589
16.2111
16.1414
16.049
15.9331
15.7922
15.6236
15.4225
15.1819
14.89
14.5631
0.922924
-0.344357
-1.76576
-3.22316
-4.59532
-5.98498
-7.31899
-8.55992
-9.72781
-10.8058
-11.7942
-12.7068
-13.5456
-14.3169
-15.0254
-15.6733
-16.2628
-16.7935
-17.2638
-17.6714
-18.0136
-18.2877
-18.4939
-18.6374
-18.7272
-18.7736
-18.7779
-18.7365
-18.6458
-18.5033
-18.3076
-18.0572
-17.7505
-17.385
-16.9561
-16.4563
-15.8729
-15.1891
-14.444
2.14219
3.31856
4.6367
6.04289
7.38802
8.70859
9.94985
11.0278
11.9033
12.6278
13.2056
13.6468
13.9887
14.2582
14.4722
14.6464
14.7921
14.9165
15.0254
15.123
15.2121
15.2946
15.3711
15.4394
15.4944
15.5326
15.5534
15.5564
15.5404
15.5043
15.4472
15.3686
15.2678
15.1436
14.9938
14.8139
14.5974
14.3331
14.0363
0.879757
-0.316987
-1.65772
-3.02953
-4.31842
-5.62119
-6.86843
-8.02622
-9.11261
-10.1143
-11.0289
-11.8722
-12.6476
-13.3594
-14.0114
-14.6072
-15.1494
-15.6373
-16.0694
-16.4438
-16.7582
-17.0103
-17.2005
-17.3336
-17.4181
-17.4633
-17.4707
-17.4371
-17.3592
-17.2351
-17.0636
-16.8439
-16.5746
-16.2538
-15.8776
-15.4393
-14.9271
-14.3255
-13.6693
2.03254
3.1455
4.39438
5.7272
7.00377
8.25864
9.43866
10.4659
11.2944
11.9892
12.544
12.9652
13.2921
13.5516
13.7586
13.9276
14.0693
14.1908
14.2976
14.3935
14.4813
14.5629
14.6393
14.709
14.767
14.8101
14.8377
14.8491
14.8431
14.8181
14.7732
14.7075
14.6206
14.5114
14.3782
14.2171
14.022
13.7825
13.5132
0.843039
-0.286463
-1.55044
-2.84099
-4.05082
-5.27115
-6.4357
-7.51437
-8.52283
-9.45264
-10.2947
-11.0706
-11.7861
-12.441
-13.0386
-13.5844
-14.0818
-14.5299
-14.9268
-15.271
-15.5602
-15.7926
-15.9685
-16.0925
-16.1727
-16.2174
-16.2282
-16.2022
-16.1365
-16.0296
-15.8804
-15.6884
-15.4526
-15.1717
-14.8423
-14.4585
-14.0093
-13.4807
-12.9036
1.93224
2.98448
4.16716
5.42938
6.64066
7.83283
8.95513
9.93427
10.7131
11.3796
11.9116
12.3112
12.622
12.8708
13.0703
13.2337
13.3713
13.49
13.595
13.6899
13.777
13.8583
13.9347
14.0049
14.0645
14.1108
14.1435
14.1619
14.165
14.1508
14.1178
14.0649
13.9914
13.8965
13.7784
13.634
13.458
13.2407
12.9962
0.813294
-0.251799
-1.44232
-2.65546
-3.79022
-4.93228
-6.01877
-7.02273
-7.95755
-8.81878
-9.59128
-10.3047
-10.9644
-11.5639
-12.1076
-12.6044
-13.0583
-13.4681
-13.8318
-14.1482
-14.4146
-14.6293
-14.7925
-14.9085
-14.9849
-15.0296
-15.044
-15.0255
-14.9715
-14.8807
-14.7523
-14.5857
-14.3806
-14.1355
-13.8477
-13.5121
-13.1188
-12.6549
-12.148
1.8415
2.83549
3.95381
5.14759
6.29592
7.42678
8.49404
9.42806
10.1633
10.8058
11.313
11.6874
11.9802
12.2172
12.4082
12.5648
12.6972
12.8121
12.915
13.0091
13.0965
13.1784
13.2555
13.3263
13.3867
13.4346
13.4701
13.4936
13.5039
13.4994
13.4779
13.4377
13.3778
13.2969
13.1935
13.0647
12.9061
12.7088
12.4868
0.790913
-0.212608
-1.3323
-2.47133
-3.53404
-4.6011
-5.61287
-6.54634
-7.41148
-8.20715
-8.91266
-9.57545
-10.1873
-10.7314
-11.2202
-11.6685
-12.0796
-12.4515
-12.7831
-13.0732
-13.3189
-13.5175
-13.6692
-13.7781
-13.8513
-13.8962
-13.9143
-13.9031
-13.8604
-13.7851
-13.6763
-13.5335
-13.3564
-13.1439
-12.8933
-12.6004
-12.2565
-11.85
-11.4055
1.76083
2.69888
3.75488
4.88174
5.96817
7.03647
8.04852
8.93524
9.63827
10.2719
10.753
11.096
11.3683
11.5931
11.775
11.9238
12.0497
12.1596
12.2592
12.3521
12.44
12.5235
12.6025
12.6748
12.736
12.7842
12.8205
12.8464
12.8615
12.8644
12.853
12.8249
12.7783
12.7114
12.6225
12.5089
12.3666
12.1877
11.9861
0.778279
-0.177461
-1.24235
-2.31898
-3.31787
-4.31339
-5.24443
-6.09398
-6.86343
-7.57213
-8.15687
-8.80227
-9.41751
-9.93867
-10.4003
-10.8281
-11.2219
-11.5782
-11.8974
-12.1788
-12.4186
-12.6129
-12.7615
-12.868
-12.9402
-12.9859
-13.007
-13.001
-12.9667
-12.9032
-12.8071
-12.6809
-12.524
-12.3345
-12.1101
-11.847
-11.5376
-11.1713
-10.7706
1.70325
2.5968
3.60441
4.67175
5.69786
6.69323
7.6234
8.41249
9.03665
9.73908
10.233
10.5614
10.8271
11.0521
11.2341
11.382
11.5059
11.6138
11.712
11.805
11.8951
11.9825
12.0664
12.1435
12.2083
12.2586
12.2959
12.3229
12.3403
12.3474
12.3424
12.3228
12.286
12.2299
12.152
12.0496
11.919
11.7527
11.5645
0.770911
-0.145431
-1.16356
-2.18547
-3.12466
-4.0488
-4.89601
-5.65204
-6.30943
-6.91381
-7.34201
-8.00311
-8.65708
-9.17816
-9.63224
-10.0586
-10.4523
-10.8078
-11.1274
-11.4112
-11.6545
-11.8523
-12.0039
-12.1123
-12.186
-12.2333
-12.2572
-12.2548
-12.2266
-12.1721
-12.0833
-11.9684
-11.826
-11.653
-11.4471
-11.2051
-10.9201
-10.5823
-10.2126
1.65947
2.51646
3.48134
4.49341
5.45782
6.37119
7.20249
7.87379
8.39683
9.20606
9.74244
10.0704
10.3389
10.5719
10.7609
10.9132
11.0395
11.1481
11.2462
11.3398
11.432
11.5237
11.6135
11.6973
11.7681
11.8223
11.8617
11.8897
11.9082
11.9176
11.9165
11.9025
11.8729
11.8249
11.7556
11.6617
11.5396
11.3819
11.2024
0.765401
-0.11152
-1.08257
-2.0491
-2.9282
-3.78077
-4.54589
-5.21089
-5.7631
-6.26708
-6.54988
-7.21547
-7.90061
-8.42055
-8.86471
-9.28614
-9.67677
-10.0284
-10.345
-10.6283
-10.8734
-11.0737
-11.2279
-11.3381
-11.4131
-11.4618
-11.4881
-11.4892
-11.4669
-11.4219
-11.3411
-11.2384
-11.1119
-10.9567
-10.7703
-10.5501
-10.2898
-9.98052
-9.64395
1.61719
2.43768
3.3595
4.31611
5.21903
6.04992
6.78686
7.34831
7.77169
8.66746
9.24973
9.57936
9.84749
10.0861
10.2815
10.4385
10.5677
10.6768
10.7738
10.8658
10.9579
11.0517
11.1464
11.237
11.315
11.3746
11.4172
11.4464
11.4653
11.4757
11.4771
11.4677
11.4448
11.4049
11.3447
11.2603
11.1477
10.9996
10.8295
0.761758
-0.0760408
-1.00019
-1.91164
-2.73091
-3.5123
-4.1975
-4.77372
-5.22821
-5.63176
-5.78563
-6.4423
-7.14639
-7.6642
-8.09777
-8.5116
-8.89673
-9.24217
-9.55302
-9.8329
-10.0773
-10.2791
-10.4351
-10.5469
-10.6228
-10.6722
-10.6999
-10.7031
-10.6858
-10.6489
-10.5753
-10.4839
-10.3726
-10.235
-10.0683
-9.86998
-9.63448
-9.35281
-9.04355
1.57661
2.3607
3.23894
4.1397
4.9812
5.72952
6.37822
6.83462
7.16426
8.12271
8.75206
9.08846
9.35472
9.59612
9.79667
9.95881
10.0918
10.2025
10.2983
10.3876
10.4772
10.5706
10.668
10.7646
10.8501
10.9166
10.9639
10.9952
11.0145
11.0247
11.0269
11.0204
11.0028
10.9704
10.9194
10.8453
10.7435
10.6064
10.4471
0.759774
-0.0393657
-0.917279
-1.77474
-2.53544
-3.24701
-3.855
-4.34479
-4.70877
-5.01017
-5.05296
-5.68714
-6.39522
-6.90759
-7.32982
-7.73407
-8.11183
-8.44982
-8.75306
-9.02704
-9.26835
-9.46984
-9.62707
-9.74073
-9.8185
-9.86974
-9.90029
-9.90744
-9.89697
-9.87023
-9.80636
-9.72872
-9.63458
-9.51639
-9.37071
-9.19536
-8.98547
-8.73413
-8.46493
1.53759
2.28525
3.11939
3.96427
4.74525
5.41183
5.97893
6.33042
6.57294
7.57169
8.24632
8.59555
8.86135
9.10388
9.30771
9.47406
9.61136
9.72508
9.82129
9.9082
9.99405
10.0846
10.1821
10.2826
10.3752
10.45
10.5042
10.5399
10.5608
10.5708
10.5726
10.5668
10.552
10.5253
10.4824
10.4184
10.328
10.2032
10.0563
0.758895
-0.00221078
-0.835082
-1.64032
-2.34479
-2.98908
-3.52356
-3.92986
-4.20993
-4.40604
-4.35459
-4.95277
-5.64832
-6.14986
-6.55942
-6.95227
-7.3211
-7.65094
-7.94575
-8.21218
-8.44834
-8.64729
-8.80365
-8.9167
-8.99308
-9.04258
-9.07182
-9.0783
-9.06944
-9.04706
-8.98766
-8.91874
-8.83742
-8.73526
-8.60873
-8.45552
-8.26977
-8.04135
-7.78095
1.5
2.2117
3.00174
3.79219
4.51466
5.10131
5.59259
5.83398
5.99337
7.01416
7.73017
8.09681
8.36521
8.60994
8.81733
8.98742
9.12857
9.2456
9.3431
9.42821
9.50968
9.59518
9.6893
9.79026
9.88773
9.97059
10.0338
10.0774
10.1037
10.1165
10.1194
10.1143
10.1014
10.0784
10.0419
9.98676
9.90729
9.79486
9.65949
0.758604
0.0339963
-0.755742
-1.51134
-2.16233
-2.74272
-3.20765
-3.53361
-3.73512
-3.82216
-3.69242
-4.24128
-4.90749
-5.39117
-5.78533
-6.1644
-6.52271
-6.84376
-7.12964
-7.3876
-7.61765
-7.81414
-7.97222
-8.09086
-8.17531
-8.23375
-8.27303
-8.29077
-8.29571
-8.28986
-8.24618
-8.19524
-8.13416
-8.05334
-7.94895
-7.81947
-7.66231
-7.47542
-7.29063
1.46457
2.14199
2.88937
3.62859
4.29439
4.80139
5.21884
5.33883
5.41548
6.44822
7.20431
7.59106
7.86201
8.10767
8.31958
8.49674
8.64599
8.7702
8.8721
8.95742
9.03475
9.11318
9.19988
9.29574
9.39241
9.47895
9.54911
9.60071
9.6342
9.65207
9.65788
9.65472
9.64407
9.6252
9.59542
9.55011
9.48373
9.38851
9.27647
0.758463
0.0674909
-0.682245
-1.39156
-1.99212
-2.51195
-2.91002
-3.15722
-3.28401
-3.25962
-3.06651
-3.55367
-4.17447
-4.63187
-5.00624
-5.36832
-5.7141
-6.02587
-6.30274
-6.55053
-6.76962
-6.95468
-7.10031
-7.20439
-7.27372
-7.31913
-7.34724
-7.35506
-7.35178
-7.33905
-7.2908
-7.24061
-7.18567
-7.11634
-7.02857
-6.91953
-6.78044
-6.5938
-6.34808
1.43232
2.07842
2.78641
3.47917
4.08866
4.51418
4.85588
4.83659
4.82253
5.8636
6.66768
7.08673
7.36509
7.6047
7.8082
7.98274
8.13858
8.2764
8.39352
8.49053
8.57313
8.65021
8.73091
8.81975
8.91228
8.99949
9.07497
9.13501
9.17754
9.20263
9.21235
9.20959
9.1969
9.17545
9.14449
9.10072
9.03828
8.94481
8.82193
0.758415
0.0980801
-0.615085
-1.28226
-1.83638
-2.30033
-2.63444
-2.80548
-2.86221
-2.72491
-2.47661
-2.88957
-3.45072
-3.87258
-4.22126
-4.56104
-4.88985
-5.19123
-5.46324
-5.71053
-5.93411
-6.13127
-6.29971
-6.43868
-6.54753
-6.62954
-6.69273
-6.73511
-6.76905
-6.7957
-6.78125
-6.76193
-6.73636
-6.69419
-6.63223
-6.55125
-6.45603
-6.35817
-6.31652
1.40309
2.0208
2.69348
3.34579
3.90001
4.24861
4.51579
4.32744
4.19907
5.23742
6.09202
6.56631
6.88747
7.14825
7.34603
7.49613
7.62481
7.74612
7.86088
7.96542
8.05857
8.14354
8.22662
8.31224
8.39864
8.48184
8.55948
8.62922
8.68811
8.73409
8.76653
8.78606
8.79386
8.79072
8.7765
8.74988
8.71038
8.65944
8.62432
0.75922
0.126777
-0.553131
-1.18242
-1.6956
-2.11161
-2.38941
-2.49592
-2.49163
-2.23298
-1.92308
-2.25042
-2.73734
-3.11249
-3.43061
-3.74418
-4.04711
-4.32231
-4.56624
-4.78138
-4.96678
-5.11644
-5.22381
-5.28759
-5.32436
-5.35202
-5.37177
-5.37544
-5.36866
-5.35229
-5.30621
-5.26626
-5.22968
-5.18748
-5.13512
-5.06682
-4.96343
-4.78653
-4.47271
1.37737
1.96938
2.61063
3.22758
3.72974
4.01881
4.21387
3.8083
3.54293
4.56557
5.43484
5.93657
6.30918
6.64402
6.91739
7.11988
7.26733
7.37963
7.47283
7.55633
7.63481
7.71168
7.79096
7.87319
7.95109
8.01796
8.07318
8.11773
8.15153
8.17357
8.18313
8.18084
8.16857
8.14862
8.12213
8.08631
8.02939
7.9205
7.7214
0.761623
0.147009
-0.509389
-1.10823
-1.58616
-1.95881
-2.18302
-2.23382
-2.16518
-1.76701
-1.39651
-1.64262
-2.03952
-2.34772
-2.62482
-2.9178
-3.21956
-3.51305
-3.79221
-4.05786
-4.31195
-4.55735
-4.79538
-5.01983
-5.2056
-5.34415
-5.45868
-5.55437
-5.65254
-5.75
-5.78782
-5.80456
-5.81661
-5.81745
-5.80269
-5.77831
-5.76992
-5.82482
-6.06703
1.36318
1.93811
2.55495
3.13722
3.58195
3.81049
3.8844
3.20232
2.84117
3.91159
4.79698
5.26658
5.57155
5.83631
6.0835
6.32246
6.55571
6.774
6.96753
7.1326
7.27085
7.38684
7.48972
7.59549
7.71671
7.84501
7.96831
8.0842
8.19245
8.29175
8.37883
8.44947
8.50053
8.53064
8.54182
8.5418
8.55377
8.62864
8.86695
0.763006
0.139201
-0.519941
-1.10651
-1.55519
-1.87512
-2.0204
-1.97999
-1.78573
-1.2306
-0.85785
-1.05969
-1.37721
-1.60166
-1.78276
-1.96066
-2.13643
-2.30175
-2.45113
-2.57957
-2.67641
-2.72475
-2.71243
-2.64774
-2.58869
-2.56613
-2.55923
-2.53836
-2.49592
-2.46754
-2.41262
-2.36673
-2.33674
-2.31087
-2.28253
-2.24324
-2.15047
-1.92816
-1.40671
1.37336
1.95229
2.56079
3.10736
3.47159
3.57603
3.3691
2.36667
2.00363
3.25615
4.36569
5.07273
5.50685
5.72406
5.75059
5.65852
5.52617
5.4181
5.36314
5.36574
5.41878
5.5132
5.63177
5.73433
5.77762
5.77746
5.76629
5.75078
5.732
5.71098
5.69139
5.67729
5.6712
5.67361
5.68008
5.67423
5.60707
5.37857
4.82237
0.75716
0.102803
-0.581946
-1.17644
-1.60662
-1.87139
-1.92086
-1.75101
-1.3663
-0.656294
-0.285464
-0.438968
-0.720738
-0.990161
-1.26565
-1.55625
-1.864
-2.18978
-2.53736
-2.91435
-3.33171
-3.79528
-4.28405
-4.74364
-5.07693
-5.2834
-5.48718
-5.65064
-5.91873
-6.30663
-6.2048
-6.2324
-6.35674
-6.45054
-6.50002
-6.54841
-6.66487
-6.94823
-7.58634
1.39463
1.99314
2.60869
3.12838
3.41034
3.35001
2.76924
1.48459
0.910614
2.0405
3.28377
4.50668
5.69214
6.81425
7.76512
8.49017
9.00639
9.33057
9.5077
9.58848
9.61756
9.63108
9.68106
9.85019
10.1703
10.5203
10.8062
11.039
11.2396
11.4124
11.5516
11.6542
11.7221
11.7613
11.7867
11.8289
11.9646
12.3106
13.0571
57.8862
58.5979
60.3426
62.2477
64.275
65.4
64.7641
62.4443
59.0684
54.9437
50.4019
45.634
40.7982
36.034
31.4332
27.0494
22.9078
19.0204
15.3933
12.0253
8.90728
6.02876
3.37522
0.930455
-1.32231
-3.39936
-5.31549
-7.08429
-8.71598
-10.2206
-11.6085
-12.8908
-14.0778
-15.1764
-16.1916
-17.1266
-17.9825
-18.759
-19.4545
-20.0663
-20.5917
-21.0283
-21.3746
-21.6297
-21.7941
-21.8688
-21.8558
-21.7574
-21.577
-21.3189
-20.9884
-20.5918
-20.1364
-19.6298
-19.0799
-18.4942
-17.8794
-17.2413
-16.5844
-15.9128
-15.2297
-14.5382
-13.8412
-13.1413
-12.4417
-11.7441
-11.0532
-10.4568
-9.92469
-9.38552
-8.80414
-8.26408
-7.57574
-7.1622
-6.14612
-6.3015
-4.22244
-6.24271
-1.07226
-8.03672
60.7126
60.8349
60.175
60.2353
61.5829
62.3762
61.6193
60.0862
58.2651
56.3358
54.3878
52.458
50.5612
48.7064
46.9015
45.154
43.4705
41.8564
40.3154
38.8499
37.4613
36.1498
34.9148
33.755
32.6683
31.6526
30.7053
29.8238
29.0054
28.2474
27.547
26.9013
26.3073
25.7616
25.2606
24.8
24.3751
23.9806
23.6109
23.2601
22.9223
22.5918
22.2636
21.9333
21.5974
21.2533
20.8994
20.5347
20.1586
19.7708
19.3714
18.9603
18.5373
18.1025
17.6562
17.1989
16.7312
16.2543
15.7694
15.2778
14.7813
14.2819
13.7816
13.2824
12.7872
12.297
11.8138
11.4037
11.0489
10.6839
10.3102
9.92991
9.54136
9.18045
8.7104
8.59616
7.54853
9.04483
4.44525
13.3771
45.6502
44.7678
44.6614
44.5913
44.5789
44.748
44.7964
44.573
44.0971
43.301
42.1781
40.7197
38.9754
37.004
34.8485
32.5436
30.1189
27.6032
25.0248
22.41
19.7836
17.1713
14.5954
12.0766
9.63376
7.28238
5.03393
2.89268
0.858634
-1.07062
-2.89588
-4.61717
-6.23658
-7.75615
-9.17816
-10.5048
-11.737
-12.8749
-13.9176
-14.8634
-15.7105
-16.4574
-17.1033
-17.6473
-18.0899
-18.4323
-18.676
-18.8234
-18.8777
-18.843
-18.7244
-18.528
-18.2606
-17.9299
-17.5437
-17.1095
-16.6344
-16.1243
-15.5845
-15.0196
-14.4334
-13.8296
-13.2118
-12.5832
-11.9474
-11.307
-10.6667
-10.1101
-9.61087
-9.1053
-8.55294
-8.04544
-7.38112
-6.99881
-6.00691
-6.17803
-4.15986
-6.12059
-1.15992
-7.86862
47.439
48.3344
48.3267
48.0653
48.1405
48.2381
48.0286
47.5997
47.0577
46.4424
45.7696
45.0367
44.2453
43.3968
42.4958
41.5483
40.5614
39.5431
38.5024
37.4485
36.3906
35.3375
34.2974
33.278
32.2859
31.3266
30.4049
29.5247
28.6888
27.8993
27.1576
26.4642
25.819
25.2208
24.6682
24.1585
23.6884
23.2538
22.8499
22.4716
22.1131
21.769
21.434
21.1033
20.7728
20.4396
20.1013
19.7566
19.4045
19.0444
18.6757
18.2979
17.9103
17.5123
17.1036
16.6842
16.2541
15.8139
15.3645
14.9069
14.4424
13.973
13.5006
13.0275
12.5562
12.0877
11.6244
11.2299
10.8878
10.5349
10.1728
9.80501
9.42879
9.08404
8.62658
8.52655
7.50363
8.95976
4.53365
13.0666
34.9624
34.7473
34.0711
33.4454
33.668
33.8132
33.4082
32.7751
32.1113
31.3561
30.5347
29.6155
28.5954
27.4822
26.2972
25.0683
23.8139
22.5385
21.2371
19.9009
18.5209
17.0906
15.6058
14.0664
12.4764
10.8428
9.17659
7.48833
5.7894
4.09047
2.40322
0.74
-0.888198
-2.47102
-3.99925
-5.46499
-6.86085
-8.17994
-9.41577
-10.5624
-11.6148
-12.5691
-13.4224
-14.1724
-14.8187
-15.3615
-15.8018
-16.1415
-16.3833
-16.5308
-16.5886
-16.562
-16.4573
-16.2816
-16.0419
-15.7454
-15.3988
-15.0081
-14.5786
-14.1152
-13.6222
-13.1038
-12.5639
-12.0061
-11.4343
-10.8515
-10.2626
-9.74687
-9.28157
-8.80983
-8.28869
-7.81201
-7.17924
-6.81743
-5.87297
-6.02386
-4.12479
-5.94229
-1.29495
-7.60074
35.0759
35.5513
36.1519
36.7813
37.4113
37.7375
37.6144
37.204
36.7103
36.2252
35.7703
35.3355
34.9092
34.4862
34.0618
33.6313
33.1902
32.7346
32.2614
31.7687
31.2555
30.722
30.1694
29.6002
29.0178
28.4259
27.8289
27.2317
26.639
26.0555
25.486
24.9343
24.4041
23.8983
23.4188
22.9666
22.5418
22.1434
21.7692
21.4164
21.0813
20.76
20.4481
20.1418
19.8375
19.5323
19.2242
18.9117
18.5936
18.2692
17.9377
17.5982
17.2497
16.8914
16.5225
16.1425
15.7513
15.349
14.9363
14.5137
14.0824
13.6442
13.2011
12.7553
12.3092
11.8638
11.4217
11.0446
10.7168
10.3771
10.0271
9.67168
9.30763
8.97631
8.53613
8.43566
7.46734
8.82323
4.66977
12.7043
40.4473
40.6794
40.9149
41.2485
41.9312
42.5873
42.4931
41.8816
41.0475
39.9522
38.5983
37.0319
35.3329
33.5589
31.7505
29.9469
28.1812
26.4709
24.8152
23.204
21.6246
20.0668
18.523
16.9868
15.4525
13.9145
12.3693
10.8138
9.24659
7.66786
6.08108
4.49278
2.91087
1.34462
-0.195742
-1.69985
-3.157
-4.55675
-5.88906
-7.14479
-8.31616
-9.39688
-10.382
-11.268
-12.053
-12.7364
-13.3185
-13.8007
-14.1851
-14.4748
-14.6735
-14.7856
-14.8165
-14.7722
-14.6587
-14.4824
-14.2492
-13.9648
-13.6344
-13.2629
-12.8552
-12.4155
-11.9482
-11.4567
-10.9453
-10.4172
-9.87716
-9.4002
-8.96629
-8.52546
-8.03313
-7.58513
-6.9813
-6.64132
-5.73517
-5.88209
-4.06386
-5.80407
-1.34911
-7.42618
40.117
39.7699
39.4227
39.0798
38.7408
38.3522
37.8595
37.2585
36.5636
35.8115
35.0459
34.289
33.5418
32.8095
32.0966
31.4064
30.7409
30.1012
29.4869
28.897
28.3296
27.7826
27.2534
26.7397
26.2395
25.7512
25.2734
24.8058
24.348
23.9006
23.4642
23.0398
22.6285
22.2315
21.85
21.4848
21.1365
20.8052
20.49
20.1898
19.9025
19.6256
19.3561
19.0913
18.8283
18.5648
18.2989
18.0291
17.7542
17.4734
17.1855
16.8895
16.5842
16.2684
15.941
15.6016
15.2497
14.8856
14.5094
14.1218
13.7238
13.3168
12.9029
12.4841
12.063
11.6403
11.2193
10.8591
10.545
10.2179
9.87928
9.53471
9.18093
8.86046
8.43436
8.33708
7.40348
8.70969
4.71477
12.4687
40.0233
40.6931
41.2332
41.7841
42.5357
43.5736
44.3884
44.2093
43.4309
42.3961
41.1972
39.833
38.3777
36.9188
35.4927
34.0884
32.6743
31.2177
29.6977
28.1079
26.4527
24.7432
22.9951
21.2244
19.4453
17.6682
15.9007
14.1476
12.4122
10.6965
9.00247
7.33314
5.69132
4.0807
2.50615
0.973507
-0.510261
-1.93756
-3.30048
-4.59149
-5.80388
-6.93197
-7.97126
-8.91848
-9.77181
-10.5305
-11.1947
-11.7656
-12.2447
-12.6343
-12.937
-13.1562
-13.2956
-13.3597
-13.353
-13.2805
-13.1469
-12.9572
-12.7163
-12.4291
-12.1004
-11.7347
-11.3362
-10.9085
-10.4556
-9.98101
-9.48921
-9.05037
-8.64733
-8.23681
-7.77282
-7.35325
-6.77721
-6.46145
-5.58774
-5.74272
-3.98202
-5.68231
-1.35861
-7.2966
39.0215
37.7905
36.5265
35.2253
33.9778
32.9476
32.2076
31.7375
31.4085
31.0715
30.6845
30.2611
29.8081
29.3301
28.8317
28.318
27.7941
27.2649
26.7351
26.2089
25.6902
25.1821
24.6871
24.2073
23.7441
23.2986
22.8715
22.4629
22.0729
21.7011
21.3469
21.0095
20.6879
20.3813
20.0885
19.809
19.5417
19.2861
19.0413
18.8064
18.5799
18.3604
18.1459
17.9344
17.7238
17.5122
17.2978
17.0794
16.8557
16.6254
16.3874
16.1402
15.8824
15.6127
15.3299
15.0332
14.7225
14.3978
14.0595
13.7082
13.3447
12.9703
12.5868
12.1963
11.801
11.4021
11.003
10.66
10.3598
10.0458
9.71898
9.38544
9.04179
8.73119
8.3181
8.22663
7.31782
8.59603
4.70974
12.2748
28.6558
30.1917
31.4895
32.4441
33.284
34.3492
35.2318
35.0049
34.1259
33.0751
32.0734
31.0898
30.1123
29.1974
28.3988
27.7188
27.1049
26.4753
25.7557
24.9055
23.9179
22.8053
21.5862
20.2793
18.9013
17.4665
15.9875
14.4759
12.9424
11.3966
9.84778
8.30447
6.77431
5.26467
3.78308
2.3371
0.934405
-0.417523
-1.71156
-2.94138
-4.10152
-5.18759
-6.19619
-7.1249
-7.97245
-8.73831
-9.42263
-10.0262
-10.5499
-10.9951
-11.3633
-11.6561
-11.8755
-12.0238
-12.1034
-12.1175
-12.0694
-11.9629
-11.8023
-11.5922
-11.3371
-11.0414
-10.709
-10.3433
-9.9482
-9.52702
-9.08395
-8.68389
-8.3126
-7.93317
-7.49852
-7.10788
-6.56064
-6.26948
-5.4297
-5.59235
-3.89196
-5.54714
-1.36348
-7.15077
27
25.3812
23.8338
22.3498
21.0069
19.9329
19.2491
18.9937
19.0547
19.2429
19.4456
19.6346
19.8048
19.9527
20.0755
20.171
20.2374
20.2738
20.2801
20.2571
20.2059
20.1287
20.0281
19.907
19.769
19.6174
19.4558
19.2872
19.1144
18.9397
18.7649
18.5911
18.419
18.2489
18.0811
17.9157
17.7527
17.5922
17.4345
17.2794
17.127
16.9766
16.8274
16.6784
16.5283
16.3757
16.2194
16.0579
15.8902
15.715
15.5307
15.3359
15.1289
14.9081
14.6723
14.4206
14.153
13.8695
13.5707
13.2573
12.9302
12.5903
12.2391
11.8788
11.5113
11.1377
10.762
10.4372
10.152
9.85216
9.53858
9.21753
8.88549
8.58528
8.18664
8.10034
7.22069
8.45987
4.69855
12.0564
14.627
16.6909
18.6671
20.5601
22.4557
24.3461
25.577
25.5563
24.874
23.9124
22.9709
22.1233
21.341
20.616
19.9803
19.46
19.0405
18.665
18.2619
17.7804
17.2048
16.5432
15.811
15.0212
14.1809
13.2927
12.3568
11.3736
10.3449
9.27392
8.16526
7.02513
5.86087
4.68115
3.49589
2.31569
1.15123
0.0125944
-1.09106
-2.15198
-3.16384
-4.12171
-5.02189
-5.86165
-6.63936
-7.35399
-8.00502
-8.59241
-9.11621
-9.57662
-9.97371
-10.3074
-10.5778
-10.7846
-10.9285
-11.0102
-11.0315
-10.9949
-10.9038
-10.7621
-10.5738
-10.3429
-10.0729
-9.76671
-9.42773
-9.05926
-8.66494
-8.30418
-7.96524
-7.6174
-7.21281
-6.85119
-6.3336
-6.06628
-5.26271
-5.43002
-3.7959
-5.39686
-1.36444
-6.98536
12.6114
10.9075
9.64056
8.77402
8.22573
7.93961
7.89448
8.07214
8.41921
8.85619
9.32615
9.80751
10.294
10.7812
11.2647
11.7398
12.2017
12.6458
13.0681
13.4646
13.8323
14.1687
14.4723
14.7425
14.9796
15.1845
15.3588
15.5043
15.6234
15.718
15.79
15.8411
15.8728
15.8866
15.8837
15.8657
15.8342
15.7909
15.7379
15.6769
15.6096
15.537
15.46
15.3786
15.2927
15.2018
15.105
15.0016
14.8905
14.7704
14.6399
14.4973
14.3409
14.169
13.9801
13.7736
13.5492
13.3072
13.0484
12.7736
12.4835
12.1792
11.8618
11.533
11.1949
10.8481
10.497
10.1913
9.92157
9.63681
9.33779
9.03078
8.7122
8.4235
8.04122
7.95901
7.11517
8.30346
4.68264
11.8195
9.85429
11.0977
12.1924
13.2099
14.0929
14.9373
15.6709
15.8974
15.736
15.3317
14.8465
14.3925
13.9852
13.6034
13.2498
12.9451
12.6923
12.4597
12.196
11.8621
11.4492
10.9723
10.4539
9.91181
9.35535
8.78539
8.19738
7.58483
6.94157
6.26276
5.54559
4.78972
3.99733
3.1733
2.32487
1.46078
0.590436
-0.276989
-1.13299
-1.97021
-2.78247
-3.56474
-4.3129
-5.02359
-5.69414
-6.32243
-6.90674
-7.44583
-7.9386
-8.38406
-8.78099
-9.12787
-9.42295
-9.6643
-9.85034
-9.98015
-10.0538
-10.0725
-10.0385
-9.95501
-9.82528
-9.65256
-9.43971
-9.18913
-8.90355
-8.58598
-8.23949
-7.9178
-7.61124
-7.29496
-6.92068
-6.58779
-6.1001
-5.8556
-5.08891
-5.25942
-3.69227
-5.23877
-1.35299
-6.81487
8.64285
7.6871
6.97809
6.52551
6.29549
6.23515
6.29129
6.42297
6.60261
6.81378
7.04606
7.29413
7.55706
7.83453
8.12622
8.43121
8.74827
9.07575
9.41162
9.75339
10.0983
10.4435
10.786
11.1228
11.4511
11.7681
12.0715
12.359
12.6285
12.8782
13.1065
13.3118
13.4933
13.6503
13.7827
13.891
13.9766
14.0411
14.0868
14.116
14.1311
14.1343
14.1273
14.1111
14.0864
14.0536
14.0124
13.9626
13.9034
13.8338
13.7525
13.6578
13.548
13.4212
13.2762
13.1119
12.9284
12.7261
12.5058
12.2684
12.0147
11.7456
11.4621
11.1654
10.8572
10.5382
10.2125
9.92631
9.67238
9.40317
9.11952
8.82766
8.52406
8.24792
7.88361
7.80479
7.00119
8.13494
4.65342
11.5808
8.70376
8.92779
9.13209
9.32245
9.47368
9.63872
9.86063
10.0207
10.0416
9.93444
9.74924
9.56957
9.41947
9.28465
9.15884
9.05349
8.96984
8.88129
8.74452
8.52615
8.21913
7.83935
7.4121
6.96046
6.49964
6.03616
5.56965
5.09567
4.6084
4.10213
3.57249
3.01697
2.43548
1.83032
1.20581
0.567409
-0.0790488
-0.72805
-1.37471
-2.01491
-2.6452
-3.2625
-3.86391
-4.44646
-5.00722
-5.54335
-6.05219
-6.53147
-6.97915
-7.39337
-7.77209
-8.11285
-8.41282
-8.66886
-8.87803
-9.03806
-9.14773
-9.20719
-9.21776
-9.1816
-9.10125
-8.97911
-8.81725
-8.61738
-8.38146
-8.11209
-7.81164
-7.52815
-7.25357
-6.96858
-6.62475
-6.32028
-5.86261
-5.64007
-4.91013
-5.08317
-3.58123
-5.07625
-1.3283
-6.64376
8.4569
8.22709
8.01092
7.82778
7.68824
7.60443
7.58028
7.60078
7.6453
7.70021
7.76224
7.83112
7.90734
7.99159
8.08482
8.18813
8.3028
8.43006
8.57103
8.72659
8.89732
9.08341
9.28454
9.49988
9.72806
9.96714
10.2146
10.4674
10.7221
10.975
11.2221
11.4595
11.6838
11.8918
12.0811
12.2502
12.3987
12.5267
12.6354
12.7262
12.8009
12.8613
12.9089
12.9449
12.9701
12.9849
12.9897
12.9842
12.968
12.9404
12.9001
12.8455
12.775
12.6868
12.5796
12.4525
12.3055
12.139
11.954
11.7514
11.5321
11.2967
11.046
10.7809
10.5026
10.2116
9.91176
9.64556
9.40777
9.15447
8.88668
8.61057
8.32293
8.06007
7.71491
7.63885
6.87833
7.95733
4.61001
11.3412
7.88808
7.84044
7.79619
7.74572
7.67579
7.59995
7.56506
7.57722
7.553
7.4438
7.31165
7.22186
7.13306
7.0452
6.98944
6.96955
6.97575
6.98011
6.93771
6.81313
6.5978
6.30457
5.95481
5.56937
5.16422
4.74888
4.32692
3.8977
3.45871
3.0072
2.5414
2.06101
1.56731
1.06308
0.5519
0.0374039
-0.477346
-0.990184
-1.49986
-2.00576
-2.50755
-3.00469
-3.49606
-3.97973
-4.45313
-4.91326
-5.35704
-5.78171
-6.1848
-6.56413
-6.91742
-7.24195
-7.53458
-7.79167
-8.00967
-8.1856
-8.31753
-8.40485
-8.44814
-8.44881
-8.40856
-8.32898
-8.21129
-8.05643
-7.86561
-7.64092
-7.38397
-7.13717
-6.89376
-6.63951
-6.32611
-6.04984
-5.62241
-5.42124
-4.72799
-4.90285
-3.46449
-4.90977
-1.29397
-6.46999
7.90468
7.91256
7.90655
7.89533
7.87738
7.85506
7.84146
7.84821
7.875
7.91343
7.95789
8.00715
8.06067
8.11765
8.17761
8.24059
8.30689
8.37722
8.45264
8.53446
8.62416
8.72325
8.83314
8.95493
9.08938
9.23667
9.39637
9.56744
9.74812
9.93603
10.1282
10.3216
10.5129
10.6987
10.8762
11.0433
11.1982
11.3399
11.4682
11.5833
11.6858
11.7762
11.8552
11.9233
11.9808
12.028
12.0649
12.0912
12.1064
12.1099
12.1004
12.0765
12.0365
11.9788
11.9022
11.8058
11.6897
11.5542
11.4004
11.229
11.041
10.8368
10.617
10.3823
10.1334
9.8703
9.59651
9.35076
9.12961
8.8927
8.64117
8.38107
8.10982
7.86056
7.53528
7.46111
6.74564
7.76958
4.55485
11.0952
6.91075
6.83549
6.75008
6.66532
6.57128
6.46739
6.37285
6.30526
6.19193
5.97595
5.79786
5.68588
5.56376
5.45521
5.39684
5.38434
5.39659
5.4104
5.39728
5.32289
5.1743
4.96028
4.69715
4.40052
4.08243
3.75054
3.40789
3.05398
2.68683
2.30489
1.90813
1.49824
1.07836
0.6525
0.224633
-0.202079
-0.625764
-1.04598
-1.46339
-1.87933
-2.29517
-2.7117
-3.12865
-3.54452
-3.95677
-4.36218
-4.75736
-5.1393
-5.50539
-5.85349
-6.18147
-6.48683
-6.76657
-7.01719
-7.2351
-7.41719
-7.56128
-7.66639
-7.73266
-7.76092
-7.75221
-7.70737
-7.62687
-7.51097
-7.36011
-7.17587
-6.95912
-6.74685
-6.53326
-6.30878
-6.02549
-5.77709
-5.38021
-5.20008
-4.54374
-4.71983
-3.34393
-4.74002
-1.2528
-6.29202
6.96105
7.00883
7.05205
7.09966
7.14783
7.18957
7.22444
7.26115
7.308
7.36509
7.42993
7.50222
7.58155
7.6667
7.75658
7.85026
7.94665
8.04482
8.14414
8.24421
8.34501
8.4468
8.55015
8.6558
8.76462
8.8774
8.9948
9.11724
9.24474
9.37691
9.51292
9.65163
9.7916
9.9312
10.0688
10.2031
10.3326
10.4565
10.574
10.6847
10.7882
10.8844
10.9729
11.0534
11.1257
11.1893
11.2438
11.2887
11.3234
11.3468
11.3578
11.355
11.3367
11.3015
11.2482
11.176
11.085
10.9755
10.8483
10.7044
10.5443
10.3685
10.1773
9.97109
9.75028
9.51458
9.26693
9.04215
8.83828
8.61839
8.38357
8.13964
7.88489
7.64916
7.34405
7.27077
6.60152
7.56967
4.48856
10.8397
6.04389
5.92227
5.78972
5.66305
5.53377
5.40204
5.28
5.17368
4.97246
4.60066
4.28873
4.121
3.99802
3.89983
3.83127
3.79557
3.76016
3.71713
3.66792
3.59159
3.45972
3.28237
3.07869
2.86007
2.63332
2.40268
2.16889
1.92938
1.68005
1.4175
1.14041
0.849566
0.547261
0.236523
-0.0797621
-0.399579
-0.722121
-1.0478
-1.37791
-1.71411
-2.05776
-2.40938
-2.7682
-3.13206
-3.49768
-3.8612
-4.2187
-4.56677
-4.90268
-5.22427
-5.5296
-5.81645
-6.08214
-6.32347
-6.53712
-6.72011
-6.8703
-6.98663
-7.06898
-7.1178
-7.13363
-7.11674
-7.06702
-6.98418
-6.868
-6.71964
-6.53926
-6.35879
-6.17319
-5.977
-5.72307
-5.50199
-5.1359
-4.9767
-4.35778
-4.53497
-3.22087
-4.56814
-1.20633
-6.1105
6.15069
6.23804
6.31794
6.39896
6.48024
6.55517
6.6194
6.67794
6.73781
6.80066
6.86692
6.9386
7.01664
7.10104
7.19202
7.28946
7.39275
7.50109
7.61354
7.729
7.84641
7.96478
8.08326
8.20123
8.31829
8.43424
8.54912
8.66307
8.77631
8.88905
9.0014
9.11339
9.22489
9.33564
9.44528
9.55339
9.65954
9.76329
9.86424
9.96198
10.0561
10.1461
10.2315
10.3116
10.3859
10.4537
10.5142
10.5667
10.6104
10.6441
10.6666
10.6764
10.6722
10.6524
10.616
10.5623
10.4912
10.4031
10.2986
10.1783
10.0428
9.89239
9.72719
9.54748
9.35325
9.14401
8.9222
8.71874
8.53279
8.33065
8.11314
7.88566
7.64746
7.42509
7.14019
7.06684
6.44437
7.35588
4.41037
10.5736
5.54602
5.38107
5.21659
5.05923
4.89828
4.73309
4.57215
4.41594
4.16301
3.70858
3.18833
2.83773
2.64578
2.5318
2.43959
2.33657
2.22064
2.08618
1.95042
1.81845
1.66796
1.50168
1.32621
1.15679
1.00041
0.856648
0.722131
0.59209
0.461156
0.324593
0.17932
0.0241101
-0.141026
-0.315622
-0.499501
-0.693175
-0.897905
-1.11554
-1.34811
-1.59737
-1.86425
-2.14844
-2.44814
-2.76009
-3.08002
-3.40317
-3.72494
-4.04143
-4.34959
-4.64707
-4.93186
-5.2018
-5.45434
-5.68646
-5.89506
-6.07731
-6.23115
-6.35548
-6.45001
-6.51492
-6.55038
-6.55627
-6.53206
-6.47707
-6.39068
-6.27368
-6.12565
-5.97388
-5.81402
-5.64424
-5.41848
-5.22386
-4.88856
-4.75023
-4.16942
-4.34807
-3.09567
-4.3948
-1.15614
-5.92615
5.70434
5.82154
5.92512
6.02081
6.11022
6.19233
6.26863
6.34297
6.41639
6.48775
6.55794
6.62874
6.70073
6.77445
6.85079
6.93033
7.01346
7.10044
7.19131
7.28592
7.38394
7.48491
7.58829
7.69348
7.79993
7.90711
8.01459
8.12202
8.22913
8.33573
8.44163
8.5467
8.65077
8.75366
8.85514
8.95496
9.05287
9.14857
9.24178
9.33221
9.41952
9.50334
9.58327
9.65886
9.72963
9.79502
9.85444
9.90719
9.95243
9.98917
10.0162
10.0323
10.0359
10.0259
10.0013
9.96138
9.90607
9.83553
9.75015
9.65037
9.53653
9.40874
9.26702
9.1115
8.942
8.7579
8.56123
8.3791
8.21147
8.02774
7.82826
7.61778
7.39641
7.18742
6.92269
6.84863
6.27308
7.12715
4.3198
10.2956
5.34461
5.13767
4.95387
4.77081
4.57635
4.3699
4.15979
3.94751
3.64396
3.10504
2.37889
1.76562
1.3881
1.18168
1.05244
0.928865
0.745506
0.515687
0.308467
0.139876
0.00697508
-0.109587
-0.222072
-0.328827
-0.413536
-0.47476
-0.518415
-0.551885
-0.582513
-0.615869
-0.654984
-0.701159
-0.75513
-0.81788
-0.891081
-0.977188
-1.07924
-1.20046
-1.34381
-1.51146
-1.70434
-1.92186
-2.16173
-2.4202
-2.6925
-2.97352
-3.25835
-3.54284
-3.82368
-4.09824
-4.36426
-4.61936
-4.86082
-5.08558
-5.29054
-5.47288
-5.63052
-5.76223
-5.86753
-5.94633
-5.99849
-6.02363
-6.02095
-5.98961
-5.9287
-5.83886
-5.71917
-5.59284
-5.45625
-5.31066
-5.1114
-4.94194
-4.63701
-4.51926
-3.97714
-4.15778
-2.96768
-4.21953
-1.10328
-5.73825
5.54779
5.68558
5.79911
5.8905
5.96781
6.04085
6.11609
6.194
6.27174
6.34795
6.42317
6.49755
6.57067
6.64256
6.71342
6.78338
6.85264
6.92147
6.99019
7.0591
7.12854
7.19885
7.27038
7.34346
7.41844
7.49563
7.57532
7.65769
7.74287
7.83081
7.92133
8.0141
8.10861
8.20422
8.3002
8.39575
8.4901
8.58248
8.67226
8.75887
8.84185
8.92079
8.99541
9.06543
9.13057
9.19057
9.24509
9.29367
9.33575
9.37057
9.3972
9.41456
9.42154
9.41706
9.40026
9.37056
9.32768
9.27163
9.20254
9.12056
9.02578
8.91813
8.79748
8.66387
8.51704
8.35638
8.18363
8.02237
7.87306
7.7081
7.52729
7.33455
7.13058
6.93533
6.69088
6.61592
6.08739
6.88299
4.21746
10.0028
5.20573
5.02267
4.83372
4.64367
4.43946
4.2161
3.97864
3.72617
3.36157
2.72866
1.86219
1.03522
0.416412
0.0384795
-0.167547
-0.293121
-0.42344
-0.641301
-0.90453
-1.05596
-1.13602
-1.20043
-1.22666
-1.22329
-1.21379
-1.19137
-1.15329
-1.10632
-1.05953
-1.02022
-0.991964
-0.974966
-0.968246
-0.971713
-0.986792
-1.01609
-1.06287
-1.13049
-1.22192
-1.33936
-1.48376
-1.65459
-1.84977
-2.06586
-2.29858
-2.5433
-2.79563
-3.05176
-3.30857
-3.56341
-3.81382
-4.05715
-4.29047
-4.51053
-4.71409
-4.89828
-5.06088
-5.20047
-5.31634
-5.40806
-5.47524
-5.51724
-5.53312
-5.52199
-5.48286
-5.4163
-5.3211
-5.21692
-5.10094
-4.97701
-4.8022
-4.65603
-4.38042
-4.2824
-3.77934
-3.96207
-2.83585
-4.04055
-1.04892
-5.54495
5.3747
5.50053
5.59546
5.67004
5.7378
5.80721
5.88003
5.95454
6.02944
6.10483
6.1809
6.25721
6.33329
6.40889
6.4837
6.55733
6.62945
6.69977
6.76807
6.83421
6.89816
6.96005
7.02016
7.07895
7.13703
7.19514
7.2541
7.31474
7.37786
7.44408
7.51383
7.58725
7.6642
7.74422
7.82656
7.91032
7.99443
8.07781
8.15942
8.23838
8.31391
8.38542
8.45252
8.5149
8.57237
8.62477
8.67196
8.71372
8.74973
8.77954
8.80254
8.81801
8.82513
8.82309
8.81119
8.78887
8.75578
8.71171
8.65649
8.58999
8.51199
8.4222
8.32035
8.20639
8.08004
7.94081
7.79025
7.64883
7.51729
7.37096
7.20916
7.03483
6.84895
6.66813
6.4443
6.36879
5.88763
6.62324
4.10518
9.69119
4.90791
4.78501
4.63138
4.47963
4.31621
4.12876
3.91647
3.68202
3.39998
2.99918
2.36532
1.54785
0.765739
0.158762
-0.237951
-0.470389
-0.611245
-0.741875
-0.938355
-1.17497
-1.25816
-1.21654
-1.20026
-1.16287
-1.08468
-0.998051
-0.910018
-0.822963
-0.743913
-0.67963
-0.633869
-0.607035
-0.596926
-0.600975
-0.618326
-0.650214
-0.699047
-0.767425
-0.857507
-0.970715
-1.10752
-1.26724
-1.44805
-1.64714
-1.86113
-2.08653
-2.32001
-2.55873
-2.80023
-3.04227
-3.2825
-3.51833
-3.74673
-3.96444
-4.16824
-4.35525
-4.52322
-4.67061
-4.79644
-4.89999
-4.98055
-5.03728
-5.0691
-5.07516
-5.05442
-5.00747
-4.93306
-4.84783
-4.74972
-4.64469
-4.49186
-4.3666
-4.11863
-4.03865
-3.57467
-3.75845
-2.69898
-3.8549
-0.993759
-5.34259
5.00506
5.09377
5.16768
5.23666
5.30555
5.37551
5.44598
5.51653
5.5875
5.65933
5.73214
5.80581
5.88034
5.95576
6.03193
6.10862
6.18556
6.26239
6.33871
6.4141
6.48811
6.56036
6.63057
6.6986
6.7645
6.82848
6.89094
6.95244
7.01364
7.07519
7.13772
7.2017
7.2674
7.33486
7.40385
7.47391
7.54441
7.61457
7.68357
7.75063
7.81501
7.8761
7.93341
7.98656
8.03527
8.07936
8.11867
8.15306
8.18237
8.20638
8.22478
8.23716
8.24304
8.24189
8.23319
8.21645
8.19126
8.15719
8.11385
8.06078
7.99749
7.92343
7.83821
7.74165
7.63351
7.51349
7.38302
7.25987
7.14495
7.01654
6.87352
6.71791
6.55071
6.38513
6.18239
6.10702
5.67429
6.34674
3.98625
9.35504
4.9802
4.91588
4.85309
4.79196
4.71862
4.62062
4.49703
4.35211
4.18006
3.89592
3.34795
2.6786
2.09232
1.5764
1.13844
0.806057
0.578813
0.430171
0.312911
0.172328
-0.00314047
-0.0351734
0.155193
0.291023
0.356839
0.40919
0.448735
0.47398
0.488667
0.488261
0.466734
0.423983
0.363644
0.289662
0.20463
0.109061
0.00172781
-0.1193
-0.25567
-0.408257
-0.577064
-0.761219
-0.959115
-1.16861
-1.3874
-1.61325
-1.84422
-2.07868
-2.31515
-2.5521
-2.78766
-3.0195
-3.24489
-3.46083
-3.66442
-3.85308
-4.02474
-4.17788
-4.31138
-4.42436
-4.51577
-4.58454
-4.62945
-4.64961
-4.644
-4.61326
-4.55611
-4.48679
-4.40388
-4.31494
-4.18144
-4.07419
-3.8521
-3.78705
-3.36284
-3.54387
-2.55723
-3.65667
-0.940494
-5.12496
5.02943
5.06945
5.10769
5.14617
5.18487
5.22355
5.26211
5.3009
5.34035
5.38075
5.42226
5.46511
5.50962
5.55608
5.60475
5.65585
5.70955
5.76595
5.82503
5.88667
5.95063
6.01657
6.08407
6.1527
6.22201
6.2916
6.36117
6.43051
6.49949
6.56812
6.63641
6.70441
6.77217
6.83965
6.90672
6.97318
7.03872
7.10296
7.16549
7.22586
7.28365
7.33845
7.38988
7.43758
7.48128
7.52073
7.55573
7.58615
7.61189
7.63288
7.64903
7.66021
7.66622
7.66683
7.66171
7.65043
7.6326
7.60765
7.57494
7.53385
7.48361
7.42346
7.35291
7.27168
7.17958
7.07648
6.96377
6.85704
6.75723
6.64542
6.52033
6.38319
6.23486
6.08528
5.90423
5.82951
5.44815
6.05009
3.86779
8.98327
4.84232
4.81472
4.80116
4.7815
4.74979
4.70247
4.6395
4.56408
4.47659
4.34056
4.10661
3.84871
3.62784
3.42314
3.22885
3.04867
2.88742
2.75143
2.64703
2.56959
2.49581
2.40382
2.38205
2.56228
2.72378
2.69986
2.59924
2.48984
2.35877
2.19443
2.00649
1.8086
1.60977
1.41354
1.21891
1.02343
0.825033
0.622299
0.414123
0.199767
-0.0209018
-0.247341
-0.478407
-0.712704
-0.948983
-1.18617
-1.42359
-1.66071
-1.89698
-2.13167
-2.36348
-2.5906
-2.81087
-3.02187
-3.22128
-3.4071
-3.57768
-3.73177
-3.86828
-3.98619
-4.08423
-4.1611
-4.2154
-4.24608
-4.25213
-4.23421
-4.19103
-4.13468
-4.0645
-3.98875
-3.87224
-3.7794
-3.58204
-3.52681
-3.14501
-3.31474
-2.41225
-3.43999
-0.893865
-4.8854
4.87035
4.88796
4.90537
4.92186
4.93798
4.95376
4.96944
4.98532
5.0016
5.01845
5.036
5.05452
5.07427
5.09558
5.11878
5.14427
5.17247
5.20381
5.23869
5.27745
5.32034
5.36752
5.41898
5.47461
5.53415
5.59725
5.66344
5.73223
5.80316
5.87571
5.94934
6.02361
6.09805
6.17229
6.24588
6.31841
6.38956
6.45896
6.52627
6.59114
6.65325
6.71226
6.76785
6.8197
6.86746
6.91088
6.94969
6.98376
7.01304
7.03752
7.05729
7.07244
7.08295
7.08882
7.08994
7.08598
7.07653
7.06105
7.03873
7.00887
6.97058
6.92295
6.86542
6.79775
6.71976
6.63146
6.53426
6.44194
6.35549
6.25859
6.15002
6.03047
5.90058
5.76726
5.60858
5.53401
5.21044
5.72737
3.75855
8.5676
4.00063
3.97922
3.9674
3.94488
3.91151
3.86933
3.8203
3.76848
3.71971
3.67761
3.66441
3.7463
3.92293
4.08663
4.19335
4.26335
4.31902
4.36999
4.41664
4.45834
4.49483
4.51255
4.49632
4.46921
4.49418
4.55006
4.44131
4.21792
3.95727
3.6774
3.38148
3.07664
2.76935
2.46337
2.16175
1.86687
1.57914
1.29751
1.02066
0.747751
0.478482
0.21302
-0.048072
-0.304125
-0.554725
-0.799739
-1.03945
-1.27427
-1.50453
-1.73025
-1.9509
-2.16548
-2.37261
-2.57074
-2.75836
-2.93417
-3.09716
-3.24643
-3.38108
-3.50004
-3.60193
-3.68522
-3.7483
-3.78987
-3.80878
-3.80536
-3.77859
-3.73699
-3.68207
-3.62045
-3.52512
-3.44554
-3.28108
-3.22881
-2.90637
-3.04693
-2.26156
-3.18423
-0.861285
-4.61577
4.02295
4.0339
4.04503
4.05571
4.06645
4.07726
4.0883
4.09972
4.1116
4.12409
4.13731
4.15137
4.1664
4.18259
4.20006
4.21903
4.2398
4.26265
4.28796
4.31608
4.34745
4.38246
4.42147
4.46473
4.51251
4.56491
4.62194
4.68349
4.7494
4.81939
4.89305
4.9699
5.04947
5.13124
5.21456
5.29879
5.38337
5.46771
5.55116
5.63312
5.713
5.79021
5.8642
5.93442
6.0003
6.06144
6.11746
6.16807
6.21323
6.25292
6.28729
6.31658
6.34089
6.36041
6.37525
6.38522
6.38999
6.38913
6.38188
6.36749
6.34512
6.31391
6.27332
6.22304
6.16296
6.09326
6.0151
5.94015
5.86965
5.79038
5.70138
5.60294
5.49565
5.38295
5.25414
5.17887
4.93712
5.33289
3.66255
8.05912
2.78277
2.76621
2.76435
2.74912
2.71629
2.67027
2.61729
2.56288
2.51019
2.4633
2.43409
2.45564
2.69317
3.14047
3.43848
3.57671
3.64087
3.67727
3.70768
3.74146
3.77847
3.80827
3.81455
3.79246
3.75396
3.69674
3.63761
3.537
3.37674
3.19403
2.98478
2.74589
2.49097
2.2322
1.97395
1.71705
1.46244
1.21108
0.963192
0.718728
0.477675
0.240365
0.00747222
-0.22006
-0.441514
-0.656696
-0.865889
-1.0697
-1.26867
-1.46299
-1.6524
-1.83618
-2.01329
-2.1827
-2.34357
-2.49526
-2.6374
-2.76965
-2.89146
-3.00193
-3.09963
-3.18288
-3.2498
-3.29875
-3.3282
-3.33808
-3.32716
-3.30102
-3.26133
-3.21594
-3.14049
-3.07964
-2.94173
-2.90733
-2.62382
-2.77299
-2.05267
-2.95506
-0.753178
-4.44234
2.80815
2.82364
2.83926
2.85501
2.87135
2.88812
2.90534
2.92302
2.94118
2.95996
2.9794
2.99962
3.02072
3.04279
3.06588
3.0901
3.11557
3.14237
3.17068
3.20066
3.23257
3.26671
3.30335
3.34282
3.3855
3.4317
3.48174
3.53585
3.59424
3.65707
3.72438
3.79612
3.87223
3.9525
4.03656
4.12402
4.2144
4.30712
4.40148
4.49675
4.59208
4.68663
4.77951
4.86977
4.95659
5.03919
5.11689
5.18916
5.25578
5.3166
5.37167
5.42121
5.46539
5.50441
5.53843
5.56736
5.59094
5.60875
5.62013
5.62437
5.62075
5.60854
5.58726
5.55667
5.51677
5.46786
5.41107
5.35534
5.30238
5.24237
5.17459
5.09922
5.0168
4.92886
4.83113
4.76919
4.5912
4.94113
3.42937
7.73214
2.32395
2.31337
2.30402
2.29146
2.27227
2.24581
2.21284
2.17643
2.14102
2.10874
2.08598
2.07789
2.03612
2.03299
2.09084
2.11779
2.10358
2.06909
2.02946
1.99173
1.958
1.92713
1.89462
1.85603
1.81429
1.76582
1.66771
1.50252
1.4095
1.34144
1.24813
1.15908
1.06501
0.954679
0.828982
0.694956
0.557257
0.417048
0.274241
0.128479
-0.0204417
-0.172275
-0.326198
-0.480817
-0.634735
-0.78699
-0.937193
-1.08541
-1.23176
-1.37622
-1.51834
-1.65729
-1.79207
-1.9218
-2.04591
-2.16412
-2.27644
-2.38288
-2.48315
-2.57648
-2.66154
-2.73654
-2.79942
-2.8483
-2.88135
-2.89809
-2.897
-2.88157
-2.85317
-2.82028
-2.76069
-2.7154
-2.59959
-2.58174
-2.33051
-2.49221
-1.82453
-2.72422
-0.618641
-4.27649
2.34086
2.35465
2.36944
2.38496
2.40132
2.4183
2.43577
2.45362
2.47176
2.49017
2.50884
2.52781
2.54714
2.56689
2.58712
2.60793
2.62936
2.65148
2.67436
2.69807
2.72269
2.74836
2.77521
2.80342
2.8332
2.86479
2.89844
2.93445
2.97308
3.01465
3.05948
3.10781
3.15994
3.21609
3.27639
3.34092
3.40971
3.48257
3.55927
3.6394
3.7224
3.80756
3.89405
3.98091
4.06724
4.15203
4.23434
4.31342
4.38866
4.45964
4.52605
4.58784
4.64497
4.69741
4.74516
4.78804
4.82571
4.85772
4.88341
4.90213
4.9132
4.91596
4.91001
4.89519
4.8716
4.83963
4.80038
4.76059
4.72226
4.6784
4.62862
4.57318
4.51261
4.44746
4.37805
4.33186
4.21136
4.5368
3.15668
7.41168
1.88733
1.86679
1.85034
1.84053
1.82585
1.80037
1.76634
1.73004
1.69753
1.67158
1.65216
1.64214
1.63705
1.5424
1.43491
1.39873
1.358
1.29271
1.21553
1.13099
1.04257
0.953928
0.868019
0.785649
0.707009
0.634487
0.565666
0.479201
0.299618
0.0573568
-0.0191359
-0.0446008
-0.061163
-0.0719854
-0.0972146
-0.138183
-0.186839
-0.239558
-0.297202
-0.361394
-0.432914
-0.511726
-0.597125
-0.687787
-0.782132
-0.878779
-0.976806
-1.0758
-1.17557
-1.27593
-1.37636
-1.47605
-1.57405
-1.66954
-1.76204
-1.85142
-1.9378
-2.02134
-2.10189
-2.1788
-2.25081
-2.3162
-2.37293
-2.41903
-2.45261
-2.47293
-2.47833
-2.47072
-2.4512
-2.42834
-2.38214
-2.34987
-2.25378
-2.2497
-2.02914
-2.19935
-1.58537
-2.4751
-0.475232
-4.07452
1.91634
1.94649
1.97678
2.00742
2.03866
2.07028
2.10209
2.13392
2.1656
2.19696
2.22784
2.25814
2.28778
2.31672
2.34495
2.37244
2.39923
2.42533
2.45078
2.47563
2.49992
2.52371
2.54708
2.57014
2.593
2.61579
2.6387
2.66192
2.68567
2.71021
2.73584
2.76287
2.79167
2.82261
2.85604
2.89238
2.93195
2.97505
3.02189
3.07256
3.12702
3.18508
3.24635
3.31033
3.37638
3.44378
3.51172
3.57947
3.64633
3.71174
3.77517
3.83628
3.89477
3.9503
4.00261
4.05127
4.09573
4.13543
4.1696
4.1975
4.21843
4.23171
4.23697
4.23412
4.22325
4.20477
4.17971
4.15303
4.12684
4.09653
4.06197
4.02359
3.98186
3.93712
3.893
3.86265
3.79595
4.09825
2.86013
7.00589
2.12265
2.08128
2.04398
2.01562
1.99338
1.97227
1.95009
1.92822
1.9101
1.89873
1.89394
1.89506
1.903
1.89548
1.73119
1.27718
0.864354
0.688326
0.628229
0.593238
0.563527
0.532149
0.493144
0.442998
0.384118
0.32322
0.268482
0.223137
0.172309
0.0789771
-0.141791
-0.439977
-0.534097
-0.568229
-0.578403
-0.565974
-0.548212
-0.538264
-0.538244
-0.547438
-0.566139
-0.594339
-0.631355
-0.676203
-0.72772
-0.784618
-0.845734
-0.910325
-0.978014
-1.04851
-1.12131
-1.19565
-1.27058
-1.34522
-1.41901
-1.49167
-1.56322
-1.63371
-1.70295
-1.77029
-1.83456
-1.89416
-1.94719
-1.99185
-2.02634
-2.0499
-2.06091
-2.06012
-2.04846
-2.03452
-2.00031
-1.97967
-1.90156
-1.90959
-1.71759
-1.89406
-1.33188
-2.20702
-0.316783
-3.83795
2.16089
2.18616
2.21172
2.23746
2.26311
2.28865
2.31402
2.33909
2.36369
2.38766
2.41081
2.43294
2.45391
2.47356
2.49178
2.50849
2.52362
2.53712
2.54903
2.55937
2.5682
2.57556
2.58157
2.58634
2.59003
2.59279
2.59481
2.59631
2.59751
2.59867
2.60006
2.60195
2.6047
2.60865
2.61413
2.62156
2.63137
2.64394
2.65964
2.67881
2.70168
2.72843
2.75907
2.79351
2.83149
2.87269
2.91668
2.96293
3.01092
3.06017
3.11016
3.16042
3.21053
3.25994
3.30815
3.35458
3.39846
3.43904
3.47545
3.50684
3.53245
3.55157
3.56377
3.56896
3.56724
3.55895
3.54499
3.52884
3.51258
3.49347
3.4716
3.44756
3.42172
3.39462
3.37194
3.35621
3.33676
3.61581
2.51804
6.52271
1.89505
1.86831
1.84019
1.81874
1.80116
1.78343
1.76349
1.74288
1.72548
1.71443
1.71006
1.70986
1.71214
1.71103
1.68621
1.58256
1.36689
0.977743
0.574771
0.3555
0.285222
0.26207
0.244915
0.226277
0.204512
0.174191
0.134509
0.0908154
0.0491602
0.00709312
-0.0540763
-0.15678
-0.259759
-0.272516
-0.278566
-0.289417
-0.291905
-0.294359
-0.302811
-0.3169
-0.335935
-0.359753
-0.388233
-0.421484
-0.459644
-0.502409
-0.549065
-0.59905
-0.652249
-0.70873
-0.768408
-0.830799
-0.895153
-0.960649
-1.02662
-1.09263
-1.15844
-1.22389
-1.28863
-1.352
-1.4129
-1.4699
-1.52136
-1.56573
-1.60147
-1.628
-1.64388
-1.64908
-1.64434
-1.6383
-1.61485
-1.60461
-1.54279
-1.56158
-1.39571
-1.57695
-1.06221
-1.91995
-0.136814
-3.56401
1.92132
1.93846
1.95556
1.97303
1.99095
2.00936
2.02829
2.04772
2.06765
2.08796
2.10851
2.12913
2.14961
2.16973
2.18928
2.20802
2.22574
2.24224
2.25738
2.27101
2.28302
2.29332
2.30187
2.30866
2.31373
2.31713
2.31894
2.31932
2.31843
2.31646
2.31362
2.31013
2.30629
2.30237
2.29864
2.29547
2.29321
2.29221
2.29288
2.29558
2.30064
2.30841
2.31914
2.33298
2.35003
2.37029
2.39371
2.42008
2.44919
2.4808
2.51455
2.55011
2.58713
2.62505
2.66338
2.70149
2.73861
2.77391
2.80653
2.83562
2.86039
2.88013
2.89443
2.90315
2.90638
2.90439
2.89794
2.88938
2.88048
2.86986
2.85777
2.84492
2.83157
2.81866
2.81277
2.80891
2.82838
3.08337
2.11415
5.96096
1.06636
1.02894
0.977778
0.94812
0.937098
0.929969
0.91786
0.900241
0.881507
0.866212
0.856205
0.850161
0.84546
0.839729
0.828063
0.787504
0.712467
0.640251
0.581524
0.526348
0.453706
0.343202
0.294019
0.283744
0.261543
0.232597
0.203483
0.172922
0.141121
0.111188
0.0826108
0.0468153
9.17623e-05
-0.0345739
-0.0278731
-0.028343
-0.0447154
-0.05744
-0.0679539
-0.0823503
-0.099681
-0.117714
-0.136337
-0.156958
-0.181044
-0.209389
-0.242029
-0.278657
-0.319163
-0.363721
-0.412495
-0.465301
-0.52152
-0.580299
-0.640778
-0.702239
-0.76412
-0.825941
-0.887153
-0.947
-1.00443
-1.05819
-1.10692
-1.14943
-1.18449
-1.21175
-1.23017
-1.23926
-1.23964
-1.23972
-1.22514
-1.22353
-1.1759
-1.20369
-1.06126
-1.24519
-0.774112
-1.60707
0.065361
-3.21493
1.08954
1.1076
1.1265
1.14619
1.16618
1.1868
1.20809
1.23022
1.2533
1.2774
1.30254
1.32873
1.35589
1.38391
1.41263
1.44183
1.47127
1.50074
1.52996
1.55866
1.58657
1.61348
1.63915
1.66336
1.68597
1.70683
1.72582
1.74291
1.75806
1.7713
1.78267
1.79227
1.80022
1.80669
1.81184
1.81595
1.81926
1.82203
1.82461
1.82736
1.8306
1.83468
1.83995
1.84666
1.85513
1.86552
1.87799
1.89262
1.90941
1.92834
1.94929
1.97212
1.9966
2.02239
2.04914
2.07632
2.10333
2.12951
2.15412
2.17648
2.19587
2.21171
2.22369
2.23165
2.23568
2.23604
2.23338
2.22924
2.22502
2.22004
2.21468
2.20964
2.20491
2.20178
2.20654
2.20871
2.25531
2.48367
1.62042
5.26582
0.519167
0.48555
0.445022
0.423206
0.417224
0.414583
0.407397
0.395054
0.381536
0.37122
0.366163
0.365544
0.366845
0.367763
0.366113
0.361
0.35392
0.346051
0.337252
0.326562
0.313237
0.298301
0.282826
0.266687
0.288877
0.294684
0.28047
0.262211
0.246662
0.232048
0.217837
0.203681
0.187527
0.168189
0.146655
0.145687
0.154786
0.141177
0.122735
0.110757
0.100705
0.0886105
0.0753811
0.0618815
0.0469315
0.0291396
0.00789446
-0.0171238
-0.0463547
-0.0802242
-0.118947
-0.162394
-0.21003
-0.26097
-0.314184
-0.368709
-0.42371
-0.478484
-0.532357
-0.584583
-0.634248
-0.680384
-0.722003
-0.758313
-0.788525
-0.812604
-0.829909
-0.840014
-0.843013
-0.846783
-0.838579
-0.843344
-0.807235
-0.842099
-0.719584
-0.903971
-0.472325
-1.26683
0.281517
-2.74575
0.542811
0.560498
0.578065
0.595706
0.613146
0.630585
0.648064
0.665767
0.683859
0.702491
0.721825
0.742033
0.763263
0.785603
0.809083
0.83369
0.859389
0.886098
0.913639
0.941823
0.970432
0.999251
1.02804
1.05651
1.08441
1.11151
1.13757
1.16238
1.18576
1.20756
1.22765
1.24596
1.26242
1.27702
1.2898
1.30085
1.3103
1.31828
1.325
1.33074
1.33574
1.34029
1.3447
1.34926
1.35426
1.3599
1.36643
1.374
1.38273
1.39267
1.40385
1.41625
1.42977
1.44426
1.45952
1.47522
1.49097
1.50635
1.52086
1.53403
1.54533
1.55436
1.56095
1.565
1.56666
1.56616
1.56411
1.5619
1.55966
1.55721
1.55507
1.55392
1.55359
1.55591
1.56627
1.56962
1.63032
1.82968
1.04896
4.37662
0.0865201
0.0624491
0.0374337
0.0203156
0.0116671
0.00628284
0.000411153
-0.00663907
-0.0133467
-0.0177174
-0.0186755
-0.016621
-0.0131225
-0.0100582
-0.00887593
-0.0103926
-0.0147317
-0.021546
-0.0303211
-0.0405616
-0.0517789
-0.0636961
-0.0760448
-0.0883894
-0.0810781
0.0347956
0.181039
0.20685
0.1874
0.158547
0.136293
0.120747
0.110202
0.103581
0.0976461
0.0874425
0.0960056
0.171494
0.237879
0.263201
0.286982
0.30783
0.313725
0.301951
0.279044
0.253388
0.228083
0.201827
0.172938
0.140815
0.105588
0.0676498
0.0274913
-0.0143166
-0.0571203
-0.100251
-0.143051
-0.184913
-0.225272
-0.263566
-0.299186
-0.331553
-0.36015
-0.384655
-0.404746
-0.420725
-0.432327
-0.439649
-0.442207
-0.446712
-0.441969
-0.450212
-0.423085
-0.460913
-0.35919
-0.529736
-0.161933
-0.838658
0.435887
-1.92053
0.103562
0.110566
0.117756
0.125077
0.132252
0.139319
0.146238
0.153097
0.159948
0.166866
0.17399
0.181514
0.189654
0.198583
0.208491
0.219559
0.231955
0.245792
0.261079
0.277849
0.296073
0.315655
0.336466
0.358335
0.381078
0.404476
0.428312
0.452331
0.476307
0.500023
0.523225
0.545716
0.567285
0.587758
0.606992
0.624886
0.641371
0.656388
0.669976
0.682178
0.693067
0.702786
0.711509
0.719397
0.726616
0.733358
0.739768
0.745995
0.75217
0.758386
0.764739
0.771269
0.778015
0.78497
0.792107
0.799322
0.806475
0.813417
0.819874
0.82559
0.830272
0.833699
0.835796
0.836541
0.836075
0.834584
0.832678
0.831174
0.830428
0.830284
0.831196
0.833379
0.835508
0.838164
0.844384
0.834045
0.875803
1.03836
0.338111
2.99817
0.0351167
0.0442761
0.0548703
0.057527
0.0557257
0.0555082
0.059161
0.0663045
0.075904
0.0871124
0.0993664
0.112223
0.125204
0.137793
0.1496
0.160447
0.170323
0.179245
0.187135
0.193855
0.199297
0.203498
0.207156
0.211128
0.21727
0.227274
0.247899
0.290991
0.352216
0.405326
0.442351
0.468065
0.486619
0.498639
0.502174
0.493541
0.47162
0.432333
0.410009
0.517482
0.555992
0.432865
0.313845
0.239615
0.204453
0.18619
0.168473
0.14778
0.127102
0.108722
0.0925655
0.0774106
0.062115
0.046175
0.0297066
0.013078
-0.003345
-0.0192715
-0.0344448
-0.0486103
-0.0615135
-0.0729592
-0.0828308
-0.0911684
-0.0979572
-0.103608
-0.108073
-0.112032
-0.113033
-0.116457
-0.114074
-0.122532
-0.106258
-0.137299
-0.0728029
-0.188157
0.0360482
-0.354185
0.362356
-0.82991
0.03071
0.0237697
0.0169385
0.0103256
0.00414478
-0.00171286
-0.00726607
-0.0125594
-0.0176464
-0.022551
-0.0272776
-0.031795
-0.0360442
-0.0399321
-0.0433163
-0.046031
-0.047885
-0.0486901
-0.048269
-0.0464403
-0.0430795
-0.0380877
-0.0314011
-0.0230083
-0.0129577
-0.00133648
0.0117284
0.02606
0.041474
0.0577422
0.0746143
0.0918435
0.109173
0.126361
0.143158
0.159346
0.174731
0.189157
0.202507
0.214678
0.225618
0.235329
0.243842
0.251199
0.257477
0.262764
0.267138
0.27069
0.273505
0.27567
0.277265
0.278346
0.278978
0.2792
0.279052
0.278544
0.277692
0.276521
0.274988
0.27308
0.270764
0.26804
0.26497
0.261643
0.258206
0.254709
0.251685
0.251029
0.248985
0.246032
0.242634
0.239621
0.237444
0.239009
0.248714
0.253286
0.287955
0.373795
0.0035446
1.25278
)
;

boundaryField
{
    inlet
    {
        type            freestreamPressure;
        freestreamValue uniform 0;
        value           nonuniform List<scalar> 
134
(
0.753474
0.102303
-0.579112
-1.17071
-1.5988
-1.86228
-1.91151
-1.74249
-1.35965
-0.653099
-0.122931
-0.189125
-0.310743
-0.42726
-0.546641
-0.672827
-0.806742
-0.948809
-1.10071
-1.26576
1.38784
-1.44879
-1.65233
-1.86719
-2.06954
-2.21683
-2.28981
-2.41729
-2.42279
-2.4725
-2.95514
-2.72023
-2.73376
-2.78972
-2.83225
-2.85528
-2.87783
-2.93037
-3.05659
-3.20669
1.98343
2.59599
3.11314
3.39374
3.3337
2.75576
1.47736
-3.53815
-3.46436
-3.34657
-3.26994
-3.21315
-3.14921
-3.07663
-3.00182
-2.92673
-2.85047
-2.77234
-2.69262
-2.61164
-2.52907
-2.44408
-2.35507
-2.25928
-2.1538
-2.03498
-1.95855
-1.88542
-1.79631
-1.69188
-1.57092
-1.41678
-1.20967
-0.845817
-0.365298
0.518256
1.16052
1.86629
2.55955
3.23087
3.86584
4.40348
4.81301
5.10418
5.28656
5.38566
5.43019
5.44544
5.45182
5.47874
5.57297
5.75253
5.94899
6.10917
6.23936
6.35133
6.44766
6.52506
6.5818
6.61897
6.64001
6.6533
6.67601
6.75155
6.94569
7.36624
7.5467
7.37174
7.16753
7.03478
6.92549
6.80243
6.66888
6.53429
6.39918
6.26049
6.11646
5.96643
5.80965
5.64463
5.46897
5.27951
5.06997
4.83568
4.54902
4.3649
4.18456
3.95614
3.68409
3.36771
2.97597
2.47446
1.69584
0.709118
)
;
    }
    outlet
    {
        type            freestreamPressure;
        freestreamValue uniform 0;
        value           nonuniform List<scalar> 
160
(
0.000130744
0.000116329
0.000159359
9.42976e-05
0.000191835
7.2727e-05
0.000199736
5.1753e-05
0.00019382
3.20592e-05
0.000192533
1.33378e-05
0.000202974
-4.46703e-06
0.000224056
-2.14795e-05
0.000252633
-3.785e-05
0.000286123
-5.36352e-05
0.000322821
-6.88403e-05
0.000361379
-8.33637e-05
0.00040033
-9.70254e-05
0.000438092
-0.000109542
0.000473469
-0.000120483
0.000505925
-0.000129353
0.00053543
-0.000135581
0.000562035
-0.000138607
0.000585474
-0.000137903
0.000605282
-0.000132924
0.000621134
-0.000123299
0.000633196
-0.000108727
0.000643611
-8.90121e-05
0.000654449
-6.41117e-05
0.000671778
-3.41627e-05
0.000700737
5.86265e-07
0.0007615
3.97676e-05
0.000889864
8.28638e-05
0.00107257
0.000129338
0.00123064
0.000178517
0.0013417
0.000229665
0.00142057
0.000282051
0.00147917
0.000334915
0.00151888
0.000387535
0.00153359
0.000439166
0.0015122
0.000489149
0.00145192
0.000536904
0.00133918
0.000581948
0.00127644
0.000623919
0.00160882
0.000662498
0.00172863
0.000697511
0.00134961
0.000728951
0.000981111
0.000756901
0.000748102
0.000781477
0.000635184
0.000802901
0.000575381
0.000821434
0.000518786
0.000837309
0.000454114
0.000850799
0.000389918
0.00086216
0.000332929
0.000871658
0.000282916
0.000879538
0.000236168
0.000885968
0.000189194
0.000891155
0.000140423
0.000895222
9.01592e-05
0.000898293
3.9474e-05
0.000900415
-1.05653e-05
0.000901638
-5.91175e-05
0.000902055
-0.000105446
0.000901532
-0.000148816
0.000900027
-0.000188487
0.000897433
-0.000223885
0.000893735
-0.000254667
0.000889127
-0.000280949
0.000883895
-0.000302683
0.000878531
-0.0003211
0.000873223
-0.00033607
0.000869787
-0.000349445
0.000873773
-0.000353685
0.000872317
-0.000365426
0.000868241
-0.000359684
0.000863136
-0.000387213
0.000860009
-0.000338817
0.000860608
-0.000436694
0.000875656
-0.000236544
0.000922051
-0.000598222
0.000952516
0.000121668
0.00109812
-0.00109456
0.00145047
0.00134134
1.44445e-05
-0.00226307
0.0047475
)
;
    }
    walls
    {
        type            zeroGradient;
    }
    frontAndBack
    {
        type            empty;
    }
}


// ************************************************************************* //
