0.024	0
0.0528	0
0.0862606	0
0.125128	1
0.169257	1
0.218869	1
0.273171	1
0.325704	1
0.373669	1
0.40383	1
0.421777	1
0.435733	1
0.447997	2
0.459781	2
0.471779	2
0.484391	2
0.498056	2
0.513239	2
0.53014	2
0.548964	2
0.569917	2
0.593208	2
0.617996	2
0.643921	3
0.670632	3
0.697639	3
0.724866	3
0.752173	3
0.779356	3
0.806193	3
0.832471	3
0.858024	3
0.882707	3
0.906486	4
0.929324	4
0.951237	4
0.9723	4
0.99258	4
1.01213	4
1.031012	4
1.049116	4
1.066489	4
1.083235	4
1.099324	5
1.1147476	5
1.1296628	5
1.1441652	5
1.1583116	5
1.1721651	5
1.18577095	5
1.19916686	5
1.21238437	5
1.22545795	5
1.2384245	6
1.251323079	6
1.264184157	6
1.276954227	6
1.289646455	6
1.302319089	6
1.3150184784	6
1.3277688522	6
1.3406250765	6
1.3536323327	6
1.3668211867	7
1.38018842719	7
1.39374930858	7
1.40751047587	7
1.42147874312	7
1.43566557108	7
1.450087092032	7
1.464770553767	7
1.479744775282	7
1.494804779353	7
1.509960598672	8
1.525252171863	8
1.540740256193	8
1.556484138618	8
1.572533173406	8
1.588929520354	8
1.6057025946898	8
1.6228757539971	8
1.6404723602838	8
1.6582284377412	8
1.6760599125884	9
1.69396678150646	9
1.71197844348881	9
1.73015220394345	9
1.74855083297174	9
1.76724126318455	9
1.786283989999224	9
1.805728845773882	9
1.825610146017024	9
1.845946762825949	9
1.866747471822035	9
1.887804164862	10
1.90893825839988	10
1.930173477225854	10
1.95154080643381	10
1.973041224778299	10
1.9946945750489	10
2.01657197233988	10
2.038752344450196	10
2.061319321153867	10
2.084355442231686	10
2.107938234691545	11
2.132126866833351	11
2.156966120069324	11
2.182491912963918	11
2.208468389450884	11
2.234687640255339	11
2.261224182982648	11
2.288075861960236	11
2.315329088969746	11
2.343066154301482	11
2.371368617282477	12
2.40032201796344	12
2.430029889719319	12
2.460615847352175	12
2.49202415133385	12
2.523807474619791	12
2.556056493732907	12
2.588910513767553	12
2.62250912508284	12
2.656992156801682	12
2.692445327330892	12
2.727742219237327	13
2.760786599840222	13
2.791138963450424	13
2.81848263002794	13
2.84287605998398	13
2.864599264686932	13
2.884082748559093	13
2.90181308517528	13
2.918260873850179	13
2.933846318055475	13
2.948929599914182	14
2.963813415109446	14
2.978729651555876	14
2.993790141762874	14
3.009213599345333	14
3.025184781407873	14
3.041874230311283	14
3.059434161958773	14
3.07800041848503	14
3.097685581296058	14
3.118571794981006	14
3.140694448567968	15
3.164042036078223	15
3.18851422155125	15
3.213929040292155	15
3.239895037480379	15
3.266120244795836	15
3.292280207331182	15
3.318085690083423	15
3.343288891521302	15
3.36770856560489	15
3.391236838577335	15
3.413843766839656	16
3.435568013842022	16
3.456502663372534	16
3.476775175959899	16
3.496544727877482	16
3.515966536132792	16
3.535197461023272	16
3.554387413320803	16
3.573620804063784	16
3.593016589414337	16
3.612702310566483	16
3.632793112529264	17
3.653389018213411	17
3.674570577090301	17
3.696400366613738	17
3.718911550114679	17
3.742108313394213	17
3.765957419917489	17
3.790389749328209	17
3.815251309341341	17
3.840353395162253	17
3.865544193776935	17
3.890653948388115	18
3.91554001274455	18
3.940085711966033	18
3.964207289092744	18
3.987856162841954	18
4.011017847752195	18
4.033708304867372	18
4.055971012408938	18
4.077870417726108	18
4.099494587998985	18
4.120933305846577	19
4.142275768822717	19
4.163612196746429	19
4.185002895029684	19
4.206516109407894	19
4.228230185397399	19
4.250213269712733	19
4.272522794348176	19
4.295200552478065	19
4.318271090030204	19
4.341739735814259	19
4.365590713260671	19
4.38978731275523	20
4.414256613355273	20
4.438892342388546	20
4.4636108565287	20
4.488327139750186	20
4.512948245339556	20
4.537405524577116	20
4.561646577069039	20
4.585638828298713	20
4.609368624260462	20
4.632840597751674	20
4.656075513583779	21
4.679118139896093	21
4.702011922575791	21
4.724806901604095	21
4.747556632391647	21
4.770319228795503	21
4.79312651429649	21
4.816027290948484	21
4.839068960138699	21
4.862293048836293	21
4.885731817785807	22
4.909406550689993	22
4.933326272168315	22
4.957481668191022	22
4.981857542610211	22
5.006424570306538	22
5.031143163084813	22
5.055944710928427	22
5.080779784351863	22
5.105600275340533	22
5.130362493085409	22
5.15501731576405	23
5.179539809561893	23
5.20391737671788	23
5.228161812716451	23
5.252281796386073	23
5.276294326556175	23
5.300223221434065	23
5.324098108150886	23
5.347951382455641	23
5.371800814719532	24
5.395679520083842	24
5.419622214909673	24
5.44366123269463	24
5.467823621344987	24
5.492130408481945	24
5.51659547568939	24
5.541224328754632	24
5.566014095447168	24
5.590953238255225	25
5.61602223575251	25
5.64119481824198	25
5.66643985566771	25
5.691723340230708	25
5.717002748731091	25
5.742245660339163	25
5.767428697838591	25
5.792535664249983	25
5.817558175575532	25
5.842495729428578	26
5.86735540500276	26
5.892150300693446	26
5.916887527818666	26
5.941589804883448	26
5.966283514835508	26
5.990996912774185	26
6.015758249092054	26
6.040594006044579	26
6.065527258038079	26
6.090576269284849	27
6.115753500303112	27
6.141064632125134	27
6.166507950098613	27
6.192074484546481	27
6.217748624555856	27
6.243509004542881	27
6.269330172916816	27
6.295184480239898	27
6.321044143865776	27
6.346883218711227	28
6.372679635802378	28
6.398416843353643	28
6.424085023397097	28
6.449681531233772	28
6.47521093827334	28
6.500684325690592	28
6.526118236901255	28
6.551533344981639	28
6.576952942739046	28
6.602401345440541	28
6.62790212485369	29
6.653476592822561	29
6.679142269145901	29
6.70491169304609	29
6.730791523010589	29
6.756782046149573	29
6.78287698719398	29
6.809063911574141	29
6.835325219014362	29
6.86163916653596	29
6.887981591829786	30
6.914327799648025	30
6.940654533303656	30
6.966941684952282	30
6.993147830477185	30
7.019294134692077	30
7.045378778954884	30
7.071406497934503	30
7.097385960284647	30
7.12333132787296	30
7.149260116766745	30
7.175192075768952	31
7.201147468684429	31
7.227145611476125	31
7.253203408975939	31
7.279334292106566	31
7.305547104854999	31
7.331845393494372	31
7.358227143712507	31
7.384685042571246	31
7.411206754684923	31
7.43777588575186	32
7.464373176644446	32
7.490978033593032	32
7.5175701513089	32
7.544131107476906	32
7.57061879094508	32
7.597054463007002	32
7.623434120467059	32
7.649759226845336	32
7.67603462353546	32
7.702270327813308	32
7.728479614978095	33
7.754678351049152	33
7.780883304859853	33
7.807111173160189	33
7.833377085521602	33
7.85969367930012	33
7.886070080294846	33
7.912511222288931	33
7.939017446584702	33
7.965584662217821	33
7.992204412544306	34
8.018864579904994	34
8.045550307298816	34
8.072245145058123	34
8.09893234979859	34
8.125596275251119	34
8.15222356271723	34
8.178804207537443	34
8.205332313285506	34
8.231806405610234	34
8.258229459825449	35
8.28460874553747	35
8.310954983464285	35
8.337281512199992	35
8.363603256726377	35
8.389935535223403	35
8.416292958708066	35
8.442688377771331	35
8.469131942932666	35
8.495630284613375	35
8.522186075940358	36
8.54879791761917	36
8.575460347328832	36
8.602164262888438	36
8.62889759492583	36
8.655646254815087	36
8.682395270690565	36
8.709129997712587	36
8.735837251110148	36
8.762506419260401	36
8.789130230773244	36
8.815705303266974	37
8.842232294005605	37
8.868715842063377	37
8.895164177753399	37
8.92158832024348	37
8.948001231699079	37
8.974416777984624	37
9.00084873079866	37
9.027309738250093	37
9.053810361565425	38
9.080358348867145	38
9.106957994711276	38
9.133609899932063	38
9.16031095467206	38
9.187054481414558	38
9.213830771128128	38
9.240627861784395	38
9.2674324378586	38
9.294230964582962	38
9.321010742577831	39
9.347760944447369	39
9.37447346713077	39
9.401143541523989	39
9.427770031271123	39
9.454355498971521	39
9.480905990542356	39
9.507430454277074	39
9.533940017540461	39
9.560447084351392	39
9.586964391019558	39
9.613504083063139	40
9.64007677804355	40
9.666690794178743	40
9.693351513775369	40
9.720060980060007	40
9.746817837643363	40
9.773617361831743	40
9.800451818686261	40
9.827311072662358	40
9.854183390201477	41
9.881056383424356	41
9.907918006974565	41
9.934757557285833	41
9.961566484923168	41
9.988339109003947	41
10.01507299457167	41
10.04176908956924	42
10.06843165011422	42
10.09506789393768	42
10.121687278284762	42
10.148300824962892	42
10.174920218430922	42
10.201556917928965	42
10.22822130930045	42
10.254921924560684	42
10.281664774359621	42
10.308452915828727	43
10.335286260985583	43
10.362161568805902	43
10.389072670788648	43
10.416010949235986	43
10.442966025665546	43
10.469926589433426	43
10.496881315427336	43
10.523819771934644	43
10.550733277346005	43
10.577615563647365	43
10.604463282714331	44
10.631276199051173	44
10.658057159031491	44
10.684811884256403	44
10.711548447972888	44
10.738276599408453	44
10.765006980473432	44
10.791750315192468	44
10.818516572106825	44
10.845314228942323	45
10.872149590405515	45
10.899026321539518	45
10.925945212219329	45
10.952904099597998	45
10.979897988977729	45
11.00691947672272	45
11.033959307276819	45
11.061007113766287	46
11.088052270029273	46
11.115084744132853	46
11.142095896726619	46
11.169079176132504	46
11.196030625620098	46
11.222949153979583	46
11.249836578411394	47
11.276697428327951	47
11.303538599877555	47
11.330368744083199	47
11.357197553771293	47
11.384034996525461	47
11.410890552953985	47
11.437772475434626	47
11.464687129921122	48
11.4916385267906	48
11.518628074565822	48
11.545654381399153	48
11.572713388134771	48
11.599798656337384	48
11.626901895403412	48
11.654013612321336	48
11.681123871745593	48
11.708223102187183	48
11.73530286042441	49
11.762356504862801	49
11.789379719288103	49
11.816370821816445	49
11.843330862242938	49
11.870263477552056	49
11.897174564763402	49
11.924071831825366	49
11.950964121751166	49
11.977860707732205	50
12.004770554541025	50
12.03170163513405	50
12.058660282308161	50
12.085650739632747	50
12.112674845173192	50
12.139731858545332	50
12.166818502999709	50
12.193929219366533	50
12.221056595106296	50
12.248191960568194	51
12.275326089954282	51
12.302449945849794	51
12.329555392571992	51
12.356635860558596	51
12.383686845304672	51
12.410706254088799	51
12.437694539318997	51
12.464654613222143	51
12.491591560910736	51
12.51851223515281	51
12.545424722267963	52
12.572337625191825	52
12.59925943424131	52
12.626197824608166	52
12.653159066035144	52
12.680147568840995	52
12.707165552292629	53
12.734212849355607	53
12.76128691988969	53
12.78838303258574	53
12.815494653983556	53
12.842613972579805	53
12.869732507473147	53
12.896841812214479	53
12.923934148232147	53
12.951003104777081	53
12.978044102318281	54
13.005054742573837	54
13.032034970173319	54
13.058987045811474	54
13.085915321539735	54
13.11282587961789	54
13.1397260774604	54
13.166623899950059	54
13.193527347062885	55
13.22044380564502	55
13.24737947349489	55
13.274338899835735	55
13.301324674313172	55
13.328337185612179	55
13.355374611644979	56
13.38243306028116	56
13.409506876278419	56
13.436589101911251	56
13.463672036037051	56
13.490747857563337	56
13.517809259026171	56
13.544850035201899	56
13.571865572696085	56
13.598853219771264	57
13.625812472064295	57
13.652744988442052	57
13.67965441437576	57
13.70654609199025	57
13.73342666089634	57
13.76030347958886	57
13.787184065302833	57
13.8140755093886	57
13.840983918040401	57
13.86791395550356	58
13.894868531923796	58
13.921848571219266	58
13.94885293763639	58
13.975878534334331	58
14.00292054979599	58
14.029972859866092	58
14.057028517251235	58
14.084080318119387	58
14.111121386987062	58
14.138145746086344	59
14.165148783948737	59
14.192127620431902	59
14.219081332804535	59
14.246011009053582	59
14.272919631129003	59
14.299811832606421	59
14.326693554814073	59
14.353571541079269	59
14.380452811559838	59
14.407344128646821	60
14.434251473804116	60
14.46117958996772	60
14.488131637858611	60
14.515108990883359	60
14.542111103031871	60
14.569135569370342	60
14.596178323492047	60
14.623233979530916	60
14.650296266281247	61
14.677358537985402	61
14.70441431437451	61
14.731457818014254	61
14.758484441154879	61
14.785491114384259	61
14.812476542636112	61
14.839441310479204	61
14.866387807811725	61
14.893320015832755	61
14.920243206432026	62
14.947163550334119	62
14.974087578013355	62
15.001021708185279	62
15.027971727298974	62
15.05494235323691	62
15.08193691670977	62
15.10895709477461	62
15.136002778199078	62
15.163072096134494	62
15.190161568192659	63
15.217266395200097	63
15.244380846402885	63
15.2714987250035	63
15.298613877546439	63
15.325720705705944	63
15.352814615094069	63
15.37989238417552	63
15.406952419334736	63
15.433994875373173	63
15.461021628220644	63
15.48803611807485	64
15.515043061551797	64
15.542048073906439	64
15.569057221482785	64
15.59607654777127	64
15.623111605240561	64
15.650167026540601	64
15.677246167086295	64
15.704350847698263	64
15.731481211756584	64
15.758635721359243	65
15.785811279869083	65
15.813003484499927	65
15.840206979342419	65
15.867415892985926	65
15.894624316426974	65
15.92182678398852	65
15.949018714296187	65
15.976196783790085	65
16.003359181592437	65
16.03050574101497	66
16.057637944867874	66
16.084758786460718	66
16.111872511209622	66
16.138984275249395	66
16.166099725780274	66
16.193224542058726	66
16.22036399455153	66
16.247522523970336	66
16.274703395855756	66
16.301908430690048	67
16.32913786123796	67
16.356390306811811	67
16.383662886301714	67
16.410951435767608	67
16.438250849386552	67
16.465555477699073	67
16.492859592283349	67
16.520157848180677	67
16.547445709596904	67
16.574719803458532	68
16.60197818929246	68
16.629220484796548	68
16.656447886808973	68
16.683663049299099	68
16.710869867306602	68
16.738073130787125	68
16.765278086614984	68
16.79249006211073	68
16.81971401093222	68
16.846954132678118	69
16.87421354673106	69
16.901494008380215	69
16.928795753665444	69
16.956117491599059	69
16.983456471609117	69
17.010808722040135	69
17.038169337956358	69
17.065532883610114	69
17.092893824868501	69
17.120246971152284	69
17.147587880972694	70
17.174913215179739	70
17.202220984525596	70
17.229510692352974	70
17.256783366929252	70
17.284041431350232	70
17.311288465456766	70
17.338528923057336	70
17.365767739951657	70
17.393009942450838	70
17.420260230621604	71
17.447522626096898	71
17.47480013711035	71
17.502094453147855	71
17.529405844537841	71
17.55673311253819	71
17.584073684977287	71
17.611423810930432	71
17.638778849868391	71
17.666133636375182	71
17.693482898672471	72
17.720821680415405	72
17.748145716052409	72
17.775451787954573	72
17.802737949084516	72
17.830003668625128	72
17.857249848919256	72
17.884478731988182	72
17.911693693807852	72
17.93889895722889	72
17.966099240356783	73
17.993299367192662	73
18.02050387754683	73
18.047716658259326	73
18.074940630339658	73
18.102177515200772	73
18.12942769591513	73
18.156690174987798	73
18.183962650674765	73
18.211241699677835	73
18.238523051209455	74
18.265801915989353	74
18.293073390577867	74
18.320332851354934	74
18.347576310523632	74
18.374800726726402	74
18.402004251405401	74
18.429186365281392	74
18.456347899529622	74
18.483490947796874	74
18.510618700432211	74
18.537735165066561	75
18.564844841052846	75
18.591952363779999	75
18.619062140825651	75
18.646178004284724	75
18.673302910606637	75
18.700438705797975	75
18.72758600057902	75
18.754744120117934	75
18.781911164476	75
18.809084156897242	76
18.836259304281345	76
18.863432296539578	76
18.890598662739016	76
18.917754144803233	76
18.944895034579968	76
18.97201847083651	76
18.999122680290963	76
19.026207109604094	76
19.05327246153994	76
19.080320639952177	77
19.107354585522231	77
19.134378061998262	77
19.161395338287917	77
19.188410874120706	77
19.215428956937728	77
19.242453386973192	77
19.269487200011817	77
19.296532437492782	77
19.323589990351767	77
19.350659552783704	78
19.37773966019747	78
19.404827818284222	78
19.431920721013384	78
19.459014521899945	78
19.486105161336869	78
19.513188706916619	78
19.540261694425521	78
19.567321372599437	78
19.594365976103138	78
19.621394846139637	79
19.648408512808174	79
19.675408626230954	79
19.702397838597356	79
19.729379602306324	79
19.756357911589426	79
19.783336988818267	79
19.81032096785237	79
19.83731359070104	79
19.864317933174508	79
19.891336175969681	80
19.918369446851582	80
19.945417755532262	80
19.972480014580967	80
19.999554131723443	80
20.026637193646298	80
20.05372572708194	80
20.08081598614184	80
20.10790426749351	80
20.134987221165549	80
20.162062135295852	80
20.189127162458025	81
20.216181478388215	81
20.243225345039768	81
20.270260106738107	81
20.297288081131807	81
20.324312379566717	81
20.351336672866264	81
20.378364906162016	81
20.405401004876911	81
20.432448572599842	81
20.459510616242937	82
20.486589330886353	82
20.513685937197994	82
20.540800596077528	82
20.567932405648378	82
20.595079485528505	82
20.622239139902835	82
20.649408075915147	82
20.676582689391179	82
20.703759357828428	82
20.730934740835341	82
20.758106058051808	83
20.785271316253127	83
20.81242947400473	83
20.839580521689072	83
20.866725483201606	83
20.893866338417002	83
20.921005846507196	83
20.948147334759195	83
20.975294433140231	83
21.002450779191324	83
21.029619734152238	84
21.056804115981194	84
21.084005982764204	84
21.111226459904731	84
21.138465660222742	84
21.165722668252066	84
21.192995608378773	84
21.220281795439643	84
21.24757794888313	84
21.274880449856525	84
21.302185639962129	85
21.329490106354555	85
21.356790955567501	85
21.384086037433246	85
21.41137411041624	85
21.438654931143585	85
21.465929263396589	85
21.493198809655222	85
21.520466009360749	85
21.547733851653962	85
21.575005620278699	86
21.602284617210408	86
21.629573886039136	86
21.656875965250048	86
21.684192680396556	86
21.711524974761733	86
21.738872811886527	86
21.7662351706565	86
21.793610124479624	86
21.820994953867292	86
21.848386375393435	86
21.875780777368746	87
21.903174506805449	87
21.930564148770337	87
21.957946764742154	87
21.985320144730995	87
22.012682923688356	87
22.040034680267048	87
22.067375978734848	87
22.094708267631734	87
22.122033746084558	87
22.149355153564809	88
22.17667554349638	88
22.20399800343057	88
22.231325386157895	88
22.258660071054582	88
22.286003754092636	88
22.313357305721748	88
22.340720684307847	88
22.368092905023524	88
22.39547207117932	88
22.42285555952385	89
22.45024017659426	89
22.477622427156181	89
22.504998767586361	89
22.532365886119571	89
22.55972094372294	89
22.587061800069172	89
22.614387153521722	89
22.64169662923873	89
22.668990783579027	89
22.696271033379908	89
22.723539523041186	90
22.750798932293488	90
22.778052243468974	90
22.805302491792887	90
22.8325524920708	90
22.859804621527068	90
22.887060616236706	90
22.914321420628266	90
22.941587105254833	90
22.968856841045461	90
22.99612897315453	91
23.023401150115589	91
23.050670502493734	91
23.077933860033479	91
23.105188023207823	91
23.132430000581255	91
23.159657251998357	91
23.186867871570417	91
23.214060748686208	91
23.241235643356379	91
23.268393194475255	92
23.295534855457664	92
23.322662783885356	92
23.349779656348375	92
23.37688844477039	92
23.403992191935732	92
23.431093764897863	92
23.45819564115201	92
23.485299719365528	92
23.512407167400557	92
23.539518333934332	93
23.566632737527755	93
23.593749127266342	93
23.620865578906749	93
23.647979666519564	93
23.675088659802238	93
23.702189759234098	93
23.72928032342616	93
23.756358086010131	93
23.783421366741372	93
23.810469192076493	94
23.837501388311686	94
23.864518603448246	94
23.891522267848796	94
23.918514476537915	94
23.945497832767476	94
23.972475252173577	94
23.999449752956448	94
24.026424227278127	94
24.053401238665323	94
24.080382826496727	95
24.107370379301116	95
24.134364552361767	95
24.161365222245884	95
24.188371516675012	95
24.215381905481525	95
24.242394346765668	95
24.269406476472888	95
24.296415804301898	95
24.323419950791777	95
24.350416844402837	95
24.377404897877373	96
24.404383158365295	96
24.431351398020499	96
24.458310134849082	96
24.485260634245208	96
24.512204794904903	96
24.539145024053127	96
24.566084071371762	96
24.593024824765138	96
24.619970104127773	96
24.646922452470591	97
24.673883968934732	97
24.700856158500905	97
24.727839847448628	97
24.754835124792972	97
24.78184135794784	97
24.808857272348359	97
24.835881067489332	97
24.862910579883945	97
24.889943480092644	97
24.916977473097877	97
24.944010499935111	98
24.971040919854836	98
24.998067647193043	98
25.025090271440686	98
25.052109089299975	98
25.079125095952843	98
25.106139914133308	98
25.133155673491455	98
25.160174867153611	98
25.187200153209982	98
25.214234162711968	99
25.241279301756901	99
25.268337577538155	99
25.295410451773513	99
25.32249873800756	99
25.349602544455678	99
25.376721276360708	99
25.403853698158279	99
25.430998043737087	99
25.458152155141569	99
25.485313677126832	100
25.51248024817377	100
25.539649698693093	100
25.566820227399802	100
25.593990556182053	100
25.621160025160155	100
25.648328646546215	100
25.675497113539922	100
25.702666740277699	100
25.729839342016486	100
25.757017094274872	100
25.784202358942188	101
25.811397490911443	101
25.838604645616201	101
25.865825600283092	101
25.893061614742269	101
25.920313322194268	101
25.947580680694788	101
25.97486295684314	101
26.002158777759895	101
26.02946624182038	101
26.056783069446716	102
26.084106761513684	102
26.1114348059746	102
26.138764856023005	102
26.166094925111686	102
26.19342353787513	102
26.220749835601882	102
26.248073614324987	102
26.275395294210401	102
26.3027158963116	102
26.330036926146835	103
26.357360254405894	103
26.38468794149524	103
26.412022042418609	103
26.439364421124971	103
26.466716605780203	103
26.494079622048968	103
26.521453905317365	103
26.548839232342669	103
26.576234724446032	103
26.603638909657811	104
26.631049811649515	104
26.658465080452114	104
26.68588214935933	104
26.713298452163706	104
26.740711589528392	104
26.768119509307752	104
26.795520639645694	104
26.822914010425755	104
26.850299276484805	104
26.877676730275944	105
26.905047263419185	105
26.932412244397003	105
26.959773398183401	105
26.987132629388721	105
27.01449185676913	105
27.041852839723642	105
27.069217002401579	106
27.096585300917386	106
27.123958139048348	106
27.151335330081597	106
27.178716028051404	106
27.206098809051564	106
27.233481765724516	106
27.260862647969713	106
27.288239011415129	106
27.315608407465511	106
27.342968563487464	107
27.37031754347338	107
27.397653883702016	107
27.424976706382417	107
27.452285765558397	107
27.479581432860776	107
27.506864644267502	107
27.534136819325134	107
27.561399729601224	107
27.588655338510932	107
27.615905622502499	108
27.643152414387302	108
27.67039722976396	108
27.69764115569151	108
27.724884744761049	108
27.752127974249341	108
27.779370236792094	108
27.806610382793302	108
27.83384679801943	108
27.861077546016947	108
27.888300529353774	109
27.915513635066887	109
27.942714905423109	109
27.969902705029881	109
27.997075829804128	109
28.024233628916193	109
28.051376031634341	109
28.078503566867337	109
28.105617298161942	109
28.132718752111547	109
28.159809801626661	110
28.186892503702396	110
28.21396893580236	110
28.241041058998299	110
28.268110571359745	110
28.295178778409955	110
28.322246495108953	110
28.349313987866459	110
28.376380990914779	110
28.40344671361024	110
28.430509941559205	111
28.45756913148437	111
28.484622560565636	111
28.511668450555469	111
28.538705165360845	111
28.565731315420074	111
28.592745915269841	111
28.619748462412218	111
28.646738978457652	111
28.67371803667827	111
28.700686734162385	112
28.727646607128246	112
28.754599518240674	112
28.781547547520113	112
28.808492820450702	112
28.835437361118817	112
28.862382980591512	112
28.889331157150181	112
28.916282909285815	112
28.943238762464514	113
28.970198720631178	113
28.997162302958813	113
29.024128575621468	113
29.051096328446516	113
29.078064094584125	113
29.105030326194317	113
29.131993551067808	113
29.158952520104027	113
29.185906299831579	114
29.21285438242478	114
29.239796764221374	114
29.266733923561382	114
29.29366683338197	114
29.320596898953013	114
29.347525851336659	114
29.374455649820071	114
29.401388331776833	114
29.42832588948832	114
29.455270121002911	115
29.48222251093388	115
29.509184146508478	115
29.53615565005893	115
29.563137155864556	115
29.59012831577526	115
29.617128351529889	115
29.644136133761947	115
29.671150294376851	115
29.698169353325419	116
29.725191854927939	116
29.752216503702694	116
29.779242285942249	116
29.806268558923371	116
29.833295129321804	116
29.8603222748314	116
29.887350738438677	116
29.914381673875585	116
29.941416578273824	116
29.968457175689057	117
29.995505294336287	117
30.022562746578291	117
30.049631175713465	117
30.076711948606263	117
30.103806056154774	117
30.13091404462552	117
30.158035983410034	117
30.185171464845197	117
30.212319640604456	117
30.2394793074814	118
30.266649004920101	118
30.293827138856759	118
30.321012109730972	118
30.348202450342288	118
30.375396943566987	118
30.402594718102865	118
30.429795322619306	118
30.456998760614013	118
30.484205480771372	118
30.511416345473627	119
30.538632544749568	119
30.565855509501773	119
30.593086779677012	119
30.620327881009313	119
30.64758018612206	119
30.674844806271977	119
30.702122496390043	119
30.729413570030886	119
30.756717883097533	119
30.784034817099485	120
30.811363327334895	120
30.838702011865248	120
30.866049208167528	120
30.893403134313996	120
30.920761992015539	120
30.948124104316072	120
30.975488035354871	120
31.002852678697963	120
31.030217325277359	120
31.057581717919167	121
31.084946023646214	121
31.112310826602574	121
31.139677036208241	121
31.167045811377346	121
31.194418430268598	121
31.221796164254052	121
31.249180144269499	121
31.276571256339835	121
31.30397004256757	121
31.331376651924892	122
31.358790766077217	122
31.386211627846127	122
31.413638039979499	122
31.441068501990003	122
31.468501262625526	122
31.495934443158269	122
31.523366180576364	122
31.550794737141572	122
31.578218614735707	122
31.605636621607889	123
31.633047992661623	123
31.660452393561584	123
31.687849933139379	123
31.71524110987173	123
31.74262675166997	123
31.770007924799412	123
31.797385812633777	123
31.824761615644206	123
31.852136406811209	123
31.879511029686739	124
31.906886029433227	124
31.934261585037305	124
31.961637407891629	124
31.989012806949901	124
32.016386685092733	124
32.043757639083665	124
32.071124026811354	124
32.098484105571835	124
32.12583613659109	124
32.153178513619316	125
32.180509866640101	125
32.207829191271131	125
32.235135870277666	125
32.262429716193672	125
32.289710964938358	125
32.316980246157925	125
32.344238514689586	125
32.371486967492622	125
32.398726917635166	125
32.425959693334825	125
32.453186528278458	126
32.480408447783212	126
32.50762617641287	126
32.534840077508463	126
32.562050123825017	126
32.589255891209561	126
32.616456604315829	126
32.643651173844589	126
32.670838290806905	126
32.698016560705184	126
32.725184589355841	127
32.752341099814345	127
32.779485060387564	127
32.80661572524707	127
32.833732725817086	127
32.860836087169844	127
32.887926252729471	127
32.915004034174174	127
32.942070542595694	127
32.96912711974408	127
32.99617524584	128
33.023216419035407	128
33.050252057584174	128
33.077283398625603	128
33.104311408105595	128
33.131336716800107	128
33.158359598411472	128
33.185379953252706	128
33.212397345939813	128
33.2394110474375	128
33.266420106738479	129
33.293423458942605	129
33.320420023574748	129
33.347408796958675	129
33.374388969121121	129
33.401359989834575	129
33.428321651142788	129
33.455274091706364	129
33.482217818324656	129
33.509153699824658	129
33.536082899115605	130
33.563006801355833	130
33.589926940274083	130
33.616844885453531	130
33.643762127421056	130
33.670680020413826	130
33.697599683934477	130
33.72452192736057	130
33.751447233162942	130
33.778375740777548	130
33.805307222460819	131
33.832241175181807	131
33.85917687017907	131
33.88611343571705	131
33.913049936073264	131
33.939985502135215	131
33.966919397329576	131
33.993851114346811	131
34.020780419843227	131
34.047707415052592	131
34.074632550960615	132
34.10155658972571	132
34.128480584603807	132
34.155405817707233	132
34.182333715641924	132
34.20926576984202	132
34.236203424050814	132
34.263147985363616	132
34.290100553549742	132
34.317061950544186	132
34.34403268795181	132
34.371012939764633	133
34.39800254643918	133
34.425001050996322	133
34.452007752601169	133
34.479021787638708	133
34.50604221300339	133
34.533068101508164	133
34.560098625767374	133
34.587133143490348	133
34.614171274844068	133
34.641212936181546	134
34.668258355822225	134
34.695308075271548	134
34.722362919150811	134
34.749423942365375	134
34.776492354012859	134
34.803569425049865	134
34.830656404170085	134
34.857754425404764	134
34.884864428515314	134
34.911987087241918	135
34.939122759770861	135
34.966271475163701	135
34.993432937050201	135
35.020606540936249	135
35.047791436062056	135
35.074986595691776	135
35.102190890201925	135
35.129403189134308	135
35.15662244831892	135
35.183847790709336	136
35.211078583979813	136
35.238314466840777	136
35.265555390607837	136
35.292801605480371	136
35.320053638734208	136
35.347312240900621	136
35.374578319998207	136
35.40185284566126	136
35.42913677497701	136
35.456430958964916	137
35.483736070655468	137
35.511052531752249	137
35.538380433288147	137
35.565719542559854	137
35.593069299756756	137
35.620428855728292	137
35.647797108421052	137
35.675172785184429	137
35.702554524385206	137
35.729940959742237	138
35.757330813587281	138
35.784722966400366	138
35.812116546716254	138
35.839510955042272	138
35.866905901989426	138
35.894301416626881	138
35.921697796707761	138
35.949095562773955	138
35.976495385476099	138
36.003898010273339	139
36.031304184838618	139
36.058714547034739	139
36.086129549369382	139
36.113549381596023	139
36.140973995553168	139
36.168403009972764	139
36.195835742889201	139
36.223271245933525	139
36.250708349759712	139
36.278145715771849	140
36.305581904852602	140
36.333015511143692	140
36.360445209307628	140
36.387869854237145	140
36.415288536578039	140
36.442700637111635	140
36.47010583930301	140
36.497504128836191	140
36.524895765980602	140
36.55228124526564	141
36.579661220993451	141
36.607036433173128	141
36.634407622737406	141
36.66177547078388	141
36.689140459160683	141
36.716502849787737	141
36.743862637783359	141
36.771219523173549	141
36.798572913898767	141
36.825921963564426	142
36.853265615079593	142
36.880602676000372	142
36.907931882761496	142
36.93525201287747	142
36.962561962096103	142
36.989860792442606	142
37.017147803839819	142
37.044422577646863	142
37.071684995009001	142
37.098935238651968	143
37.126173762767216	143
37.153401264189398	143
37.180618590054983	143
37.207826674980588	143
37.235026456184237	143
37.262218796202795	143
37.289404405291187	143
37.316583792253219	143
37.343757217511609	143
37.370924654902865	144
37.398085829060513	144
37.425240223872613	144
37.452387125387901	144
37.479525698673918	144
37.506655036569889	144
37.533774251015537	144
37.560882544937883	144
37.587979277989199	144
37.615064041623256	144
37.642136686232625	145
37.669197339542087	145
37.696246390826289	145
37.723284512712624	145
37.750312571610657	145
37.777331592101191	145
37.804342691358976	145
37.831347001114615	145
37.85834558911877	145
37.885339397147469	145
37.912329172468262	146
37.93931544519824	146
37.966298488386471	146
37.993278322522521	146
38.020254738945304	146
38.047227337607367	146
38.074195567112866	146
38.101158808776269	146
38.128116440179681	146
38.155067905521733	146
38.182012763650434	147
38.208950759002654	147
38.235881879665548	147
38.26280636022927	147
38.28972468509911	147
38.316637584509081	147
38.343545983540558	147
38.370450962581202	147
38.39735368692196	147
38.424255353216907	147
38.451157112957084	148
38.478060019829172	148
38.504964923834301	148
38.531872493576337	148
38.558783151342013	148
38.585697077319189	148
38.612614224822515	148
38.639534359932526	148
38.666457072199051	148
38.693381857687974	148
38.720308185832167	149
38.747235563710433	149
38.774163599307805	149
38.801092047978962	149
38.828020857858078	149
38.854950205559987	149
38.881880499167067	149
38.908812365692818	149
38.935746630957212	149
38.962684271965735	149
38.989626353415858	150
39.016573964051716	150
39.043528165551571	150
39.070489937060131	150
39.097460104638536	150
39.124439295040787	150
39.151427908037071	150
39.178426108329084	150
39.20543382698721	150
39.232450786462792	150
39.259476541203455	151
39.286510529002463	151
39.313552131259733	151
39.340600748996245	151
39.367655848756314	151
39.394717025761558	151
39.421784050746382	151
39.448856895836371	151
39.475935759879142	151
39.503021048275478	151
39.530113356687352	152
39.557213426478754	152
39.584322097913102	152
39.611440249090009	152
39.638568727223266	152
39.665708285229812	152
39.692859541915524	152
39.720022918801433	152
39.747198617225401	152
39.774386607799372	152
39.801586617924649	153
39.828798166609225	153
39.856020596167617	153
39.883253130418545	153
39.910494929387085	153
39.937745149073393	153
39.965003006591331	153
39.992267841624503	153
40.019539149432056	153
40.046816624656707	153
40.074100173590075	154
40.101389904063346	154
40.128686105774278	154
40.15598924098353	154
40.183299873746876	154
40.210618572148107	154
40.237945884629816	154
40.265282249865358	154
40.292627982839363	154
40.319983210982514	154
40.34734784690616	155
40.37472157548428	155
40.402103862128286	155
40.429493967882749	155
40.456890995484407	155
40.484293925713068	155
40.511701693588165	155
40.539113235388555	155
40.566527551209788	155
40.593943782406761	155
40.621361224978571	156
40.648779382890943	156
40.676197958294765	156
40.703616857675222	156
40.731036166765996	156
40.758456123237679	156
40.785877044156358	156
40.813299309340067	156
40.84072330371702	156
40.868149312258332	156
40.895577504187152	157
40.923007881394859	157
40.950440248077172	157
40.977874184755493	157
41.005309061529708	157
41.032744083484495	157
41.060178293921474	157
41.087610637843127	157
41.11504001648386	157
41.142465363593885	157
41.169885690209298	158
41.197300131481001	158
41.224707996226499	158
41.252108795670608	158
41.279502261414635	158
41.306888341041869	158
41.334267172378347	158
41.361639036175397	158
41.389004318377509	158
41.416363444961	158
41.443716833627924	159
41.47106483328303	159
41.498407679753392	159
41.525745446511763	159
41.553078032721636	159
41.580405147283784	159
41.607726314431446	159
41.63504089895828	159
41.662348169033237	159
41.689647295068703	159
41.71693741940242	160
41.744217705623605	160
41.771487404469248	160
41.798745897717566	160
41.825992748599433	160
41.853227734900798	160
41.880450831936407	160
41.907662214308402	160
41.93486224999716	160
41.962051446828234	160
41.989230410606318	161
42.01639979626939	161
42.043560272249138	161
42.070712429066184	161
42.097856772745423	161
42.124993657478036	161
42.152123279914008	161
42.179245666976527	161
42.206360666613087	161
42.233467986785854	161
42.26056720834206	161
42.287657827429115	162
42.314739321844634	162
42.341811199105258	162
42.368873025812306	162
42.395924474508725	162
42.422965386296582	162
42.449995776541293	162
42.477015848142521	162
42.504025995514851	162
42.531026780672839	162
42.558018913517877	163
42.585003197763804	163
42.611980490595514	163
42.638951652718646	163
42.665917493666875	163
42.692878729716213	163
42.719835955864752	163
42.746789617108618	163
42.773739989247879	163
42.80068718495626	163
42.827631173972449	164
42.854571802100409	164
42.881508815261213	164
42.908441910328833	164
42.935370791853153	164
42.962295215127583	164
42.989215039275855	164
43.016130238326689	164
43.04304093909316	164
43.069947443683112	164
43.096850221403521	165
43.123749886237505	165
43.150647197913131	165
43.177543015676001	165
43.204438231266892	165
43.231333758789802	165
43.258230470699537	165
43.285129153152802	165
43.312030488558648	165
43.338935031921075	165
43.365843151236454	166
43.392755051843743	166
43.419670797645821	166
43.446590318222036	166
43.473513444538455	166
43.500439944565571	166
43.527369564955343	166
43.554302075481438	166
43.581237313183202	166
43.608175223683588	166
43.635115880379402	167
43.662059510485371	167
43.689006484245077	167
43.715957302290647	167
43.742912600779597	167
43.769873117033221	167
43.796839649236389	167
43.823813002988807	167
43.850793954844214	167
43.877783208619547	167
43.90478135885914	167
43.931788857081202	168
43.958805999443555	168
43.985832916667462	168
44.012869578204437	168
44.039915822349613	168
44.066971366565362	168
44.0940358534287	168
44.121108892094249	168
44.148190099141566	168
44.175279151598019	168
44.202375805516247	169
44.229479938009469	169
44.256591556856051	169
44.283710812368298	169
44.31083798808011	169
44.337973483095816	169
44.365117781966148	169
44.392271434920076	169
44.419435000804029	169
44.446609012277044	169
44.473793930138683	170
44.500990101808668	170
44.528197742040746	170
44.555416901955375	170
44.582647477770699	170
44.60988920554351	170
44.637141676919768	170
44.664404364381838	170
44.691676664077093	170
44.718957924411995	170
44.746247500368568	171
44.773544796239321	171
44.800849288559938	171
44.828160565542348	171
44.855478369465622	171
44.882802580370736	171
44.910133178984445	171
44.937470260037287	171
44.96481399169393	171
44.992164610564899	171
45.019522363658652	172
45.046887476227852	172
45.074260106157347	172
45.101640310838022	172
45.129028024978474	172
45.156423033621891	172
45.183824976329262	172
45.211233341219483	172
45.23864749256343	172
45.26606668891182	172
45.293490116854507	172
45.320916940162824	173
45.348346328909663	173
45.375777498950328	173
45.403209750030214	173
45.430642489092001	173
45.458075239937855	173
45.48550766824161	173
45.512939604486874	173
45.540370990044217	173
45.567801851241562	173
45.595232292602255	174
45.622662437018761	174
45.650092386421122	174
45.677522181750092	174
45.704951783814387	174
45.732381048234721	174
45.75980969110276	174
45.787237290140276	174
45.814663293252501	174
45.842087050490221	174
45.869507818602251	175
45.896924792499298	175
45.924337154332534	175
45.951744103704975	175
45.979144919913395	175
46.0065389824167	175
46.033925766074709	175
46.061304881968802	175
46.088676088453539	175
46.116039266868789	175
46.143394427098471	176
46.170741669689747	176
46.198081169909656	176
46.225413129821085	176
46.252737754465336	176
46.280055210352074	176
46.307365594629431	176
46.334668918608912	176
46.36196510819952	177
46.389253952818613	177
46.416535127925975	177
46.44380820287423	177
46.471072683288149	177
46.49832802041113	177
46.525573668126633	177
46.552809124639303	177
46.580033930750133	177
46.607247717117978	178
46.634450247293785	178
46.661641401922289	178
46.688821188961974	178
46.715989757921129	178
46.743147388718242	178
46.770294438652471	178
46.79743135634871	178
46.824558607458883	178
46.851676669500158	178
46.878785992423815	179
46.905886950506748	179
46.932979858228791	179
46.960064920621619	179
46.987142230055547	179
47.014211783515663	179
47.041273490236534	179
47.068327178663637	179
47.095372612185955	179
47.122409552288559	179
47.149437776049488	180
47.176457108126215	180
47.203467451174774	180
47.230468815293854	180
47.257461321988771	180
47.284445222355309	180
47.311420882933739	180
47.338388770506114	180
47.365349450647606	180
47.39230354321564	181
47.419251718571864	181
47.446194648109326	181
47.473132965928748	181
47.500067264667045	181
47.526998066934226	181
47.553925792698479	181
47.580850750353711	181
47.607773135016167	181
47.63469305425113	181
47.66161054036877	182
47.688525571502183	182
47.715438090245073	182
47.742348041414594	182
47.769255403585603	182
47.796160214154803	182
47.823062563694336	182
47.849962682278424	182
47.8768608770662	182
47.90375756579536	182
47.930653266242686	183
47.957548581687234	183
47.98444416423591	183
48.011340719207027	183
48.038238953014599	183
48.06513954771679	183
48.092043119984908	183
48.118950223049431	183
48.145861332324401	183
48.172776795770332	183
48.199696867907974	184
48.226621698629756	184
48.253551349909117	184
48.280485811815709	184
48.307425036909656	184
48.334368955934181	184
48.36131751618921	184
48.388270698155551	184
48.415228526938812	184
48.442191125736827	184
48.469158718378551	185
48.496131619722505	185
48.523110229554796	185
48.550095027999184	185
48.577086552032412	185
48.604085372080149	185
48.63109206064901	185
48.658107167367312	185
48.685131188977586	185
48.712164545969465	185
48.73920757106977	186
48.766260484557797	186
48.793323400205352	186
48.820396323519816	186
48.84747917097976	186
48.874571785692211	186
48.901673950932604	186
48.928785426526403	186
48.955905973838277	186
48.983035379107079	186
49.010173473018341	187
49.037320156911107	187
49.064475411695987	187
49.091639307565281	187
49.118811998420149	187
49.145993706691222	187
49.173184703558803	187
49.200385292308312	187
49.227595775886876	187
49.254816434340853	187
49.282047499698528	188
49.309289135378258	188
49.336541402573395	188
49.363804264301329	188
49.391077568305931	188
49.41836105452267	188
49.445654372611926	188
49.472957094632605	188
49.500268723815665	188
49.527588754530932	188
49.554916688929616	189
49.582252037620968	189
49.609594347474079	189
49.636943216458803	189
49.664298319488346	189
49.691659426930833	189
49.719026387280927	189
49.746399116288053	189
49.773777588673333	189
49.801161812700862	189
49.828551812844495	190
49.855947595250313	190
49.883349129822086	190
49.910756323426895	190
49.938168991408858	190
49.965586874105348	190
49.993009606303552	190
50.020436725297138	190
50.047867697128808	190
50.075301897756063	190
50.102738650314741	191
50.13017725413318	191
50.157617006675672	191
50.185057247392841	191
50.212497390455994	191
50.239936903713463	191
50.26737533494034	191
50.29481234200675	191
50.322247661244511	191
50.349681099125242	192
50.377112529866352	192
50.404541875564227	192
50.431969089366099	192
50.459394104429023	192
50.486816829900945	192
50.514237122221992	192
50.541654786476307	192
50.569069541027744	192
50.596481020175787	192
50.623888783918296	193
50.651292314987899	193
50.678691065691417	193
50.706084455143063	193
50.733471848716938	193
50.760852655675919	193
50.788226300927768	193
50.815592264352794	193
50.842950110488438	193
50.870299487469993	194
50.897640142373497	194
50.924971920201529	194
50.952294758850272	194
50.97960867227232	194
51.006913729381907	194
51.034210051788918	194
51.061497787774641	194
51.088777046815387	194
51.116047899935936	195
51.143310364429603	195
51.170564394595964	195
51.197809869881006	195
51.225046620599379	195
51.252274416276187	195
51.279492960348435	195
51.306701933434852	195
51.333901018077803	195
51.361089892226858	196
51.388268267997269	196
51.415435936876918	196
51.442592753052068	196
51.469738661571341	196
51.496873700344949	196
51.523997997154481	196
51.55111177391634	196
51.578215323618402	197
51.605308999308541	197
51.632393192587379	197
51.659468299869317	197
51.68653471807032	197
51.713592818238361	197
51.740642918763626	197
51.767685266650794	197
51.794720031853487	198
51.821747323397808	198
51.848767202764058	198
51.875779666550208	198
51.902784677411354	198
51.929782188974201	198
51.956772164833602	198
51.983754592352746	198
52.010729502725923	198
52.03769697968287	198
52.064657190502281	199
52.091610382891488	199
52.118556894546764	199
52.145497131066591	199
52.172431560410502	199
52.199360722505098	199
52.226285184863741	199
52.25320552606113	199
52.280122297357288	199
52.307036020514758	199
52.333947180895372	200
52.360856207259701	200
52.387763451348086	200
52.414669191492067	200
52.441573657639637	200
52.468477017707251	200
52.495379373971218	200
52.52228080874508	200
52.549181411951103	200
52.576081263466698	200
52.602980491736346	201
52.629879253850348	201
52.656777773115081	201
52.683676347417972	201
52.710575359282316	201
52.737475239999966	201
52.764376472778977	201
52.791279593179588	201
52.81818517061199	201
52.845093786668606	201
52.872006004852182	202
52.898922361471065	202
52.925843337056712	202
52.952769350597094	202
52.979700757139071	202
53.006637831953505	202
53.033580779873084	202
53.060529740281694	202
53.087484786577598	202
53.11444595024841	202
53.141413253328444	203
53.168386727455562	203
53.195366413423159	203
53.222352387302422	203
53.24934477165629	203
53.27634374737891	203
53.303349550858684	203
53.330362477265204	203
53.35738287205708	203
53.384411115666126	203
53.411447616493398	204
53.43849278569855	204
53.465547015886862	204
53.492610672686425	204
53.519684069472234	204
53.546767464749372	204
53.573861038499139	204
53.60096489503114	204
53.628079062346785	204
53.655203494707422	204
53.682338084226636	205
53.709482675858638	205
53.736637074865982	205
53.763801092478147	205
53.790974539767795	205
53.818157254547344	205
53.845349112247852	205
53.872550031881168	205
53.899759987808274	205
53.9269790010988	205
53.954207141253235	206
53.981444519532936	206
54.008691263623739	206
54.035947506510844	206
54.06321336587996	206
54.090488923587628	206
54.117774215303491	206
54.145069215632816	206
54.17237382129683	206
54.199687856232373	206
54.227011087897573	207
54.25434319300382	207
54.281683781565469	207
54.309032399836006	207
54.336388561582964	207
54.363751773286687	207
54.391121558308697	207
54.4184974589962	207
54.445879056072954	207
54.473265984931444	207
54.500657936297337	208
54.528054667466563	208
54.555455983543027	208
54.582861730112811	208
54.610271792149661	208
54.63768606503838	208
54.665104434793342	208
54.692526773768918	208
54.719952914228735	208
54.747382618863462	208
54.774815590574079	209
54.802251459548479	209
54.829689771241085	209
54.857130012316055	209
54.884571652926546	209
54.912014102101786	209
54.939456745384661	209
54.966898986991403	209
54.994340240566935	209
55.02177994990528	209
55.049217594718542	210
55.076652737994422	210
55.104085004129374	210
55.131514084348531	210
55.158939724582396	210
55.186361726742788	210
55.213779940376391	210
55.241194246910105	210
55.268604522158135	210
55.296010635280666	210
55.323412423311524	211
55.350809697646838	211
55.37820222508293	211
55.405589717132607	211
55.432971799045497	211
55.460348065608883	211
55.487718040286524	211
55.51508122719251	211
55.542437119408653	211
55.569785215132121	211
55.597125038625144	212
55.62445616638675	212
55.651778237683175	212
55.679090965220901	212
55.706394143072799	212
55.73368767340618	212
55.760971517273902	212
55.788245693763692	212
55.815510259611898	212
55.842765319722702	212
55.870010980983196	213
55.897247359820852	213
55.924474568509503	213
55.95169266814834	213
55.978901670082877	213
56.006101557418411	213
56.033292244521007	213
56.060473587162733	213
56.087645414941413	213
56.114807548333403	213
56.141959780710167	214
56.169101930645311	214
56.196233830955215	214
56.223355363808373	214
56.250466477104794	214
56.277567174488979	214
56.304657553364464	214
56.331737776753535	214
56.358808080678692	214
56.385868766838939	214
56.412920188488002	215
56.439962723803404	215
56.466996744046853	215
56.494022633400213	215
56.521040757043288	215
56.548051445374107	215
56.57505498141213	215
56.602051611225214	215
56.629041521307812	215
56.656024860704356	215
56.683001729883372	216
56.709972188683551	216
56.736936293430396	216
56.763894088286236	216
56.790845651129139	216
56.817791092512564	216
56.844730562016707	216
56.871664267289383	216
56.898592499021497	216
56.925515601659271	216
56.952433973614525	217
56.979348054414324	217
57.006258332244883	217
57.03316533383353	217
57.060069586551847	217
57.086971612520337	217
57.113871914863182	217
57.14077096988985	217
57.16766920251488	217
57.194566967212069	217
57.22146459060405	218
57.248362321809864	218
57.275260378218995	218
57.302158924759432	218
57.329058112331381	218
57.355958070412449	218
57.382858954873079	218
57.409760928022749	218
57.436664187535193	218
57.463568964812637	218
57.490475550402508	219
57.517384298620968	219
57.544295598170748	219
57.57120989101881	219
57.598127649437458	219
57.625049364283555	219
57.651975532107947	219
57.678906647649576	219
57.705843172135481	219
57.732785537138184	219
57.759734119928481	220
57.786689224630187	220
57.813651109468466	220
57.840619981352845	220
57.867595992033394	220
57.894579246299386	220
57.921569812835642	220
57.948567742200972	220
57.975573078225018	220
58.002585869694066	220
58.029606187248703	221
58.05663413181356	221
58.083669839568017	221
58.110713494796592	221
58.137765317453919	221
58.1648255662938	221
58.191894526480787	221
58.218972503979458	221
58.246059814414174	221
58.273156753692056	221
58.300263595121521	222
58.32738057222636	222
58.354507865723328	222
58.381645591036303	222
58.408793799049164	222
58.435952478800914	222
58.463121560935498	222
58.490300926491614	222
58.517490413065694	222
58.544689824854693	222
58.571898956047896	223
58.599117595299035	223
58.626345546850033	223
58.653582645289049	223
58.680828762006172	223
58.708083797229037	223
58.735347696024427	223
58.762620432769722	223
58.789902006584448	223
58.817192439399768	223
58.844491753994724	224
58.871799954626788	224
58.899117044208715	224
58.926442976913535	224
58.953777636219257	224
58.981120846281378	224
59.008472349724293	224
59.035831831234439	224
59.063198927743791	224
59.090573223672713	224
59.117954262796587	225
59.145341566410508	225
59.172734647761743	225
59.200133033196906	225
59.227536271068935	225
59.254943939175256	225
59.282355666376837	225
59.309771113198451	226
59.337190001491088	226
59.364612089956758	226
59.392037163143605	226
59.419465042564703	226
59.446895549198381	226
59.474328486487394	226
59.501763624384964	226
59.52920071253488	226
59.556639469959819	226
59.584079577206118	227
59.611520641848138	227
59.638962229658937	227
59.666403863853247	227
59.693845026512278	227
59.721285156472391	227
59.74872369668546	227
59.776160088805014	227
59.803593807499148	227
59.831024344403261	227
59.858451235652133	228
59.885874071274458	228
59.913292511656195	228
59.940706264766924	228
59.968115088852649	228
59.99551878950674	228
60.022917202145933	228
60.050310198944899	228
60.077697663588282	228
60.105079444435653	228
60.132455377989672	229
60.159825254920527	229
60.187188815422573	229
60.214545768225165	229
60.241895769880195	229
60.269238446104772	229
60.296573399267011	229
60.323900223007193	229
60.351218515555296	229
60.378527890994718	229
60.405828014268998	230
60.433118615266771	230
60.460399448238363	230
60.487670332527799	230
60.514931150231085	230
60.542181848473838	230
60.569422427036336	230
60.596652955651422	230
60.623873537935992	230
60.651084283915623	230
60.678285322156391	231
60.705476785239526	231
60.732658763701941	231
60.759831320403642	231
60.786994504796127	231
60.81414831257301	231
60.841292717133612	231
60.868427652536532	231
60.895553030133001	231
60.922668759769081	231
60.94977474773097	232
60.976870926333078	232
61.003957258563254	232
61.031033745708314	232
61.058100449429666	232
61.085157490782315	232
61.112205047469594	232
61.139243337065459	232
61.166272627609345	232
61.193293236948378	233
61.220305525276743	233
61.247309858341389	233
61.27430661351319	233
61.301296163517534	233
61.328278869917284	233
61.355255059537157	233
61.382225019990493	233
61.409188994461317	233
61.436147193054644	233
61.463099794409729	234
61.490046959388614	234
61.516988819582323	234
61.543925497289436	234
61.570857149989763	234
61.597783945224414	234
61.624706080037917	234
61.651623772596153	234
61.678537292164741	234
61.705446964636195	234
61.732353161313306	235
61.75925629383525	235
61.786156809149055	235
61.813055190268443	235
61.839951936612536	235
61.866847520490204	235
61.893742419215201	235
61.920637094033786	235
61.947531961092757	235
61.974427412496858	236
62.00132378163822	236
62.028221360931738	236
62.055120413920406	236
62.082021174858518	236
62.10892384484869	236
62.135828600160153	236
62.162735617621884	236
62.189645098762739	236
62.216557256173715	236
62.243472322102747	237
62.27039056837549	237
62.297312296109268	237
62.324237845332654	237
62.351167593043655	237
62.378101938244313	237
62.405041304733892	237
62.431986123704625	237
62.458936804788479	237
62.485893747823241	237
62.512857334459866	238
62.539827923736667	238
62.566805823953565	238
62.593791297237232	238
62.620784555353495	238
62.647785768497535	238
62.674795060230011	238
62.701812521125056	238
62.72883821593247	238
62.755872191937399	238
62.78291449993786	239
62.809965192821203	239
62.837024337247662	239
62.864092027361622	239
62.891168383371294	239
62.918253565325692	239
62.945347751477563	239
62.972451144130702	239
62.999563963147082	239
63.026686426449103	240
63.05381874547404	240
63.080961112066497	240
63.108113679113103	240
63.135276576937208	240
63.162449884528129	240
63.189633627588044	240
63.216827779523442	240
63.244032260219385	241
63.271246942520662	241
63.298471657842981	241
63.325706210403453	241
63.352950391906894	241
63.380203979177224	241
63.407466754592598	241
63.434738512403392	241
63.46201906361447	241
63.489308247476963	241
63.516605930954526	242
63.543912000000603	242
63.571226379390644	242
63.59854902113932	242
63.625879839326217	242
63.653218756193191	242
63.680565643439095	242
63.707920354378679	242
63.735282706184655	242
63.762652480794188	242
63.790029405551685	243
63.817413162424707	243
63.844803387557768	243
63.872199676737381	243
63.899601609083852	243
63.927008731912863	243
63.954420584613345	243
63.98183670821048	243
64.00925666464488	243
64.036680029520696	243
64.064106404970971	244
64.091535441144742	244
64.118966797649733	244
64.14640016197086	244
64.173835247481378	244
64.20127178030215	244
64.228709500670092	244
64.256148176035254	244
64.283587538485918	244
64.311027303745107	244
64.338467179893541	245
64.365906837121457	245
64.393345892936495	245
64.420783924297979	245
64.448220497696653	245
64.475655150046336	245
64.503087397139268	245
64.530516740553423	245
64.557942681249202	245
64.585364750543107	245
64.612782503907027	246
64.640195522152055	246
64.667603428018538	246
64.695005879053483	246
64.722402591637561	246
64.749793329803666	246
64.77717788239471	246
64.804556053186914	246
64.831927675671736	246
64.859292563520995	246
64.886650539760979	247
64.914001415363288	247
64.941344984843681	247
64.968681021072129	247
64.996009278204625	247
65.023329492974597	247
65.050641383410849	247
65.077944669229623	247
65.105239092212642	247
65.132524377972331	247
65.159800264241412	248
65.187066503559066	248
65.214322894385589	248
65.241569259389777	248
65.268805482976333	248
65.296031511279978	248
65.323247309753782	248
65.350452887053677	248
65.377648307370578	248
65.404833644942613	248
65.432008984164398	249
65.459174434302867	249
65.486330113325977	249
65.513476120039627	249
65.540612553443694	249
65.567739485561148	249
65.5948569739692	249
65.621965065751098	249
65.649063786863294	249
65.676153166509053	249
65.703233225200918	250
65.730303992816602	250
65.757365517410847	250
65.784417865979307	250
65.811461129862295	250
65.838495412266241	250
65.865520864434941	250
65.892537689464262	250
65.919546116723993	250
65.946546411517815	250
65.973538877200966	251
66.000523842818183	251
66.027501654624743	251
66.054472662171449	251
66.081437200261504	251
66.108395611277146	251
66.135348207507292	251
66.16229529857705	251
66.189237168041089	251
66.216174076474417	251
66.243106272571652	252
66.270033998846571	252
66.296957483835342	252
66.323876942826914	252
66.350792586956459	252
66.377704644594786	252
66.404613370275257	252
66.431519034251721	252
66.458421930849156	252
66.485322394268209	252
66.512220793343644	253
66.539117504787015	253
66.566012921961033	253
66.592907476724946	253
66.619801587284087	253
66.64669568977196	253
66.673590197602238	253
66.700485519340347	253
66.727382044383802	253
66.754280159958512	253
66.781180205544871	254
66.808082494822671	254
66.834987314949686	254
66.861894936718869	254
66.88880561585465	254
66.915719587566741	254
66.942637090536564	254
66.969558355047752	254
66.996483614514744	254
67.02341312125111	255
67.0503471405695	255
67.077285954808815	255
67.104229866761671	255
67.131179192541296	255
67.158134247028713	255
67.185095368494132	255
67.212062909491195	255
67.239037215689109	255
67.266018621097089	255
67.293007444048712	256
67.320003976735237	256
67.347008484016129	256
67.374021194350249	256
67.401042307288265	256
67.42807198567165	256
67.455110359709778	256
67.482157537282589	256
67.509213598622878	256
67.536278612811969	257
67.563352638005782	257
67.590435739117183	257
67.61752798295592	257
67.644629443326167	257
67.671740206864513	257
67.698860371552641	257
67.72599004608945	257
67.753129344726503	257
67.780278378482421	257
67.807437266492599	258
67.834606117332555	258
67.861785026563155	258
67.888974067005321	258
67.91617327657471	258
67.943382667048098	258
67.970602208757427	258
67.997831833098388	258
68.025071445092195	258
68.052320910385944	258
68.079580061778657	259
68.10684871354141	259
68.134126656192024	259
68.161413671421613	259
68.188709540260945	259
68.216014043314033	259
68.243326967775758	259
68.270648133715909	259
68.297977354093874	259
68.325314443326675	259
68.352659210264392	260
68.380011460769111	260
68.407370999466082	260
68.434737638195514	260
68.462111168362526	260
68.489491362039544	260
68.51687796988773	260
68.544270716595861	260
68.571669309307183	260
68.59907342141986	260
68.626482696606033	261
68.653896764290934	261
68.681315224419009	261
68.708737669277838	261
68.736163685787744	261
68.76359285303225	261
68.791024746406393	261
68.818458959509584	261
68.845895083026107	261
68.873332709521307	261
68.900771454295821	262
68.928210980655024	262
68.955650956019255	262
68.983091048113153	262
69.010530947909785	262
69.037970352538068	262
69.065408939283259	262
69.092846378834139	262
69.120282335561058	262
69.147716464274779	262
69.175148405684681	263
69.202577777013232	263
69.230004181081839	263
69.257427215327169	263
69.284846475493737	263
69.31226155378242	263
69.33967204230332	263
69.367077543563596	263
69.394477676542039	263
69.421872100025723	263
69.449260491528833	264
69.476642523110556	264
69.504017913734231	264
69.531386384729501	264
69.558747674912709	264
69.586101554788527	264
69.613447801668968	264
69.64078620786087	264
69.668116577042468	264
69.69543872475478	264
69.722752468935482	265
69.75005762847502	265
69.777354044200777	265
69.804641567026508	265
69.831920018229738	265
69.859189222590956	265
69.886449010754859	265
69.913699218493008	265
69.940939694330353	265
69.968170321877423	266
69.995390989538166	266
70.022601602714431	266
70.049802103882925	266
70.076992457471391	266
70.104172635553439	266
70.131342643009987	266
70.158502525082795	266
70.185652335391168	266
70.212792158811936	266
70.239922083817405	267
70.267042209551562	267
70.294152654189261	267
70.321253528490331	267
70.348344964619741	267
70.375427086822469	267
70.402500022139407	267
70.429563904288102	267
70.456618868044075	267
70.483665046457048	267
70.510702560057453	268
70.537731540658783	268
70.564752134083236	268
70.591764503883255	268
70.618768819354912	268
70.645765280913466	268
70.672754104405541	268
70.699735534171865	268
70.726709830183225	268
70.753677259101863	268
70.780638109673305	269
70.807592677614906	269
70.834541279186368	269
70.861484240645723	269
70.888421883543757	269
70.915354525295299	269
70.942282510979197	269
70.969206165269767	269
70.996125805577492	269
71.023041727326856	269
71.049954227523344	270
71.076863609044267	270
71.103770162827118	270
71.130674176590148	270
71.157575945214717	270
71.184475771982491	270
71.211373966423253	270
71.238270823355066	270
71.265166676641954	270
71.292061852531717	270
71.318956697888723	271
71.345851563895806	271
71.372746815325925	271
71.39964280804061	271
71.42653992569474	271
71.453438541792607	271
71.480339032314632	271
71.507241750429444	271
71.53414705357352	271
71.561055295439289	271
71.587966808070334	272
71.614881909537672	272
71.641800909451263	272
71.668724095648173	272
71.6956517455246	272
71.722584128017985	272
71.749521504552533	272
71.776464133254507	272
71.803412266466793	273
71.830366140456803	273
71.857326000411945	273
71.88429210457123	273
71.911264719030015	273
71.93824411076028	273
71.965230545056826	273
71.992224286813482	273
72.019225603657887	273
72.046234748807919	273
72.07325196971513	274
72.100277497170339	274
72.127311547389354	274
72.154354322619398	274
72.181405997569286	274
72.208466729098944	274
72.235536651127674	274
72.262615879622871	274
72.289704521969313	274
72.316802661592192	274
72.343910369529496	275
72.371027707848114	275
72.398154724439649	275
72.425291459603784	275
72.452437947825572	275
72.479594214802034	275
72.506760295124607	275
72.533936218158203	275
72.561122006029933	275
72.588317673282504	275
72.615523227173995	276
72.642738659991949	276
72.669963950946013	276
72.697199064929436	276
72.724443956237494	276
72.751698548650666	276
72.778962747226046	276
72.806236432252632	276
72.833519460126396	276
72.860811668557204	276
72.888112875506593	277
72.915422875766339	277
72.942741470892756	277
72.970068455135376	277
72.997403575498467	277
73.02474658455894	277
73.052097201340899	277
73.079455151230746	277
73.106820162420775	277
73.134191963815454	277
73.161570276716162	278
73.188954825270088	278
73.216345330009375	278
73.243741507862808	278
73.271143080694713	278
73.298549753824531	278
73.325961231708959	278
73.353377192709303	278
73.380797323558127	278
73.408221288081492	278
73.435648729407532	279
73.463079296015479	279
73.490512606436212	279
73.517948261132432	279
73.545385840412976	279
73.57282492829755	279
73.600265113796056	279
73.62770600222504	279
73.655147180798636	279
73.682588246107201	279
73.710028816287249	280
73.737468512754631	280
73.764906948861068	280
73.792343753562932	280
73.819778572254094	280
73.847211065334932	280
73.874640887356918	280
73.902067697192209	280
73.929491155642054	280
73.956910939047418	280
73.984326721196155	281
74.01173816542638	281
74.039144943263523	281
74.066546714756285	281
74.093943160836986	281
74.121333966619275	281
74.148718794046474	281
74.176097314252118	281
74.203469200778471	281
74.230834118884616	281
74.258191753360634	282
74.285541797986241	282
74.312883969569967	282
74.340217999739153	282
74.367543647710804	282
74.394860698676894	282
74.422168955951705	282
74.449468261335625	282
74.476758501868105	282
74.504039549112321	282
74.531311291647256	283
74.558573626099147	283
74.585826465525514	283
74.613069718578359	283
74.640303322499491	283
74.667527225011312	283
74.694741351328375	283
74.72194563902174	283
74.749140044245706	283
74.776324505914587	284
74.803498968817649	284
74.830663408351612	284
74.857817802543394	284
74.884962151164913	284
74.912096468582988	284
74.939220787831459	284
74.966335170338027	284
74.9934396984263	284
75.020534482033426	284
75.047619655142498	284
75.074695369351261	285
75.10176179857028	285
75.128819134770509	285
75.155867581078212	285
75.182907334639751	285
75.209938583271821	285
75.236961528036787	285
75.263976384654825	285
75.29098335285498	285
75.317982634778247	286
75.344974435019296	286
75.371958969108505	286
75.398936449738613	286
75.425907089779486	286
75.452871100203097	286
75.479828712236269	286
75.50678016668158	286
75.533725729487585	286
75.560665671127595	286
75.587600272618204	287
75.614529855764459	287
75.641454752880634	287
75.668375306396754	287
75.695291853676721	287
75.722204739774682	287
75.749114325394117	287
75.776020970685721	287
75.802925031396157	287
75.82982685408993	287
75.85672679719049	288
75.883625209052482	288
75.910522404610873	288
75.937418700727136	288
75.964314414659853	288
75.991209845277339	288
76.018105305711742	288
76.045001088679967	288
76.071897492434445	288
76.098794827306165	289
76.125693419866394	289
76.152593589831483	289
76.179495660892073	289
76.206399968961364	289
76.233306864105501	289
76.260216705317632	289
76.287129843207424	289
76.314046635554206	289
76.340967428854853	289
76.367892565099609	290
76.394822380873165	290
76.421757195512484	290
76.448697317137771	290
76.475643040648905	290
76.502594632170656	290
76.529552338553657	290
76.556516398445154	290
76.583487054827231	290
76.610464529109009	290
76.63744903696174	291
76.664440785241254	291
76.691439979853044	291
76.718446821427847	291
76.745461509788626	291
76.772484246282062	291
76.799515226999887	291
76.82655465050351	291
76.85360271143044	291
76.880659595472181	292
76.907725486766452	292
76.934800557853663	292
76.961884977617601	292
76.988978895269184	292
77.016082443317174	292
77.043195737373168	292
77.07031886818919	292
77.097451904675609	292
77.124594895487732	293
77.151747855178286	293
77.178910797973302	293
77.206083712976096	293
77.233266575769193	293
77.260459349805402	293
77.287661985203741	293
77.314874425975219	293
77.34209660698771	293
77.36932845784122	293
77.396569913107655	294
77.42382089690669	294
77.451081328981076	294
77.478351120913217	294
77.505630174947157	294
77.532918383465855	294
77.560215626839451	294
77.587521766483675	294
77.614836654977935	294
77.642160143868793	294
77.669492028601198	295
77.696832090462991	295
77.724180064467063	295
77.751535668626374	295
77.77889860413184	295
77.806268568192252	295
77.83364523671932	295
77.861028276582971	295
77.888417353076264	295
77.915812127174021	295
77.943212277126179	295
77.970617471652176	296
77.998027386742223	296
78.025441709074755	296
78.052860128772394	296
78.080282335013919	296
78.107708017866287	296
78.135136877630373	296
78.162568585406973	296
78.190002804248607	296
78.217439184304467	297
78.244877353705547	297
78.27231692811624	297
78.299757538117518	297
78.327198779082551	297
78.354640237363711	297
78.382081506205481	297
78.409522172427216	297
78.436961805063333	297
78.464399966183976	297
78.491836249994449	298
78.519270255831756	298
78.546701593252507	298
78.574129884120836	298
78.601554762709029	298
78.62897589142041	298
78.656392953276438	298
78.683805638337745	298
78.711213647789151	298
78.738616687493945	298
78.766014484636813	299
78.793406774776599	299
78.820793287351009	299
78.848173729403527	299
78.875547817240047	299
78.902915236886756	299
78.930275671588134	299
78.957628811798614	299
78.98497433841257	299
79.012311943862557	299
79.039641330812373	300
79.066962225385126	300
79.094274369766154	300
79.121577539683273	300
79.148871563692012	300
79.176156284088549	300
79.203431563882205	300
79.230697283124869	300
79.257953360651968	300
79.28519972628547	300
79.312436338096404	300
79.339663187237463	301
79.366880252894319	301
79.394087517801893	301
79.421284986528178	301
79.448472647138516	301
79.475650471861201	301
79.502818444791146	301
79.529976559677735	301
79.557124796838465	301
79.584263149610749	302
79.611391611850323	302
79.638510189350001	302
79.665618915619916	302
79.692717833116362	302
79.719807024738586	302
79.74688659009125	302
79.773956663265324	302
79.801017408169912	302
79.828069014270426	302
79.855111686826405	302
79.88214563038737	303
79.909171074549249	303
79.936188267836641	303
79.96319745949323	303
79.990198897713796	303
80.017192837426578	303
80.044179528376574	303
80.071159220290824	303
80.098132150622959	303
80.125098537121943	303
80.152058608113592	304
80.179012574397987	304
80.20596066677976	304
80.232903119575923	304
80.259840172789268	304
80.286772079713714	304
80.313699128677456	304
80.340621617223107	304
80.367539855402029	304
80.394454159758027	305
80.421364871417254	305
80.448272355592394	305
80.475176979285848	305
80.50207911808225	305
80.528979156895673	305
80.555877487844654	305
80.582774485740615	305
80.609670506297292	305
80.636565916468996	305
80.663461049095318	306
80.690356240434255	306
80.717251795515224	306
80.744148016988902	306
80.771045195839875	306
80.79794363858521	306
80.824843628354941	306
80.85174545258937	306
80.878649399978244	306
80.905555773435765	306
80.93246488897212	307
80.959377064195934	307
80.98629263079728	307
81.013211929348103	307
81.040135297260775	307
81.067063082235947	307
81.093995633461446	307
81.120933288943945	307
81.147876386081037	307
81.174825243945577	308
81.201780154164055	308
81.228741399887014	308
81.255709256464087	308
81.28268397788122	308
81.309665797395866	308
81.336654929528223	308
81.363651571649967	308
81.390655909929464	308
81.417668115315294	309
81.444688353928001	309
81.471716785568589	309
81.498753563586448	309
81.525798848139971	309
81.552852796363396	309
81.579915566603034	309
81.606987318123728	309
81.634068216657937	309
81.661158426651184	309
81.688258102740221	310
81.715367392574962	310
81.742486431721773	310
81.769615335802143	310
81.796754198958411	310
81.823903086800513	310
81.85106204675337	310
81.878231101588227	310
81.905410251538001	310
81.932599471123041	311
81.959798706848318	311
81.987007890082225	311
82.014226930420591	311
82.041455726328394	311
82.068694173199816	311
82.095942161212704	311
82.123199569115712	311
82.15046628303574	311
82.1777421820576	311
82.205027144104434	312
82.232321050599325	312
82.259623776968084	312
82.286935189009839	312
82.314255167094927	312
82.34158356273997	312
82.368920197890134	312
82.396264865277217	312
82.42361732450162	312
82.450977313384826	312
82.478344559122306	313
82.505718758753588	313
82.533099587613791	313
82.560486706162663	313
82.587879761239478	313
82.615278400045312	313
82.642682263192043	313
82.670090985799945	313
82.697504217144285	313
82.724921600171669	313
82.752342798173416	314
82.779767481557059	314
82.807195318003693	314
82.834625985821631	314
82.862059169331076	314
82.889494535429762	314
82.916931732986669	314
82.944370413950054	314
82.971810243662858	314
82.99925087506972	314
83.0266919307508	315
83.054133032090405	315
83.08157379215541	315
83.109013800427874	315
83.136452631708877	315
83.163889860857367	315
83.191325064599951	315
83.218757830094276	315
83.246187740342961	315
83.273614388116101	315
83.301037388353421	316
83.328456381027493	316
83.355871023348996	316
83.383280987571737	316
83.410685964967783	316
83.438085662216039	316
83.465479823510435	316
83.492868204369856	316
83.520250531757029	316
83.54762655815486	316
83.574996012389221	317
83.60235861371639	317
83.629714089326484	317
83.657062149313006	317
83.684402506518637	317
83.711734873856784	317
83.739058973904136	317
83.766374538266362	317
83.793681310344112	317
83.820979071647855	317
83.848267641329613	317
83.875546831175299	318
83.902816484828861	318
83.930076470384861	318
83.957326685837089	318
83.98456705314814	318
84.011797540725681	318
84.039018127752357	318
84.066228800243493	318
84.093429567185993	318
84.120620451420436	318
84.147801456959613	319
84.174972594202288	319
84.202133891248607	319
84.22928535892008	319
84.256427024261697	319
84.283558900540783	319
84.310681001801498	319
84.337793358204138	319
84.364896000751415	319
84.391988987670771	319
84.419072389945441	320
84.446146298763367	320
84.473210836318273	320
84.500266150438804	320
84.527312410430127	320
84.554349793089315	320
84.58137849741837	320
84.608398747178597	320
84.635410789653179	320
84.662414873524014	320
84.689411265112867	321
84.716400234099609	321
84.743382056401018	321
84.770357004536748	321
84.79732533667331	321
84.824287305322954	321
84.851243158289066	321
84.878193143903985	321
84.905137513632098	321
84.932076508251313	321
84.959010367950015	321
84.985939366787974	322
85.012863775219898	322
85.03978387575647	322
85.066699947571621	322
85.093612294864883	322
85.120521247048544	322
85.147427142063435	322
85.174330330398334	322
85.201231179847312	322
85.228130069360489	322
85.255027386441824	323
85.281923492843958	323
85.308818773182367	323
85.335713597036047	323
85.362608324535771	323
85.389503308635895	323
85.416398883757267	323
85.443295367031709	323
85.470193080009238	323
85.497092331736567	323
85.523993423404477	324
85.550896636057146	324
85.577802256930809	324
85.604710588245908	324
85.631621923097555	324
85.658536558694792	324
85.685454803552759	324
85.712376970532446	324
85.739303375342587	324
85.766234343495199	324
85.793170201895308	325
85.820111282600934	325
85.847057911347036	325
85.874010391702782	325
85.900969023200901	325
85.927934104138387	325
85.954905926689733	325
85.981884758067423	325
86.008870847867115	325
86.035864425152823	325
86.062865704916447	326
86.089874877967404	326
86.116892123405265	326
86.14391760330588	326
86.170951466492269	326
86.197993860924285	326
86.225044922833064	326
86.252104785573309	326
86.27917358170113	326
86.306251444103424	326
86.333338515759223	326
86.360434930832781	327
86.387540823123871	327
86.414656324643801	327
86.441781553684478	327
86.468916616816799	327
86.49606160728915	327
86.523216591232526	327
86.550381629391865	327
86.577556757668148	327
86.604741983611959	327
86.631937291592735	328
86.659142639727463	328
86.686357961503589	328
86.713583171004672	328
86.740818164070902	328
86.768062831568798	328
86.795317045156125	328
86.822580668070032	328
86.849853558534164	328
86.877135568479034	328
86.904426550364121	328
86.931726356456366	329
86.959034829975323	329
86.98635183400161	329
87.013677230348733	329
87.041010835611985	329
87.068352468358171	329
87.095701902774437	329
87.123058905330694	329
87.150423227678274	329
87.17779460660509	329
87.205172749662452	330
87.232557351425626	330
87.25994808533504	330
87.287344608277976	330
87.314746579022625	330
87.342153635181361	330
87.369565416581835	330
87.396981552036621	330
87.424401686552628	330
87.451825461189983	330
87.479252513217943	331
87.506682507883212	331
87.53411509303443	331
87.561549916187801	331
87.588986618294385	331
87.616424848723824	331
87.643864259490314	331
87.671304519819074	331
87.698745269927144	331
87.726186143522511	331
87.753626782367306	332
87.781066813784705	332
87.80850583789136	332
87.835943449197671	332
87.86337925017223	332
87.89081284061308	332
87.918243812652648	332
87.945671759866812	332
87.973096279077637	332
88.000516995314825	332
88.027933542577017	332
88.055345561612711	333
88.082752719173826	333
88.110154687705673	333
88.137551174785088	333
88.164941908666904	333
88.192326611978672	333
88.219705016380217	333
88.247076861635975	333
88.274441871135494	333
88.301799778985469	333
88.329150316707242	334
88.356493222139932	334
88.383828229072336	334
88.41115508286876	334
88.438473534802853	334
88.465783341721462	334
88.4930842880527	334
88.520376196813316	334
88.547658878139373	334
88.57493216290051	334
88.602195894016788	335
88.629449946994882	335
88.656694207353951	335
88.683928604660323	335
88.711153099681297	335
88.738367645886015	335
88.765572222121946	335
88.792766836214938	335
88.81995148705083	335
88.847126178476913	335
88.874290939618305	336
88.901445798948146	336
88.928590788743961	336
88.955725946364623	336
88.982851307943449	336
89.009966920527461	336
89.037072841194856	336
89.064169135261963	336
89.091255885666669	336
89.118333186528034	336
89.14540115076781	337
89.172459913752562	337
89.199509628695594	337
89.226550459159043	337
89.253582569186108	337
89.280606151426298	337
89.30762142949564	337
89.334628627010318	337
89.361627982466288	337
89.388619749488697	337
89.415604195627537	338
89.442581590696378	338
89.469552202435565	338
89.496516286163043	338
89.523474111685886	338
89.550425939691834	338
89.577372043800239	338
89.604312686034703	338
89.631248127856054	338
89.658178651840188	338
89.685104546293303	339
89.712026101774839	339
89.738943603960152	339
89.765857343649145	339
89.79276763378563	339
89.819674797713546	339
89.846579165407888	339
89.873481072441336	339
89.9003808828855	339
89.927278962520703	339
89.954175662014904	340
89.981071337162206	340
90.007966358335466	340
90.034861075452184	340
90.061755853041376	340
90.088651027595958	340
90.115546936210734	340
90.142443912870803	340
90.169342301406616	340
90.196242416194153	340
90.22314456735532	341
90.250049062044184	341
90.2769562053914	341
90.30386630956545	341
90.330779677958617	341
90.357696618895716	341
90.384617434407616	341
90.411542427436004	341
90.438471908717943	341
90.465406185483786	341
90.492345565594007	342
90.519290360313974	342
90.54624086626103	342
90.573197364431152	342
90.600160141128541	342
90.627129487309645	342
90.654105674612225	342
90.681088965264749	342
90.708079606147152	342
90.73507783036635	343
90.762083855202732	343
90.789097881874824	343
90.816120100914617	343
90.843150684526861	343
90.8701897938125	343
90.897237582750435	343
90.924294189145897	343
90.951359750356843	343
90.97843439361155	343
91.005518251226675	343
91.032611445500265	344
91.059714093101618	344
91.086826310441353	344
91.113948200946638	344
91.14107985990438	344
91.168221370753216	344
91.195372792096535	344
91.222534185903697	344
91.249705589801465	344
91.276887026190877	345
91.304078498403157	345
91.331279984785112	345
91.358491447296004	345
91.385712825945902	345
91.412944039419585	345
91.440185000415383	345
91.467435600029717	345
91.494695717189458	345
91.521965218725029	345
91.549243960538661	345
91.576531791408485	346
91.603828555759648	346
91.631134088719733	346
91.658448225379161	346
91.685770814736259	346
91.713101667187502	346
91.740440588829273	346
91.767787351029185	346
91.7951417151274	346
91.822503425659036	346
91.849872228452483	347
91.877247844234276	347
91.904629977842603	347
91.932018322569263	347
91.959412556470951	347
91.986812359934859	347
92.014217391751671	347
92.041627305685722	347
92.06904175700717	347
92.096460393182852	347
92.123882858942764	348
92.151308802369357	348
92.178737876270077	348
92.20616971567128	348
92.233603961357588	348
92.261040247673108	348
92.288478199653525	348
92.315917439759261	348
92.343357623224762	348
92.370798380786155	348
92.398239338825746	349
92.425680133048417	349
92.45312039536276	349
92.480559738072273	349
92.507997762620036	349
92.535434085673543	349
92.562868320505842	349
92.590300080803459	349
92.617728974870488	349
92.645154615585909	349
92.672576630899428	350
92.699994662448162	350
92.727408357085807	350
92.754817369201689	350
92.782221364617399	350
92.809620032002741	350
92.837013082540395	350
92.864400232710253	350
92.891781184907643	350
92.919155665249477	350
92.946523382410902	351
92.973884051818459	351
93.001237400037169	351
93.02858315213328	351
93.05592104120619	351
93.083250809710592	351
93.110572215873276	351
93.137885026779173	351
93.16518902696744	351
93.192484040231506	352
93.219769904537955	352
93.247046459393459	352
93.274313553544943	352
93.301571065164495	352
93.328818882358703	352
93.356056917845919	352
93.38328512070197	352
93.410503437461941	352
93.43771182469952	352
93.464910271500884	353
93.492098764298646	353
93.519277283060106	353
93.546445829473811	353
93.573604427255319	353
93.600753091888123	353
93.627891857914051	353
93.65502075780779	353
93.682139835291622	353
93.709249155149976	353
93.736348780741125	353
93.763438808996995	354
93.79051933992082	354
93.817590497340518	354
93.84465242570721	354
93.871705286000093	354
93.898749246830235	354
93.92578447432507	354
93.952811159757957	354
93.979829510062984	354
94.006839742975288	354
94.03384208098413	355
94.060836764930059	355
94.087824037752057	355
94.114804156563267	355
94.141777375062304	355
94.168743938995988	355
94.195704106339022	355
94.222658126577372	355
94.2496062656368	355
94.276548794877215	355
94.303485984841316	356
94.33041811007503	356
94.357345476111846	356
94.384268384507692	356
94.411187139802621	356
94.438102042043568	356
94.465013409037766	356
94.491921575587114	356
94.518826874842347	356
94.545729644457438	356
94.572630231847043	357
94.599528996315527	357
94.626426290664554	357
94.653322452665321	357
94.680217842254137	357
94.707112796632899	357
94.734007666367006	357
94.760902779781773	357
94.787798471603452	357
94.814695063901624	358
94.841592896542465	358
94.868492288256547	358
94.895393560262619	358
94.922297022849406	358
94.949202994162349	358
94.976111802701269	358
95.003023763450898	358
95.02993919645418	358
95.056858421087043	358
95.083781750289631	359
95.110709497487576	359
95.137641978378497	359
95.164579497265521	359
95.191522362082139	359
95.21847086944679	359
95.245425292748735	359
95.272385908486584	359
95.299352991944147	359
95.326326807346575	359
95.353307608850301	360
95.380295636689226	360
95.407291121204224	360
95.434294283733493	360
95.461305329193209	360
95.488324453306646	360
95.515351842658774	360
95.542387669988443	360
95.569432106054677	360
95.596485307856582	360
95.623547426781101	361
95.650618605154307	361
95.677698981310911	361
95.704788693814749	361
95.731887864703864	361
95.758996610147321	361
95.786115036295286	361
95.813243236038062	361
95.840381285790173	361
95.867529243743149	361
95.894687157755342	362
95.921855060156886	362
95.949032969923834	362
95.976220886062976	362
96.003418786623314	362
96.030626636175128	362
96.057844377582612	362
96.085071939939454	362
96.112309243942931	362
96.13955620149089	362
96.166812702854514	363
96.194078634566125	363
96.221353869672399	363
96.24863826954234	363
96.275931692897743	363
96.303233988262335	363
96.330544989119971	363
96.357864543096483	363
96.385192479638562	363
96.412528593010521	363
96.439872664812114	364
96.467224443162948	364
96.494583667522988	364
96.521950072067867	364
96.549323372183693	364
96.576703268043673	364
96.604089448981597	364
96.631481593440654	364
96.658879377739353	364
96.68628247342275	364
96.713690540352019	365
96.741103247190139	365
96.768520244999166	365
96.795941200161735	365
96.823365772599388	365
96.85079361421441	365
96.8782243857151	365
96.905657742178221	365
96.933093319169643	365
96.960530736924824	365
96.987969619737612	366
97.015409606190161	366
97.042850333249746	366
97.070291415896278	366
97.097732472951179	366
97.12517312427785	366
97.152612979015544	366
97.180051629781431	366
97.207488681667485	366
97.234923738756507	366
97.262356420441023	367
97.289786337988318	367
97.317213105119677	367
97.344636352372035	367
97.37205573055364	367
97.399470895416115	367
97.426881508884023	367
97.454287248625036	367
97.481687798191359	367
97.509082872560256	367
97.536472197456163	368
97.563855469891735	368
97.591232412785189	368
97.618602733936555	368
97.645966135564848	368
97.673322333374458	368
97.700671036391299	368
97.728011964818677	368
97.755344846006267	368
97.782669422976568	368
97.809985452593736	369
97.837292706231906	369
97.864590989345118	369
97.891880148300373	369
97.919160015798127	369
97.946430450472249	369
97.97369132756441	369
98.000942545846257	369
98.028184015619416	369
98.055415687344876	370
98.082637521869174	370
98.109849476630075	370
98.137051528845447	370
98.164243675950402	370
98.191425895965907	370
98.218598174713406	370
98.245760524137012	370
98.272912945463872	370
98.300055461066478	370
98.327188091355552	371
98.354310863301677	371
98.381423825550584	371
98.408527033643324	371
98.435620569650141	371
98.462704530205087	371
98.489779030939246	371
98.516844213045459	371
98.543900239721225	371
98.570947289366941	371
98.597985540173227	372
98.625015182254486	372
98.652036426302928	372
98.679049501130194	372
98.706054631295601	372
98.733052055277312	372
98.760042015071832	372
98.787024762769363	372
98.814000548318248	372
98.840969615316297	372
98.86793220419878	373
98.894888560913685	373
98.921838937348042	373
98.948783596898537	373
98.975722797338648	373
99.002656798248154	373
99.029585897397908	373
99.056510391127276	373
99.083430585895869	373
99.110346781824418	373
99.1372592976536	374
99.164168469803485	374
99.19107464036091	374
99.217978157971658	374
99.24487937880555	374
99.271778666462851	374
99.298676390014251	374
99.325572889027342	374
99.352468516697769	374
99.379363624765716	374
99.406258549774947	375
99.433153631357001	375
99.460049189952585	375
99.486945539646882	375
99.513843004754548	375
99.540741905371419	375
99.567642554340054	375
99.594545253937696	375
99.621450311032177	375
99.648358053887591	375
99.675268800568404	376
99.702182868337147	376
99.729100582676821	376
99.756022266721345	376
99.782948241934562	376
99.80987883533902	376
99.836814364543272	376
99.86375514763877	376
99.890701494646208	376
99.917653688520645	376
99.944612007040206	377
99.971576723603121	377
99.998548112016223	377
