	0.537759
0.024	1.47799
0.0528	3.08971
0.0862606	3.09453
0.125128	3.69292
0.169257	4.0246
0.218869	4.56817
0.273171	5.16828
0.325704	5.47625
0.373669	7.95158
0.40383	8.4025
0.421777	6.43026
0.435733	5.68946
0.447997	5.20392
0.459781	4.91079
0.471779	4.75626
0.484391	4.61508
0.498056	4.49779
0.513239	4.42018
0.53014	4.39484
0.548964	4.42205
0.569917	4.47967
0.593208	4.69809
0.617996	4.78067
0.643921	4.85275
0.670632	4.94539
0.697639	4.9595
0.724866	4.98535
0.752173	5.0228
0.779356	5.06445
0.806193	5.10645
0.832471	5.1418
0.858024	5.17626
0.882707	5.19018
0.906486	5.20597
0.929324	5.21088
0.951237	5.20193
0.9723	5.19296
0.99258	5.18561
1.01213	5.17939
1.031012	5.21338
1.049116	5.21062
1.066489	5.18697
1.083235	5.20426
1.099324	5.2159
1.1147476	5.17028
1.1296628	5.14231
1.1441652	5.12585
1.1583116	5.1057
1.1721651	5.09102
1.18577095	5.07836
1.19916686	5.06748
1.21238437	5.05505
1.22545795	5.04127
1.2384245	5.02635
1.251323079	5.01458
1.264184157	5.03563
1.276954227	5.03066
1.289646455	5.00773
1.302319089	4.98947
1.3150184784	4.98001
1.3277688522	4.95883
1.3406250765	4.94194
1.3536323327	4.93115
1.3668211867	4.93327
1.38018842719	4.9286
1.39374930858	4.92723
1.40751047587	4.92587
1.42147874312	4.92297
1.43566557108	4.91863
1.450087092032	4.9108
1.464770553767	4.90291
1.479744775282	4.97152
1.494804779353	4.96839
1.509960598672	4.95561
1.525252171863	4.93656
1.540740256193	4.91876
1.556484138618	4.90493
1.572533173406	4.89409
1.588929520354	4.8877
1.6057025946898	4.88351
1.6228757539971	4.87968
1.6404723602838	4.95509
1.6582284377412	4.97886
1.6760599125884	4.97895
1.69396678150646	4.97091
1.71197844348881	4.9554
1.73015220394345	4.93889
1.74855083297174	4.92194
1.76724126318455	4.9075
1.786283989999224	4.8966
1.805728845773882	4.89024
1.825610146017024	4.88805
1.845946762825949	4.88844
1.866747471822035	4.93922
1.887804164862	4.98169
1.90893825839988	4.97619
1.930173477225854	4.96909
1.95154080643381	4.96905
1.973041224778299	4.96469
1.9946945750489	4.94879
2.01657197233988	4.9317
2.038752344450196	4.91434
2.061319321153867	4.89817
2.084355442231686	4.8841
2.107938234691545	4.87477
2.132126866833351	4.86903
2.156966120069324	4.86552
2.182491912963918	4.91325
2.208468389450884	4.9537
2.234687640255339	4.94022
2.261224182982648	4.94132
2.288075861960236	4.92633
2.315329088969746	4.91278
2.343066154301482	4.90012
2.371368617282477	4.88759
2.40032201796344	4.87302
2.430029889719319	4.85646
2.460615847352175	4.86909
2.49202415133385	4.941
2.523807474619791	4.9278
2.556056493732907	4.90793
2.588910513767553	4.88919
2.62250912508284	4.87176
2.656992156801682	4.86318
2.692445327330892	5.02214
2.727742219237327	5.34083
2.760786599840222	5.44346
2.791138963450424	5.55016
2.81848263002794	5.60472
2.84287605998398	5.6146
2.864599264686932	5.57477
2.884082748559093	5.49439
2.90181308517528	5.38988
2.918260873850179	5.27665
2.933846318055475	5.16646
2.948929599914182	5.06701
2.963813415109446	4.98913
2.978729651555876	4.95211
2.993790141762874	4.88233
3.009213599345333	4.82853
3.025184781407873	4.78481
3.041874230311283	4.75214
3.059434161958773	4.72899
3.07800041848503	4.7158
3.097685581296058	4.71248
3.118571794981006	4.72055
3.140694448567968	4.73767
3.164042036078223	4.77023
3.18851422155125	4.81455
3.213929040292155	4.89387
3.239895037480379	4.95058
3.266120244795836	5.01247
3.292280207331182	5.06868
3.318085690083423	5.11949
3.343288891521302	5.16043
3.36770856560489	5.18943
3.391236838577335	5.20377
3.413843766839656	5.20316
3.435568013842022	5.18859
3.456502663372534	5.16331
3.476775175959899	5.12721
3.496544727877482	5.08952
3.515966536132792	5.04963
3.535197461023272	5.01068
3.554387413320803	4.98871
3.573620804063784	4.95814
3.593016589414337	4.92636
3.612702310566483	4.89919
3.632793112529264	4.87738
3.653389018213411	4.86175
3.674570577090301	4.85153
3.696400366613738	4.84865
3.718911550114679	4.85223
3.742108313394213	4.86324
3.765957419917489	4.88065
3.790389749328209	4.91368
3.815251309341341	4.95209
3.840353395162253	4.98239
3.865544193776935	5.01614
3.890653948388115	5.04494
3.91554001274455	5.06933
3.940085711966033	5.08791
3.964207289092744	5.09994
3.987856162841954	5.10517
4.011017847752195	5.10384
4.033708304867372	5.09607
4.055971012408938	5.08295
4.077870417726108	5.06364
4.099494587998985	5.04325
4.120933305846577	5.02255
4.142275768822717	5.00141
4.163612196746429	4.98731
4.185002895029684	4.97153
4.206516109407894	4.95375
4.228230185397399	4.93881
4.250213269712733	4.92684
4.272522794348176	4.91881
4.295200552478065	4.91487
4.318271090030204	4.91518
4.341739735814259	4.91985
4.365590713260671	4.92858
4.38978731275523	4.94428
4.414256613355273	4.96622
4.438892342388546	4.98325
4.4636108565287	5.00045
4.488327139750186	5.01933
4.512948245339556	5.03349
4.537405524577116	5.0446
4.561646577069039	5.05185
4.585638828298713	5.0553
4.609368624260462	5.05492
4.632840597751674	5.05101
4.656075513583779	5.04172
4.679118139896093	5.03251
4.702011922575791	5.02167
4.724806901604095	5.00994
4.747556632391647	4.99717
4.770319228795503	4.9902
4.79312651429649	4.97959
4.816027290948484	4.96943
4.839068960138699	4.96073
4.862293048836293	4.9542
4.885731817785807	4.95017
4.909406550689993	4.94879
4.933326272168315	4.95122
4.957481668191022	4.95478
4.981857542610211	4.9611
5.006424570306538	4.96934
5.031143163084813	4.98328
5.055944710928427	4.99325
5.080779784351863	5.00294
5.105600275340533	5.01177
5.130362493085409	5.02178
5.15501731576405	5.02698
5.179539809561893	5.02973
5.20391737671788	5.02746
5.228161812716451	5.0258
5.252281796386073	5.02237
5.276294326556175	5.01748
5.300223221434065	5.01131
5.324098108150886	5.00453
5.347951382455641	5.00081
5.371800814719532	4.99387
5.395679520083842	4.98664
5.419622214909673	4.97997
5.44366123269463	4.97447
5.467823621344987	4.9703
5.492130408481945	4.96765
5.51659547568939	4.96675
5.541224328754632	4.96754
5.566014095447168	4.97005
5.590953238255225	4.9741
5.61602223575251	4.97943
5.64119481824198	4.98565
5.66643985566771	4.9924
5.691723340230708	5.00081
5.717002748731091	5.00723
5.742245660339163	5.01189
5.767428697838591	5.01515
5.792535664249983	5.01688
5.817558175575532	5.01703
5.842495729428578	5.01566
5.86735540500276	5.01306
5.892150300693446	5.01166
5.916887527818666	5.00707
5.941589804883448	5.00173
5.966283514835508	4.99602
5.990996912774185	4.99032
6.015758249092054	4.98502
6.040594006044579	4.98045
6.065527258038079	4.97689
6.090576269284849	4.97454
6.115753500303112	4.97355
6.141064632125134	4.97402
6.166507950098613	4.9759
6.192074484546481	4.97904
6.217748624555856	4.98326
6.243509004542881	4.98823
6.269330172916816	4.99359
6.295184480239898	4.99896
6.321044143865776	5.00398
6.346883218711227	5.00827
6.372679635802378	5.0115
6.398416843353643	5.01345
6.424085023397097	5.014
6.449681531233772	5.01314
6.47521093827334	5.011
6.500684325690592	5.00776
6.526118236901255	5.0037
6.551533344981639	4.99912
6.576952942739046	4.99434
6.602401345440541	4.98973
6.62790212485369	4.98559
6.653476592822561	4.98223
6.679142269145901	4.97987
6.70491169304609	4.97867
6.730791523010589	4.97871
6.756782046149573	4.97999
6.78287698719398	4.98244
6.809063911574141	4.98584
6.835325219014362	4.99
6.86163916653596	4.99459
6.887981591829786	4.99928
6.914327799648025	5.0037
6.940654533303656	5.00753
6.966941684952282	5.01546
6.993147830477185	5.01144
7.019294134692077	5.01182
7.045378778954884	5.01094
7.071406497934503	5.00929
7.097385960284647	5.00657
7.12333132787296	5.0032
7.149260116766745	4.99939
7.175192075768952	4.99549
7.201147468684429	4.99178
7.227145611476125	4.98855
7.253203408975939	4.98602
7.279334292106566	4.98437
7.305547104854999	4.98375
7.331845393494372	4.98418
7.358227143712507	4.98561
7.384685042571246	4.98797
7.411206754684923	4.99108
7.43777588575186	4.99471
7.464373176644446	4.99858
7.490978033593032	5.0024
7.5175701513089	5.00587
7.544131107476906	5.01383
7.57061879094508	5.00984
7.597054463007002	5.01062
7.623434120467059	5.01036
7.649759226845336	5.00946
7.67603462353546	5.00756
7.702270327813308	5.00504
7.728479614978095	5.00201
7.754678351049152	4.99881
7.780883304859853	4.99563
7.807111173160189	4.99276
7.833377085521602	4.99037
7.85969367930012	4.98866
7.886070080294846	4.98776
7.912511222288931	4.98772
7.939017446584702	4.98852
7.965584662217821	4.99013
7.992204412544306	4.99242
8.018864579904994	4.99521
8.045550307298816	4.99829
8.072245145058123	5.00143
8.09893234979859	5.00437
8.125596275251119	5.00688
8.15222356271723	5.00877
8.178804207537443	5.0099
8.205332313285506	5.0102
8.231806405610234	5.00966
8.258229459825449	5.0083
8.28460874553747	5.00627
8.310954983464285	5.00374
8.337281512199992	5.00091
8.363603256726377	4.998
8.389935535223403	4.99523
8.416292958708066	4.9928
8.442688377771331	4.9909
8.469131942932666	4.98966
8.495630284613375	4.98918
8.522186075940358	4.98947
8.54879791761917	4.99051
8.575460347328832	4.99223
8.602164262888438	4.9945
8.62889759492583	4.99713
8.655646254815087	4.99993
8.682395270690565	5.00267
8.709129997712587	5.00514
8.735837251110148	5.00714
8.762506419260401	5.00852
8.789130230773244	5.00917
8.815705303266974	5.00906
8.842232294005605	5.0082
8.868715842063377	5.00666
8.895164177753399	5.00458
8.92158832024348	5.00213
8.948001231699079	4.9995
8.974416777984624	4.9969
9.00084873079866	4.99451
9.027309738250093	4.99253
9.053810361565425	4.99108
9.080358348867145	4.99029
9.106957994711276	4.9902
9.133609899932063	4.9908
9.16031095467206	4.99206
9.187054481414558	4.99388
9.213830771128128	4.99612
9.240627861784395	4.9986
9.2674324378586	5.00113
9.294230964582962	5.0035
9.321010742577831	5.00553
9.347760944447369	5.00705
9.37447346713077	5.00796
9.401143541523989	5.00818
9.427770031271123	5.00772
9.454355498971521	5.00659
9.480905990542356	5.00491
9.507430454277074	5.00281
9.533940017540461	5.00047
9.560447084351392	4.99807
9.586964391019558	4.99578
9.613504083063139	4.99379
9.64007677804355	4.99224
9.666690794178743	4.99124
9.693351513775369	4.99087
9.720060980060007	4.99114
9.746817837643363	4.99204
9.773617361831743	4.99349
9.800451818686261	4.99538
9.827311072662358	4.99757
9.854183390201477	4.99987
9.881056383424356	5.00212
9.907918006974565	5.00411
9.934757557285833	5.00571
9.961566484923168	5.00678
9.988339109003947	5.00725
10.01507299457167	5.00708
10.04176908956924	5.00629
10.06843165011422	5.00494
10.09506789393768	5.00317
10.121687278284762	5.0011
10.148300824962892	4.9989
10.174920218430922	4.99675
10.201556917928965	4.99481
10.22822130930045	4.99322
10.254921924560684	4.9921
10.281664774359621	4.99155
10.308452915828727	4.99158
10.335286260985583	4.99219
10.362161568805902	4.99335
10.389072670788648	4.99496
10.416010949235986	4.99688
10.442966025665546	4.99898
10.469926589433426	5.00108
10.496881315427336	5.00302
10.523819771934644	5.00464
10.550733277346005	5.00581
10.577615563647365	5.00644
10.604463282714331	5.00649
10.631276199051173	5.00597
10.658057159031491	5.0049
10.684811884256403	5.0034
10.711548447972888	5.00157
10.738276599408453	4.99958
10.765006980473432	4.99758
10.791750315192468	4.99572
10.818516572106825	4.99414
10.845314228942323	4.99297
10.872149590405515	4.9923
10.899026321539518	4.99217
10.925945212219329	4.99258
10.952904099597998	4.99352
10.979897988977729	4.99489
11.00691947672272	4.99661
11.033959307276819	4.99853
11.061007113766287	5.00049
11.088052270029273	5.00235
11.115084744132853	5.00395
11.142095896726619	5.00516
11.169079176132504	5.00591
11.196030625620098	5.00611
11.222949153979583	5.00578
11.249836578411394	5.00495
11.276697428327951	5.00367
11.303538599877555	5.00206
11.330368744083199	5.00025
11.357197553771293	4.99839
11.384034996525461	4.99663
11.410890552953985	4.9951
11.437772475434626	4.99392
11.464687129921122	4.99318
11.4916385267906	4.99293
11.518628074565822	4.9932
11.545654381399153	4.99396
11.572713388134771	4.99515
11.599798656337384	4.99668
11.626901895403412	4.99844
11.654013612321336	5.00027
11.681123871745593	5.00203
11.708223102187183	5.0036
11.73530286042441	5.00483
11.762356504862801	5.00563
11.789379719288103	5.00595
11.816370821816445	5.00576
11.843330862242938	5.00509
11.870263477552056	5.004
11.897174564763402	5.00257
11.924071831825366	5.00093
11.950964121751166	4.9992
11.977860707732205	4.99754
12.004770554541025	4.99606
12.03170163513405	4.99489
12.058660282308161	4.99411
12.085650739632747	4.99377
12.112674845173192	4.99392
12.139731858545332	4.99453
12.166818502999709	4.99556
12.193929219366533	4.99693
12.221056595106296	4.99853
12.248191960568194	5.00023
12.275326089954282	5.00189
12.302449945849794	5.0034
12.329555392571992	5.00461
12.356635860558596	5.00545
12.383686845304672	5.00584
12.410706254088799	5.00577
12.437694539318997	5.00523
12.464654613222143	5.00429
12.491591560910736	5.00302
12.51851223515281	5.00152
12.545424722267963	4.99992
12.572337625191825	4.99835
12.59925943424131	4.99692
12.626197824608166	4.99576
12.653159066035144	4.99495
12.680147568840995	4.99454
12.707165552292629	4.99458
12.734212849355607	4.99506
12.76128691988969	4.99593
12.78838303258574	4.99714
12.815494653983556	4.99858
12.842613972579805	5.00014
12.869732507473147	5.0017
12.896841812214479	5.00313
12.923934148232147	5.00432
12.951003104777081	5.00517
12.978044102318281	5.00562
13.005054742573837	5.00564
13.032034970173319	5.00522
13.058987045811474	5.00442
13.085915321539735	5.00329
13.11282587961789	5.00193
13.1397260774604	5.00044
13.166623899950059	4.99895
13.193527347062885	4.99758
13.22044380564502	4.99643
13.24737947349489	4.99559
13.274338899835735	4.99512
13.301324674313172	4.99505
13.328337185612179	4.99539
13.355374611644979	4.99612
13.38243306028116	4.99716
13.409506876278419	4.99845
13.436589101911251	4.99987
13.463672036037051	5.00131
13.490747857563337	5.00266
13.517809259026171	5.00381
13.544850035201899	5.00467
13.571865572696085	5.00517
13.598853219771264	5.00527
13.625812472064295	5.00496
13.652744988442052	5.00429
13.67965441437576	5.0033
13.70654609199025	5.00207
13.73342666089634	5.0007
13.76030347958886	4.9993
13.787184065302833	4.99798
13.8140755093886	4.99685
13.840983918040401	4.99598
13.86791395550356	4.99545
13.894868531923796	4.99528
13.921848571219266	4.9955
13.94885293763639	4.99607
13.975878534334331	4.99696
14.00292054979599	4.9981
14.029972859866092	4.99938
14.057028517251235	5.00071
14.084080318119387	5.00198
14.111121386987062	5.00309
14.138145746086344	5.00395
14.165148783948737	5.00449
14.192127620431902	5.00466
14.219081332804535	5.00446
14.246011009053582	5.00391
14.272919631129003	5.00305
14.299811832606421	5.00195
14.326693554814073	5.00069
14.353571541079269	4.99939
14.380452811559838	4.99813
14.407344128646821	4.99702
14.434251473804116	4.99614
14.46117958996772	4.99556
14.488131637858611	4.99531
14.515108990883359	4.99542
14.542111103031871	4.99586
14.569135569370342	4.99662
14.596178323492047	4.99762
14.623233979530916	4.99877
14.650296266281247	5
14.677358537985402	5.0012
14.70441431437451	5.00227
14.731457818014254	5.00312
14.758484441154879	5.00369
14.785491114384259	5.00394
14.812476542636112	5.00383
14.839441310479204	5.00339
14.866387807811725	5.00265
14.893320015832755	5.00167
14.920243206432026	5.00053
14.947163550334119	4.99932
14.974087578013355	4.99812
15.001021708185279	4.99705
15.027971727298974	4.99618
15.05494235323691	4.99557
15.08193691670977	4.99526
15.10895709477461	4.99528
15.136002778199078	4.99563
15.163072096134494	4.99628
15.190161568192659	4.99717
15.217266395200097	4.99823
15.244380846402885	4.99937
15.2714987250035	5.0005
15.298613877546439	5.00154
15.325720705705944	5.00238
15.352814615094069	5.00298
15.37989238417552	5.00328
15.406952419334736	5.00325
15.433994875373173	5.00291
15.461021628220644	5.00227
15.48803611807485	5.0014
15.515043061551797	5.00036
15.542048073906439	4.99923
15.569057221482785	4.99812
15.59607654777127	4.99709
15.623111605240561	4.99624
15.650167026540601	4.99562
15.677246167086295	4.99529
15.704350847698263	4.99527
15.731481211756584	4.99555
15.758635721359243	4.99613
15.785811279869083	4.99694
15.813003484499927	4.99792
15.840206979342419	4.999
15.867415892985926	5.00009
15.894624316426974	5.00109
15.92182678398852	5.00194
15.949018714296187	5.00255
15.976196783790085	5.00288
16.003359181592437	5.00292
16.03050574101497	5.00265
16.057637944867874	5.00209
16.084758786460718	5.00131
16.111872511209622	5.00036
16.138984275249395	4.99932
16.166099725780274	4.99827
16.193224542058726	4.9973
16.22036399455153	4.99649
16.247522523970336	4.99589
16.274703395855756	4.99556
16.301908430690048	4.99552
16.32913786123796	4.99578
16.356390306811811	4.99631
16.383662886301714	4.99707
16.410951435767608	4.99801
16.438250849386552	4.99905
16.465555477699073	5.00009
16.492859592283349	5.00107
16.520157848180677	5.0019
16.547445709596904	5.00252
16.574719803458532	5.00288
16.60197818929246	5.00295
16.629220484796548	5.00274
16.656447886808973	5.00225
16.683663049299099	5.00153
16.710869867306602	5.00065
16.738073130787125	4.99969
16.765278086614984	4.99871
16.79249006211073	4.9978
16.81971401093222	4.99703
16.846954132678118	4.99646
16.87421354673106	4.99614
16.901494008380215	4.9961
16.928795753665444	4.99634
16.956117491599059	4.99685
16.983456471609117	4.99757
17.010808722040135	4.99847
17.038169337956358	4.99946
17.065532883610114	5.00048
17.092893824868501	5.00142
17.120246971152284	5.00224
17.147587880972694	5.00285
17.174913215179739	5.00322
17.202220984525596	5.00331
17.229510692352974	5.00312
17.256783366929252	5.00268
17.284041431350232	5.00202
17.311288465456766	5.00121
17.338528923057336	5.0003
17.365767739951657	4.99938
17.393009942450838	4.99852
17.420260230621604	4.99778
17.447522626096898	4.99723
17.47480013711035	4.99692
17.502094453147855	4.99687
17.529405844537841	4.9971
17.55673311253819	4.99757
17.584073684977287	4.99825
17.611423810930432	4.9991
17.638778849868391	5.00005
17.666133636375182	5.00101
17.693482898672471	5.00192
17.720821680415405	5.0027
17.748145716052409	5.00329
17.775451787954573	5.00365
17.802737949084516	5.00375
17.830003668625128	5.00359
17.857249848919256	5.00318
17.884478731988182	5.00256
17.911693693807852	5.00178
17.93889895722889	5.00092
17.966099240356783	5.00003
17.993299367192662	4.99919
18.02050387754683	4.99848
18.047716658259326	4.99794
18.074940630339658	4.99763
18.102177515200772	4.99756
18.12942769591513	4.99774
18.156690174987798	4.99817
18.183962650674765	4.9988
18.211241699677835	4.99958
18.238523051209455	5.00046
18.265801915989353	5.00135
18.293073390577867	5.0022
18.320332851354934	5.00294
18.347576310523632	5.0035
18.374800726726402	5.00384
18.402004251405401	5.00394
18.429186365281392	5.00379
18.456347899529622	5.00341
18.483490947796874	5.00282
18.510618700432211	5.00208
18.537735165066561	5.00125
18.564844841052846	5.0004
18.591952363779999	4.99958
18.619062140825651	4.99888
18.646178004284724	4.99833
18.673302910606637	4.99799
18.700438705797975	4.99788
18.72758600057902	4.99801
18.754744120117934	4.99836
18.781911164476	4.99891
18.809084156897242	4.9996
18.836259304281345	5.0004
18.863432296539578	5.00122
18.890598662739016	5.002
18.917754144803233	5.00269
18.944895034579968	5.00322
18.97201847083651	5.00355
18.999122680290963	5.00365
19.026207109604094	5.00352
19.05327246153994	5.00317
19.080320639952177	5.00263
19.107354585522231	5.00194
19.134378061998262	5.00115
19.161395338287917	5.00032
19.188410874120706	4.99953
19.215428956937728	4.99883
19.242453386973192	4.99826
19.269487200011817	4.99789
19.296532437492782	4.99772
19.323589990351767	4.99778
19.350659552783704	4.99805
19.37773966019747	4.99851
19.404827818284222	4.99912
19.431920721013384	4.99983
19.459014521899945	5.00058
19.486105161336869	5.00131
19.513188706916619	5.00195
19.540261694425521	5.00246
19.567321372599437	5.00279
19.594365976103138	5.00291
19.621394846139637	5.00281
19.648408512808174	5.00251
19.675408626230954	5.00202
19.702397838597356	5.00138
19.729379602306324	5.00064
19.756357911589426	4.99986
19.783336988818267	4.99909
19.81032096785237	4.9984
19.83731359070104	4.99783
19.864317933174508	4.99743
19.891336175969681	4.99722
19.918369446851582	4.99722
19.945417755532262	4.99742
19.972480014580967	4.99781
19.999554131723443	4.99835
20.026637193646298	4.99899
20.05372572708194	4.99968
20.08081598614184	5.00037
20.10790426749351	5.00098
20.134987221165549	5.00148
20.162062135295852	5.00183
20.189127162458025	5.00198
20.216181478388215	5.00193
20.243225345039768	5.00168
20.270260106738107	5.00126
20.297288081131807	5.00068
20.324312379566717	5
20.351336672866264	4.99927
20.378364906162016	4.99855
20.405401004876911	4.99788
20.432448572599842	4.99733
20.459510616242937	4.99692
20.486589330886353	4.9967
20.513685937197994	4.99667
20.540800596077528	4.99684
20.567932405648378	4.99719
20.595079485528505	4.99769
20.622239139902835	4.99829
20.649408075915147	4.99896
20.676582689391179	4.99962
20.703759357828428	5.00024
20.730934740835341	5.00075
20.758106058051808	5.00112
20.785271316253127	5.00131
20.81242947400473	5.00131
20.839580521689072	5.00112
20.866725483201606	5.00076
20.893866338417002	5.00025
20.921005846507196	4.99964
20.948147334759195	4.99897
20.975294433140231	4.9983
21.002450779191324	4.99768
21.029619734152238	4.99716
21.056804115981194	4.99679
21.084005982764204	4.99658
21.111226459904731	4.99656
21.138465660222742	4.99673
21.165722668252066	4.99708
21.192995608378773	4.99757
21.220281795439643	4.99817
21.24757794888313	4.99884
21.274880449856525	4.99951
21.302185639962129	5.00013
21.329490106354555	5.00066
21.356790955567501	5.00106
21.384086037433246	5.00128
21.41137411041624	5.00133
21.438654931143585	5.00119
21.465929263396589	5.00088
21.493198809655222	5.00043
21.520466009360749	4.99988
21.547733851653962	4.99928
21.575005620278699	4.99868
21.602284617210408	4.99812
21.629573886039136	4.99765
21.656875965250048	4.99732
21.684192680396556	4.99715
21.711524974761733	4.99716
21.738872811886527	4.99735
21.7662351706565	4.9977
21.793610124479624	4.9982
21.820994953867292	4.9988
21.848386375393435	4.99946
21.875780777368746	5.00012
21.903174506805449	5.00075
21.930564148770337	5.00128
21.957946764742154	5.00169
21.985320144730995	5.00194
22.012682923688356	5.00201
22.040034680267048	5.00191
22.067375978734848	5.00165
22.094708267631734	5.00125
22.122033746084558	5.00075
22.149355153564809	5.00019
22.17667554349638	4.99962
22.20399800343057	4.9991
22.231325386157895	4.99866
22.258660071054582	4.99835
22.286003754092636	4.9982
22.313357305721748	4.9982
22.340720684307847	4.99838
22.368092905023524	4.99873
22.39547207117932	4.99921
22.42285555952385	4.99979
22.45024017659426	5.00043
22.477622427156181	5.00108
22.504998767586361	5.00168
22.532365886119571	5.0022
22.55972094372294	5.0026
22.587061800069172	5.00284
22.614387153521722	5.00291
22.64169662923873	5.00281
22.668990783579027	5.00255
22.696271033379908	5.00216
22.723539523041186	5.00167
22.750798932293488	5.00112
22.778052243468974	5.00056
22.805302491792887	5.00005
22.8325524920708	4.99961
22.859804621527068	4.99929
22.887060616236706	4.99912
22.914321420628266	4.99911
22.941587105254833	4.99926
22.968856841045461	4.99956
22.99612897315453	4.99999
23.023401150115589	5.00052
23.050670502493734	5.0011
23.077933860033479	5.00169
23.105188023207823	5.00224
23.132430000581255	5.0027
23.159657251998357	5.00306
23.186867871570417	5.00326
23.214060748686208	5.00331
23.241235643356379	5.00319
23.268393194475255	5.00293
23.295534855457664	5.00253
23.322662783885356	5.00204
23.349779656348375	5.00149
23.37688844477039	5.00093
23.403992191935732	5.0004
23.431093764897863	4.99994
23.45819564115201	4.99959
23.485299719365528	4.99938
23.512407167400557	4.99931
23.539518333934332	4.9994
23.566632737527755	4.99963
23.593749127266342	4.99999
23.620865578906749	5.00044
23.647979666519564	5.00094
23.675088659802238	5.00146
23.702189759234098	5.00194
23.72928032342616	5.00236
23.756358086010131	5.00268
23.783421366741372	5.00286
23.810469192076493	5.00289
23.837501388311686	5.00277
23.864518603448246	5.00251
23.891522267848796	5.00212
23.918514476537915	5.00164
23.945497832767476	5.0011
23.972475252173577	5.00054
23.999449752956448	5
24.026424227278127	4.99953
24.053401238665323	4.99915
24.080382826496727	4.99889
24.107370379301116	4.99877
24.134364552361767	4.9988
24.161365222245884	4.99896
24.188371516675012	4.99924
24.215381905481525	4.99962
24.242394346765668	5.00006
24.269406476472888	5.00052
24.296415804301898	5.00096
24.323419950791777	5.00134
24.350416844402837	5.00164
24.377404897877373	5.00181
24.404383158365295	5.00186
24.431351398020499	5.00176
24.458310134849082	5.00153
24.485260634245208	5.00118
24.512204794904903	5.00073
24.539145024053127	5.00022
24.566084071371762	4.99968
24.593024824765138	4.99916
24.619970104127773	4.99869
24.646922452470591	4.9983
24.673883968934732	4.99802
24.700856158500905	4.99787
24.727839847448628	4.99785
24.754835124792972	4.99797
24.78184135794784	4.99821
24.808857272348359	4.99854
24.835881067489332	4.99894
24.862910579883945	4.99937
24.889943480092644	4.9998
24.916977473097877	5.00018
24.944010499935111	5.00048
24.971040919854836	5.00068
24.998067647193043	5.00076
25.025090271440686	5.0007
25.052109089299975	5.00052
25.079125095952843	5.00022
25.106139914133308	4.99983
25.133155673491455	4.99936
25.160174867153611	4.99887
25.187200153209982	4.99839
25.214234162711968	4.99794
25.241279301756901	4.99757
25.268337577538155	4.9973
25.295410451773513	4.99716
25.32249873800756	4.99714
25.349602544455678	4.99725
25.376721276360708	4.99748
25.403853698158279	4.9978
25.430998043737087	4.9982
25.458152155141569	4.99864
25.485313677126832	4.99907
25.51248024817377	4.99947
25.539649698693093	4.9998
25.566820227399802	5.00004
25.593990556182053	5.00016
25.621160025160155	5.00016
25.648328646546215	5.00003
25.675497113539922	4.99979
25.702666740277699	4.99945
25.729839342016486	4.99905
25.757017094274872	4.99862
25.784202358942188	4.99819
25.811397490911443	4.99779
25.838604645616201	4.99747
25.865825600283092	4.99724
25.893061614742269	4.99712
25.920313322194268	4.99713
25.947580680694788	4.99727
25.97486295684314	4.99752
26.002158777759895	4.99787
26.02946624182038	4.99829
26.056783069446716	4.99874
26.084106761513684	4.9992
26.1114348059746	4.99963
26.138764856023005	5
26.166094925111686	5.00027
26.19342353787513	5.00042
26.220749835601882	5.00046
26.248073614324987	5.00038
26.275395294210401	5.0002
26.3027158963116	4.99992
26.330036926146835	4.99958
26.357360254405894	4.9992
26.38468794149524	4.99883
26.412022042418609	4.99849
26.439364421124971	4.99821
26.466716605780203	4.99802
26.494079622048968	4.99794
26.521453905317365	4.99798
26.548839232342669	4.99814
26.576234724446032	4.99841
26.603638909657811	4.99877
26.631049811649515	4.9992
26.658465080452114	4.99967
26.68588214935933	5.00014
26.713298452163706	5.00058
26.740711589528392	5.00095
26.768119509307752	5.00124
26.795520639645694	5.00142
26.822914010425755	5.00148
26.850299276484805	5.00143
26.877676730275944	5.00126
26.905047263419185	5.00101
26.932412244397003	5.0007
26.959773398183401	5.00035
26.987132629388721	5
27.01449185676913	4.99968
27.041852839723642	4.99942
27.069217002401579	4.99924
27.096585300917386	4.99917
27.123958139048348	4.99921
27.151335330081597	4.99936
27.178716028051404	4.99962
27.206098809051564	4.99997
27.233481765724516	5.00038
27.260862647969713	5.00083
27.288239011415129	5.00127
27.315608407465511	5.00169
27.342968563487464	5.00204
27.37031754347338	5.00231
27.397653883702016	5.00247
27.424976706382417	5.00252
27.452285765558397	5.00245
27.479581432860776	5.00228
27.506864644267502	5.00202
27.534136819325134	5.0017
27.561399729601224	5.00134
27.588655338510932	5.00098
27.615905622502499	5.00064
27.643152414387302	5.00036
27.67039722976396	5.00016
27.69764115569151	5.00006
27.724884744761049	5.00007
27.752127974249341	5.00018
27.779370236792094	5.00039
27.806610382793302	5.00068
27.83384679801943	5.00104
27.861077546016947	5.00143
27.888300529353774	5.00181
27.915513635066887	5.00218
27.942714905423109	5.00248
27.969902705029881	5.0027
27.997075829804128	5.00282
28.024233628916193	5.00284
28.051376031634341	5.00274
28.078503566867337	5.00255
28.105617298161942	5.00227
28.132718752111547	5.00192
28.159809801626661	5.00154
28.186892503702396	5.00116
28.21396893580236	5.0008
28.241041058998299	5.00048
28.268110571359745	5.00024
28.295178778409955	5.00009
28.322246495108953	5.00004
28.349313987866459	5.00009
28.376380990914779	5.00024
28.40344671361024	5.00046
28.430509941559205	5.00075
28.45756913148437	5.00106
28.484622560565636	5.00139
28.511668450555469	5.0017
28.538705165360845	5.00195
28.565731315420074	5.00214
28.592745915269841	5.00223
28.619748462412218	5.00223
28.646738978457652	5.00212
28.67371803667827	5.00192
28.700686734162385	5.00164
28.727646607128246	5.00129
28.754599518240674	5.00091
28.781547547520113	5.00051
28.808492820450702	5.00014
28.835437361118817	4.9998
28.862382980591512	4.99953
28.889331157150181	4.99934
28.916282909285815	4.99924
28.943238762464514	4.99924
28.970198720631178	4.99933
28.997162302958813	4.9995
29.024128575621468	4.99973
29.051096328446516	5
29.078064094584125	5.00028
29.105030326194317	5.00056
29.131993551067808	5.00079
29.158952520104027	5.00096
29.185906299831579	5.00106
29.21285438242478	5.00106
29.239796764221374	5.00097
29.266733923561382	5.00079
29.29366683338197	5.00053
29.320596898953013	5.00021
29.347525851336659	4.99984
29.374455649820071	4.99946
29.401388331776833	4.99909
29.42832588948832	4.99876
29.455270121002911	4.99849
29.48222251093388	4.99829
29.509184146508478	4.99817
29.53615565005893	4.99815
29.563137155864556	4.99821
29.59012831577526	4.99836
29.617128351529889	4.99857
29.644136133761947	4.99882
29.671150294376851	4.99909
29.698169353325419	4.99936
29.725191854927939	4.9996
29.752216503702694	4.99979
29.779242285942249	4.99991
29.806268558923371	4.99994
29.833295129321804	4.99989
29.8603222748314	4.99976
29.887350738438677	4.99954
29.914381673875585	4.99927
29.941416578273824	4.99895
29.968457175689057	4.99861
29.995505294336287	4.99828
30.022562746578291	4.99797
30.049631175713465	4.99772
30.076711948606263	4.99754
30.103806056154774	4.99744
30.13091404462552	4.99743
30.158035983410034	4.9975
30.185171464845197	4.99766
30.212319640604456	4.99788
30.2394793074814	4.99815
30.266649004920101	4.99845
30.293827138856759	4.99874
30.321012109730972	4.99901
30.348202450342288	4.99924
30.375396943566987	4.9994
30.402594718102865	4.99948
30.429795322619306	4.99948
30.456998760614013	4.9994
30.484205480771372	4.99924
30.511416345473627	4.99902
30.538632544749568	4.99876
30.565855509501773	4.99848
30.593086779677012	4.9982
30.620327881009313	4.99794
30.64758018612206	4.99774
30.674844806271977	4.9976
30.702122496390043	4.99755
30.729413570030886	4.99758
30.756717883097533	4.99769
30.784034817099485	4.99788
30.811363327334895	4.99814
30.838702011865248	4.99844
30.866049208167528	4.99877
30.893403134313996	4.9991
30.920761992015539	4.99941
30.948124104316072	4.99967
30.975488035354871	4.99987
31.002852678697963	5
31.030217325277359	5.00005
31.057581717919167	5.00002
31.084946023646214	4.99991
31.112310826602574	4.99974
31.139677036208241	4.99953
31.167045811377346	4.9993
31.194418430268598	4.99907
31.221796164254052	4.99886
31.249180144269499	4.9987
31.276571256339835	4.9986
31.30397004256757	4.99857
31.331376651924892	4.99863
31.358790766077217	4.99877
31.386211627846127	4.99899
31.413638039979499	4.99926
31.441068501990003	4.99958
31.468501262625526	4.99992
31.495934443158269	5.00026
31.523366180576364	5.00058
31.550794737141572	5.00085
31.578218614735707	5.00107
31.605636621607889	5.00121
31.633047992661623	5.00127
31.660452393561584	5.00125
31.687849933139379	5.00116
31.71524110987173	5.00101
31.74262675166997	5.00082
31.770007924799412	5.0006
31.797385812633777	5.00038
31.824761615644206	5.00018
31.852136406811209	5.00003
31.879511029686739	4.99993
31.906886029433227	4.9999
31.934261585037305	4.99995
31.961637407891629	5.00008
31.989012806949901	5.00028
32.016386685092733	5.00053
32.043757639083665	5.00083
32.071124026811354	5.00115
32.098484105571835	5.00147
32.12583613659109	5.00177
32.153178513619316	5.00202
32.180509866640101	5.0022
32.207829191271131	5.00232
32.235135870277666	5.00235
32.262429716193672	5.00231
32.289710964938358	5.00219
32.316980246157925	5.00202
32.344238514689586	5.0018
32.371486967492622	5.00156
32.398726917635166	5.00132
32.425959693334825	5.00109
32.453186528278458	5.0009
32.480408447783212	5.00077
32.50762617641287	5.0007
32.534840077508463	5.00071
32.562050123825017	5.00079
32.589255891209561	5.00093
32.616456604315829	5.00113
32.643651173844589	5.00137
32.670838290806905	5.00163
32.698016560705184	5.00188
32.725184589355841	5.00212
32.752341099814345	5.00231
32.779485060387564	5.00245
32.80661572524707	5.00252
32.833732725817086	5.00252
32.860836087169844	5.00244
32.887926252729471	5.00229
32.915004034174174	5.00208
32.942070542595694	5.00184
32.96912711974408	5.00156
32.99617524584	5.00129
33.023216419035407	5.00102
33.050252057584174	5.00079
33.077283398625603	5.00062
33.104311408105595	5.0005
33.131336716800107	5.00045
33.158359598411472	5.00047
33.185379953252706	5.00055
33.212397345939813	5.00068
33.2394110474375	5.00086
33.266420106738479	5.00106
33.293423458942605	5.00126
33.320420023574748	5.00144
33.347408796958675	5.00159
33.374388969121121	5.0017
33.401359989834575	5.00174
33.428321651142788	5.00171
33.455274091706364	5.00162
33.482217818324656	5.00146
33.509153699824658	5.00124
33.536082899115605	5.00098
33.563006801355833	5.0007
33.589926940274083	5.00041
33.616844885453531	5.00013
33.643762127421056	4.99988
33.670680020413826	4.99967
33.697599683934477	4.99952
33.72452192736057	4.99943
33.751447233162942	4.99941
33.778375740777548	4.99945
33.805307222460819	4.99954
33.832241175181807	4.99968
33.85917687017907	4.99984
33.88611343571705	5.00001
33.913049936073264	5.00017
33.939985502135215	5.00031
33.966919397329576	5.0004
33.993851114346811	5.00045
34.020780419843227	5.00043
34.047707415052592	5.00035
34.074632550960615	5.0002
34.10155658972571	5.00001
34.128480584603807	4.99977
34.155405817707233	4.99951
34.182333715641924	4.99923
34.20926576984202	4.99896
34.236203424050814	4.99872
34.263147985363616	4.99851
34.290100553549742	4.99836
34.317061950544186	4.99827
34.34403268795181	4.99824
34.371012939764633	4.99827
34.39800254643918	4.99835
34.425001050996322	4.99848
34.452007752601169	4.99864
34.479021787638708	4.99882
34.50604221300339	4.99899
34.533068101508164	4.99914
34.560098625767374	4.99926
34.587133143490348	4.99933
34.614171274844068	4.99935
34.641212936181546	4.99931
34.668258355822225	4.99921
34.695308075271548	4.99905
34.722362919150811	4.99886
34.749423942365375	4.99864
34.776492354012859	4.9984
34.803569425049865	4.99817
34.830656404170085	4.99796
34.857754425404764	4.99779
34.884864428515314	4.99767
34.911987087241918	4.9976
34.939122759770861	4.9976
34.966271475163701	4.99765
34.993432937050201	4.99777
35.020606540936249	4.99792
35.047791436062056	4.99811
35.074986595691776	4.99832
35.102190890201925	4.99853
35.129403189134308	4.99872
35.15662244831892	4.99888
35.183847790709336	4.999
35.211078583979813	4.99907
35.238314466840777	4.99907
35.265555390607837	4.99903
35.292801605480371	4.99893
35.320053638734208	4.9988
35.347312240900621	4.99863
35.374578319998207	4.99845
35.40185284566126	4.99828
35.42913677497701	4.99812
35.456430958964916	4.998
35.483736070655468	4.99792
35.511052531752249	4.99791
35.538380433288147	4.99795
35.565719542559854	4.99805
35.593069299756756	4.99821
35.620428855728292	4.99841
35.647797108421052	4.99864
35.675172785184429	4.99889
35.702554524385206	4.99914
35.729940959742237	4.99938
35.757330813587281	4.99958
35.784722966400366	4.99974
35.812116546716254	4.99985
35.839510955042272	4.9999
35.866905901989426	4.9999
35.894301416626881	4.99984
35.921697796707761	4.99975
35.949095562773955	4.99962
35.976495385476099	4.99949
36.003898010273339	4.99935
36.031304184838618	4.99924
36.058714547034739	4.99915
36.086129549369382	4.99912
36.113549381596023	4.99913
36.140973995553168	4.9992
36.168403009972764	4.99932
36.195835742889201	4.9995
36.223271245933525	4.99971
36.250708349759712	4.99995
36.278145715771849	5.00021
36.305581904852602	5.00047
36.333015511143692	5.00071
36.360445209307628	5.00092
36.387869854237145	5.00109
36.415288536578039	5.0012
36.442700637111635	5.00126
36.47010583930301	5.00126
36.497504128836191	5.00121
36.524895765980602	5.00112
36.55228124526564	5.00101
36.579661220993451	5.00087
36.607036433173128	5.00073
36.634407622737406	5.00061
36.66177547078388	5.00052
36.689140459160683	5.00047
36.716502849787737	5.00048
36.743862637783359	5.00053
36.771219523173549	5.00064
36.798572913898767	5.00079
36.825921963564426	5.00099
36.853265615079593	5.00121
36.880602676000372	5.00144
36.907931882761496	5.00166
36.93525201287747	5.00186
36.962561962096103	5.00204
36.989860792442606	5.00217
37.017147803839819	5.00224
37.044422577646863	5.00227
37.071684995009001	5.00223
37.098935238651968	5.00215
37.126173762767216	5.00202
37.153401264189398	5.00187
37.180618590054983	5.0017
37.207826674980588	5.00153
37.235026456184237	5.00137
37.262218796202795	5.00124
37.289404405291187	5.00114
37.316583792253219	5.0011
37.343757217511609	5.0011
37.370924654902865	5.00115
37.398085829060513	5.00125
37.425240223872613	5.00138
37.452387125387901	5.00153
37.479525698673918	5.0017
37.506655036569889	5.00187
37.533774251015537	5.00201
37.560882544937883	5.00213
37.587979277989199	5.00221
37.615064041623256	5.00224
37.642136686232625	5.00222
37.669197339542087	5.00214
37.696246390826289	5.00202
37.723284512712624	5.00186
37.750312571610657	5.00167
37.777331592101191	5.00147
37.804342691358976	5.00126
37.831347001114615	5.00106
37.85834558911877	5.00089
37.885339397147469	5.00075
37.912329172468262	5.00065
37.93931544519824	5.0006
37.966298488386471	5.00059
37.993278322522521	5.00063
38.020254738945304	5.00071
38.047227337607367	5.00081
38.074195567112866	5.00092
38.101158808776269	5.00104
38.128116440179681	5.00114
38.155067905521733	5.00123
38.182012763650434	5.00127
38.208950759002654	5.00128
38.235881879665548	5.00123
38.26280636022927	5.00114
38.28972468509911	5.00101
38.316637584509081	5.00084
38.343545983540558	5.00064
38.370450962581202	5.00042
38.39735368692196	5.0002
38.424255353216907	4.99998
38.451157112957084	4.99979
38.478060019829172	4.99963
38.504964923834301	4.9995
38.531872493576337	4.99943
38.558783151342013	4.99939
38.585697077319189	4.9994
38.612614224822515	4.99945
38.639534359932526	4.99952
38.666457072199051	4.99961
38.693381857687974	4.99971
38.720308185832167	4.99981
38.747235563710433	4.99988
38.774163599307805	4.99992
38.801092047978962	4.99993
38.828020857858078	4.9999
38.854950205559987	4.99982
38.881880499167067	4.99971
38.908812365692818	4.99955
38.935746630957212	4.99937
38.962684271965735	4.99918
38.989626353415858	4.99897
39.016573964051716	4.99878
39.043528165551571	4.9986
39.070489937060131	4.99844
39.097460104638536	4.99833
39.124439295040787	4.99825
39.151427908037071	4.99822
39.178426108329084	4.99824
39.20543382698721	4.99829
39.232450786462792	4.99837
39.259476541203455	4.99848
39.286510529002463	4.99859
39.313552131259733	4.9987
39.340600748996245	4.9988
39.367655848756314	4.99888
39.394717025761558	4.99892
39.421784050746382	4.99893
39.448856895836371	4.99889
39.475935759879142	4.99881
39.503021048275478	4.9987
39.530113356687352	4.99857
39.557213426478754	4.99841
39.584322097913102	4.99825
39.611440249090009	4.9981
39.638568727223266	4.99796
39.665708285229812	4.99785
39.692859541915524	4.99777
39.720022918801433	4.99773
39.747198617225401	4.99774
39.774386607799372	4.99779
39.801586617924649	4.99788
39.828798166609225	4.998
39.856020596167617	4.99814
39.883253130418545	4.9983
39.910494929387085	4.99845
39.937745149073393	4.9986
39.965003006591331	4.99872
39.992267841624503	4.99881
40.019539149432056	4.99887
40.046816624656707	4.99889
40.074100173590075	4.99887
40.101389904063346	4.99881
40.128686105774278	4.99873
40.15598924098353	4.99863
40.183299873746876	4.99852
40.210618572148107	4.99842
40.237945884629816	4.99834
40.265282249865358	4.99829
40.292627982839363	4.99826
40.319983210982514	4.99828
40.34734784690616	4.99834
40.37472157548428	4.99844
40.402103862128286	4.99857
40.429493967882749	4.99874
40.456890995484407	4.99892
40.484293925713068	4.99912
40.511701693588165	4.99931
40.539113235388555	4.99949
40.566527551209788	4.99965
40.593943782406761	4.99978
40.621361224978571	4.99987
40.648779382890943	4.99992
40.676197958294765	4.99994
40.703616857675222	4.99993
40.731036166765996	4.99988
40.758456123237679	4.99982
40.785877044156358	4.99975
40.813299309340067	4.99968
40.84072330371702	4.99963
40.868149312258332	4.9996
40.895577504187152	4.9996
40.923007881394859	4.99964
40.950440248077172	4.99971
40.977874184755493	4.99983
41.005309061529708	4.99997
41.032744083484495	5.00015
41.060178293921474	5.00034
41.087610637843127	5.00054
41.11504001648386	5.00074
41.142465363593885	5.00092
41.169885690209298	5.00107
41.197300131481001	5.0012
41.224707996226499	5.00129
41.252108795670608	5.00134
41.279502261414635	5.00135
41.306888341041869	5.00132
41.334267172378347	5.00127
41.361639036175397	5.0012
41.389004318377509	5.00112
41.416363444961	5.00105
41.443716833627924	5.00099
41.47106483328303	5.00094
41.498407679753392	5.00093
41.525745446511763	5.00095
41.553078032721636	5.001
41.580405147283784	5.00109
41.607726314431446	5.0012
41.63504089895828	5.00134
41.662348169033237	5.00149
41.689647295068703	5.00165
41.71693741940242	5.0018
41.744217705623605	5.00194
41.771487404469248	5.00206
41.798745897717566	5.00214
41.825992748599433	5.00218
41.853227734900798	5.00218
41.880450831936407	5.00215
41.907662214308402	5.00209
41.93486224999716	5.00199
41.962051446828234	5.00188
41.989230410606318	5.00176
42.01639979626939	5.00164
42.043560272249138	5.00153
42.070712429066184	5.00144
42.097856772745423	5.00137
42.124993657478036	5.00134
42.152123279914008	5.00133
42.179245666976527	5.00136
42.206360666613087	5.00142
42.233467986785854	5.00149
42.26056720834206	5.00159
42.287657827429115	5.00168
42.314739321844634	5.00178
42.341811199105258	5.00186
42.368873025812306	5.00192
42.395924474508725	5.00195
42.422965386296582	5.00195
42.449995776541293	5.00191
42.477015848142521	5.00184
42.504025995514851	5.00173
42.531026780672839	5.0016
42.558018913517877	5.00145
42.585003197763804	5.0013
42.611980490595514	5.00114
42.638951652718646	5.00099
42.665917493666875	5.00085
42.692878729716213	5.00074
42.719835955864752	5.00066
42.746789617108618	5.00061
42.773739989247879	5.00059
42.80068718495626	5.0006
42.827631173972449	5.00062
42.854571802100409	5.00067
42.881508815261213	5.00073
42.908441910328833	5.00078
42.935370791853153	5.00083
42.962295215127583	5.00085
42.989215039275855	5.00086
43.016130238326689	5.00084
43.04304093909316	5.00078
43.069947443683112	5.00069
43.096850221403521	5.00058
43.123749886237505	5.00044
43.150647197913131	5.00028
43.177543015676001	5.00011
43.204438231266892	4.99994
43.231333758789802	4.99978
43.258230470699537	4.99963
43.285129153152802	4.99951
43.312030488558648	4.9994
43.338935031921075	4.99934
43.365843151236454	4.9993
43.392755051843743	4.99929
43.419670797645821	4.9993
43.446590318222036	4.99933
43.473513444538455	4.99937
43.500439944565571	4.99942
43.527369564955343	4.99946
43.554302075481438	4.99949
43.581237313183202	4.9995
43.608175223683588	4.99949
43.635115880379402	4.99945
43.662059510485371	4.99938
43.689006484245077	4.99929
43.715957302290647	4.99917
43.742912600779597	4.99903
43.769873117033221	4.99888
43.796839649236389	4.99874
43.823813002988807	4.99859
43.850793954844214	4.99846
43.877783208619547	4.99835
43.90478135885914	4.99827
43.931788857081202	4.99822
43.958805999443555	4.99819
43.985832916667462	4.9982
44.012869578204437	4.99823
44.039915822349613	4.99828
44.066971366565362	4.99835
44.0940358534287	4.99842
44.121108892094249	4.99849
44.148190099141566	4.99855
44.175279151598019	4.9986
44.202375805516247	4.99862
44.229479938009469	4.99862
44.256591556856051	4.99859
44.283710812368298	4.99854
44.31083798808011	4.99847
44.337973483095816	4.99838
44.365117781966148	4.99828
44.392271434920076	4.99818
44.419435000804029	4.99808
44.446609012277044	4.99799
44.473793930138683	4.99793
44.500990101808668	4.99789
44.528197742040746	4.99788
44.555416901955375	4.9979
44.582647477770699	4.99795
44.60988920554351	4.99803
44.637141676919768	4.99813
44.664404364381838	4.99824
44.691676664077093	4.99836
44.718957924411995	4.99848
44.746247500368568	4.99859
44.773544796239321	4.99868
44.800849288559938	4.99876
44.828160565542348	4.99881
44.855478369465622	4.99883
44.882802580370736	4.99883
44.910133178984445	4.99881
44.937470260037287	4.99878
44.96481399169393	4.99874
44.992164610564899	4.9987
45.019522363658652	4.99866
45.046887476227852	4.99863
45.074260106157347	4.99862
45.101640310838022	4.99863
45.129028024978474	4.99867
45.156423033621891	4.99873
45.183824976329262	4.99883
45.211233341219483	4.99894
45.23864749256343	4.99908
45.26606668891182	4.99923
45.293490116854507	4.99938
45.320916940162824	4.99953
45.348346328909663	4.99968
45.375777498950328	4.9998
45.403209750030214	4.99991
45.430642489092001	5
45.458075239937855	5.00006
45.48550766824161	5.00009
45.512939604486874	5.0001
45.540370990044217	5.0001
45.567801851241562	5.00008
45.595232292602255	5.00005
45.622662437018761	5.00004
45.650092386421122	5.00003
45.677522181750092	5.00004
45.704951783814387	5.00006
45.732381048234721	5.00011
45.75980969110276	5.00019
45.787237290140276	5.00029
45.814663293252501	5.00041
45.842087050490221	5.00055
45.869507818602251	5.00069
45.896924792499298	5.00084
45.924337154332534	5.00099
45.951744103704975	5.00112
45.979144919913395	5.00123
46.0065389824167	5.00133
46.033925766074709	5.0014
46.061304881968802	5.00144
46.088676088453539	5.00147
46.116039266868789	5.00147
46.143394427098471	5.00145
46.170741669689747	5.00142
46.198081169909656	5.00138
46.225413129821085	5.00134
46.252737754465336	5.00131
46.280055210352074	5.00129
46.307365594629431	5.00129
46.334668918608912	5.00131
46.36196510819952	5.00135
46.389253952818613	5.00141
46.416535127925975	5.00149
46.44380820287423	5.00158
46.471072683288149	5.00168
46.49832802041113	5.00178
46.525573668126633	5.00187
46.552809124639303	5.00196
46.580033930750133	5.00202
46.607247717117978	5.00207
46.634450247293785	5.00209
46.661641401922289	5.00209
46.688821188961974	5.00206
46.715989757921129	5.00201
46.743147388718242	5.00195
46.770294438652471	5.00187
46.79743135634871	5.00178
46.824558607458883	5.00169
46.851676669500158	5.00161
46.878785992423815	5.00154
46.905886950506748	5.00149
46.932979858228791	5.00145
46.960064920621619	5.00143
46.987142230055547	5.00143
47.014211783515663	5.00145
47.041273490236534	5.00148
47.068327178663637	5.00153
47.095372612185955	5.00157
47.122409552288559	5.00161
47.149437776049488	5.00165
47.176457108126215	5.00166
47.203467451174774	5.00166
47.230468815293854	5.00164
47.257461321988771	5.00159
47.284445222355309	5.00153
47.311420882933739	5.00144
47.338388770506114	5.00134
47.365349450647606	5.00122
47.39230354321564	5.0011
47.419251718571864	5.00097
47.446194648109326	5.00086
47.473132965928748	5.00075
47.500067264667045	5.00065
47.526998066934226	5.00057
47.553925792698479	5.00051
47.580850750353711	5.00048
47.607773135016167	5.00046
47.63469305425113	5.00045
47.66161054036877	5.00046
47.688525571502183	5.00047
47.715438090245073	5.00048
47.742348041414594	5.00048
47.769255403585603	5.00047
47.796160214154803	5.00046
47.823062563694336	5.00041
47.849962682278424	5.00036
47.8768608770662	5.00028
47.90375756579536	5.00018
47.930653266242686	5.00007
47.957548581687234	4.99995
47.98444416423591	4.99982
48.011340719207027	4.99969
48.038238953014599	4.99956
48.06513954771679	4.99945
48.092043119984908	4.99934
48.118950223049431	4.99926
48.145861332324401	4.99919
48.172776795770332	4.99914
48.199696867907974	4.99912
48.226621698629756	4.9991
48.253551349909117	4.99911
48.280485811815709	4.99912
48.307425036909656	4.99913
48.334368955934181	4.99914
48.36131751618921	4.99914
48.388270698155551	4.99914
48.415228526938812	4.99912
48.442191125736827	4.99907
48.469158718378551	4.99902
48.496131619722505	4.99894
48.523110229554796	4.99885
48.550095027999184	4.99875
48.577086552032412	4.99865
48.604085372080149	4.99854
48.63109206064901	4.99844
48.658107167367312	4.99835
48.685131188977586	4.99827
48.712164545969465	4.99821
48.73920757106977	4.99817
48.766260484557797	4.99815
48.793323400205352	4.99815
48.820396323519816	4.99817
48.84747917097976	4.9982
48.874571785692211	4.99824
48.901673950932604	4.99828
48.928785426526403	4.99833
48.955905973838277	4.99837
48.983035379107079	4.9984
49.010173473018341	4.99842
49.037320156911107	4.99842
49.064475411695987	4.99841
49.091639307565281	4.99838
49.118811998420149	4.99834
49.145993706691222	4.99829
49.173184703558803	4.99824
49.200385292308312	4.99818
49.227595775886876	4.99813
49.254816434340853	4.99809
49.282047499698528	4.99806
49.309289135378258	4.99805
49.336541402573395	4.99806
49.363804264301329	4.99809
49.391077568305931	4.99813
49.41836105452267	4.9982
49.445654372611926	4.99828
49.472957094632605	4.99837
49.500268723815665	4.99846
49.527588754530932	4.99855
49.554916688929616	4.99864
49.582252037620968	4.99873
49.609594347474079	4.9988
49.636943216458803	4.99886
49.664298319488346	4.9989
49.691659426930833	4.99893
49.719026387280927	4.99895
49.746399116288053	4.99895
49.773777588673333	4.99895
49.801161812700862	4.99895
49.828551812844495	4.99894
49.855947595250313	4.99895
49.883349129822086	4.99897
49.910756323426895	4.999
49.938168991408858	4.99905
49.965586874105348	4.99912
49.993009606303552	4.9992
50.020436725297138	4.9993
50.047867697128808	4.99941
50.075301897756063	4.99953
50.102738650314741	4.99966
50.13017725413318	4.99979
50.157617006675672	4.99991
50.185057247392841	5.00002
50.212497390455994	5.00011
50.239936903713463	5.0002
50.26737533494034	5.00026
50.29481234200675	5.00031
50.322247661244511	5.00034
50.349681099125242	5.00037
50.377112529866352	5.00038
50.404541875564227	5.00039
50.431969089366099	5.0004
50.459394104429023	5.00042
50.486816829900945	5.00044
50.514237122221992	5.00048
50.541654786476307	5.00053
50.569069541027744	5.0006
50.596481020175787	5.00068
50.623888783918296	5.00077
50.651292314987899	5.00087
50.678691065691417	5.00098
50.706084455143063	5.00109
50.733471848716938	5.0012
50.760852655675919	5.00131
50.788226300927768	5.0014
50.815592264352794	5.00148
50.842950110488438	5.00155
50.870299487469993	5.0016
50.897640142373497	5.00162
50.924971920201529	5.00164
50.952294758850272	5.00163
50.97960867227232	5.00162
51.006913729381907	5.0016
51.034210051788918	5.00157
51.061497787774641	5.00155
51.088777046815387	5.00154
51.116047899935936	5.00154
51.143310364429603	5.00155
51.170564394595964	5.00157
51.197809869881006	5.0016
51.225046620599379	5.00164
51.252274416276187	5.0017
51.279492960348435	5.00176
51.306701933434852	5.00182
51.333901018077803	5.00188
51.361089892226858	5.00193
51.388268267997269	5.00197
51.415435936876918	5.002
51.442592753052068	5.00201
51.469738661571341	5.002
51.496873700344949	5.00198
51.523997997154481	5.00194
51.55111177391634	5.00189
51.578215323618402	5.00182
51.605308999308541	5.00175
51.632393192587379	5.00168
51.659468299869317	5.00161
51.68653471807032	5.00154
51.713592818238361	5.00148
51.740642918763626	5.00143
51.767685266650794	5.0014
51.794720031853487	5.00138
51.821747323397808	5.00137
51.848767202764058	5.00137
51.875779666550208	5.00138
51.902784677411354	5.00139
51.929782188974201	5.0014
51.956772164833602	5.0014
51.983754592352746	5.00139
52.010729502725923	5.00138
52.03769697968287	5.00135
52.064657190502281	5.0013
52.091610382891488	5.00124
52.118556894546764	5.00116
52.145497131066591	5.00108
52.172431560410502	5.00098
52.199360722505098	5.00087
52.226285184863741	5.00077
52.25320552606113	5.00066
52.280122297357288	5.00057
52.307036020514758	5.00048
52.333947180895372	5.0004
52.360856207259701	5.00033
52.387763451348086	5.00028
52.414669191492067	5.00024
52.441573657639637	5.00021
52.468477017707251	5.00019
52.495379373971218	5.00017
52.52228080874508	5.00015
52.549181411951103	5.00014
52.576081263466698	5.00012
52.602980491736346	5.00009
52.629879253850348	5.00005
52.656777773115081	4.99999
52.683676347417972	4.99992
52.710575359282316	4.99984
52.737475239999966	4.99975
52.764376472778977	4.99965
52.791279593179588	4.99954
52.81818517061199	4.99944
52.845093786668606	4.99933
52.872006004852182	4.99923
52.898922361471065	4.99914
52.925843337056712	4.99906
52.952769350597094	4.999
52.979700757139071	4.99895
53.006637831953505	4.99891
53.033580779873084	4.99888
53.060529740281694	4.99887
53.087484786577598	4.99887
53.11444595024841	4.99886
53.141413253328444	4.99886
53.168386727455562	4.99885
53.195366413423159	4.99883
53.222352387302422	4.99881
53.24934477165629	4.99878
53.27634374737891	4.99874
53.303349550858684	4.99868
53.330362477265204	4.99862
53.35738287205708	4.99855
53.384411115666126	4.99847
53.411447616493398	4.9984
53.43849278569855	4.99833
53.465547015886862	4.99826
53.492610672686425	4.9982
53.519684069472234	4.99815
53.546767464749372	4.99812
53.573861038499139	4.9981
53.60096489503114	4.9981
53.628079062346785	4.99811
53.655203494707422	4.99813
53.682338084226636	4.99816
53.709482675858638	4.99819
53.736637074865982	4.99823
53.763801092478147	4.99826
53.790974539767795	4.9983
53.818157254547344	4.99832
53.845349112247852	4.99833
53.872550031881168	4.99834
53.899759987808274	4.99834
53.9269790010988	4.99832
53.954207141253235	4.9983
53.981444519532936	4.99828
54.008691263623739	4.99826
54.035947506510844	4.99824
54.06321336587996	4.99822
54.090488923587628	4.99822
54.117774215303491	4.99822
54.145069215632816	4.99824
54.17237382129683	4.99827
54.199687856232373	4.99832
54.227011087897573	4.99838
54.25434319300382	4.99845
54.281683781565469	4.99853
54.309032399836006	4.99862
54.336388561582964	4.99871
54.363751773286687	4.9988
54.391121558308697	4.99888
54.4184974589962	4.99896
54.445879056072954	4.99903
54.473265984931444	4.99908
54.500657936297337	4.99913
54.528054667466563	4.99916
54.555455983543027	4.99919
54.582861730112811	4.99921
54.610271792149661	4.99923
54.63768606503838	4.99925
54.665104434793342	4.99928
54.692526773768918	4.99931
54.719952914228735	4.99935
54.747382618863462	4.9994
54.774815590574079	4.99947
54.802251459548479	4.99955
54.829689771241085	4.99965
54.857130012316055	4.99974
54.884571652926546	4.99985
54.912014102101786	4.99996
54.939456745384661	5.00007
54.966898986991403	5.00018
54.994340240566935	5.00028
55.02177994990528	5.00038
55.049217594718542	5.00046
55.076652737994422	5.00052
55.104085004129374	5.00058
55.131514084348531	5.00063
55.158939724582396	5.00066
55.186361726742788	5.00069
55.213779940376391	5.00071
55.241194246910105	5.00074
55.268604522158135	5.00076
55.296010635280666	5.00079
55.323412423311524	5.00082
55.350809697646838	5.00087
55.37820222508293	5.00092
55.405589717132607	5.00099
55.432971799045497	5.00106
55.460348065608883	5.00115
55.487718040286524	5.00124
55.51508122719251	5.00133
55.542437119408653	5.00143
55.569785215132121	5.00151
55.597125038625144	5.00159
55.62445616638675	5.00166
55.651778237683175	5.00171
55.679090965220901	5.00175
55.706394143072799	5.00177
55.73368767340618	5.00178
55.760971517273902	5.00177
55.788245693763692	5.00176
55.815510259611898	5.00174
55.842765319722702	5.00172
55.870010980983196	5.0017
55.897247359820852	5.00168
55.924474568509503	5.00167
55.95169266814834	5.00167
55.978901670082877	5.00168
56.006101557418411	5.00169
56.033292244521007	5.00172
56.060473587162733	5.00175
56.087645414941413	5.00178
56.114807548333403	5.00182
56.141959780710167	5.00186
56.169101930645311	5.00189
56.196233830955215	5.00191
56.223355363808373	5.00192
56.250466477104794	5.00192
56.277567174488979	5.0019
56.304657553364464	5.00188
56.331737776753535	5.00183
56.358808080678692	5.00178
56.385868766838939	5.00171
56.412920188488002	5.00164
56.439962723803404	5.00157
56.466996744046853	5.0015
56.494022633400213	5.00144
56.521040757043288	5.00138
56.548051445374107	5.00132
56.57505498141213	5.00128
56.602051611225214	5.00124
56.629041521307812	5.00122
56.656024860704356	5.0012
56.683001729883372	5.00119
56.709972188683551	5.00118
56.736936293430396	5.00117
56.763894088286236	5.00116
56.790845651129139	5.00114
56.817791092512564	5.00111
56.844730562016707	5.00107
56.871664267289383	5.00102
56.898592499021497	5.00095
56.925515601659271	5.00088
56.952433973614525	5.0008
56.979348054414324	5.00071
57.006258332244883	5.00061
57.03316533383353	5.00051
57.060069586551847	5.00041
57.086971612520337	5.00032
57.113871914863182	5.00023
57.14077096988985	5.00015
57.16766920251488	5.00009
57.194566967212069	5.00003
57.22146459060405	4.99998
57.248362321809864	4.99994
57.275260378218995	4.99991
57.302158924759432	4.99988
57.329058112331381	4.99986
57.355958070412449	4.99983
57.382858954873079	4.9998
57.409760928022749	4.99976
57.436664187535193	4.99972
57.463568964812637	4.99966
57.490475550402508	4.9996
57.517384298620968	4.99953
57.544295598170748	4.99944
57.57120989101881	4.99936
57.598127649437458	4.99927
57.625049364283555	4.99917
57.651975532107947	4.99908
57.678906647649576	4.999
57.705843172135481	4.99892
57.732785537138184	4.99885
57.759734119928481	4.99879
57.786689224630187	4.99874
57.813651109468466	4.9987
57.840619981352845	4.99868
57.867595992033394	4.99866
57.894579246299386	4.99865
57.921569812835642	4.99864
57.948567742200972	4.99863
57.975573078225018	4.99862
58.002585869694066	4.99861
58.029606187248703	4.99859
58.05663413181356	4.99856
58.083669839568017	4.99853
58.110713494796592	4.99849
58.137765317453919	4.99844
58.1648255662938	4.99839
58.191894526480787	4.99833
58.218972503979458	4.99828
58.246059814414174	4.99822
58.273156753692056	4.99817
58.300263595121521	4.99813
58.32738057222636	4.9981
58.354507865723328	4.99808
58.381645591036303	4.99807
58.408793799049164	4.99807
58.435952478800914	4.99809
58.463121560935498	4.99811
58.490300926491614	4.99814
58.517490413065694	4.99818
58.544689824854693	4.99821
58.571898956047896	4.99825
58.599117595299035	4.99829
58.626345546850033	4.99832
58.653582645289049	4.99835
58.680828762006172	4.99836
58.708083797229037	4.99837
58.735347696024427	4.99838
58.762620432769722	4.99838
58.789902006584448	4.99838
58.817192439399768	4.99837
58.844491753994724	4.99837
58.871799954626788	4.99837
58.899117044208715	4.99838
58.926442976913535	4.9984
58.953777636219257	4.99844
58.981120846281378	4.99848
59.008472349724293	4.99854
59.035831831234439	4.99861
59.063198927743791	4.99869
59.090573223672713	4.99877
59.117954262796587	4.99886
59.145341566410508	4.99895
59.172734647761743	4.99903
59.200133033196906	4.99911
59.227536271068935	4.99919
59.254943939175256	4.99926
59.282355666376837	4.99932
59.309771113198451	4.99937
59.337190001491088	4.99942
59.364612089956758	4.99946
59.392037163143605	4.99949
59.419465042564703	4.99952
59.446895549198381	4.99956
59.474328486487394	4.9996
59.501763624384964	4.99964
59.52920071253488	4.9997
59.556639469959819	4.99975
59.584079577206118	4.99983
59.611520641848138	4.9999
59.638962229658937	4.99999
59.666403863853247	5.00009
59.693845026512278	5.00019
59.721285156472391	5.00029
59.74872369668546	5.00039
59.776160088805014	5.00049
59.803593807499148	5.00058
59.831024344403261	5.00066
59.858451235652133	5.00074
59.885874071274458	5.0008
59.913292511656195	5.00085
59.940706264766924	5.0009
59.968115088852649	5.00093
59.99551878950674	5.00097
60.022917202145933	5.00099
60.050310198944899	5.00101
60.077697663588282	5.00104
60.105079444435653	5.00107
60.132455377989672	5.00111
60.159825254920527	5.00115
60.187188815422573	5.00121
60.214545768225165	5.00127
60.241895769880195	5.00134
60.269238446104772	5.00141
60.296573399267011	5.00149
60.323900223007193	5.00156
60.351218515555296	5.00163
60.378527890994718	5.00169
60.405828014268998	5.00174
60.433118615266771	5.00179
60.460399448238363	5.00182
60.487670332527799	5.00185
60.514931150231085	5.00186
60.542181848473838	5.00186
60.569422427036336	5.00185
60.596652955651422	5.00183
60.623873537935992	5.00181
60.651084283915623	5.00178
60.678285322156391	5.00176
60.705476785239526	5.00174
60.732658763701941	5.00173
60.759831320403642	5.00173
60.786994504796127	5.00173
60.81414831257301	5.00173
60.841292717133612	5.00174
60.868427652536532	5.00176
60.895553030133001	5.00178
60.922668759769081	5.0018
60.94977474773097	5.00181
60.976870926333078	5.00182
61.003957258563254	5.00182
61.031033745708314	5.00181
61.058100449429666	5.00179
61.085157490782315	5.00175
61.112205047469594	5.00171
61.139243337065459	5.00166
61.166272627609345	5.00161
61.193293236948378	5.00154
61.220305525276743	5.00147
61.247309858341389	5.0014
61.27430661351319	5.00133
61.301296163517534	5.00127
61.328278869917284	5.00121
61.355255059537157	5.00115
61.382225019990493	5.00111
61.409188994461317	5.00107
61.436147193054644	5.00104
61.463099794409729	5.00101
61.490046959388614	5.00098
61.516988819582323	5.00096
61.543925497289436	5.00093
61.570857149989763	5.0009
61.597783945224414	5.00087
61.624706080037917	5.00083
61.651623772596153	5.00078
61.678537292164741	5.00071
61.705446964636195	5.00065
61.732353161313306	5.00057
61.75925629383525	5.00049
61.786156809149055	5.0004
61.813055190268443	5.0003
61.839951936612536	5.00022
61.866847520490204	5.00013
61.893742419215201	5.00004
61.920637094033786	4.99996
61.947531961092757	4.99989
61.974427412496858	4.99983
62.00132378163822	4.99978
62.028221360931738	4.99973
62.055120413920406	4.99968
62.082021174858518	4.99965
62.10892384484869	4.99961
62.135828600160153	4.99958
62.162735617621884	4.99954
62.189645098762739	4.9995
62.216557256173715	4.99946
62.243472322102747	4.99941
62.27039056837549	4.99935
62.297312296109268	4.99929
62.324237845332654	4.99922
62.351167593043655	4.99915
62.378101938244313	4.99907
62.405041304733892	4.99899
62.431986123704625	4.99891
62.458936804788479	4.99884
62.485893747823241	4.99877
62.512857334459866	4.9987
62.539827923736667	4.99865
62.566805823953565	4.9986
62.593791297237232	4.99856
62.620784555353495	4.99853
62.647785768497535	4.9985
62.674795060230011	4.99849
62.701812521125056	4.99848
62.72883821593247	4.99847
62.755872191937399	4.99846
62.78291449993786	4.99845
62.809965192821203	4.99844
62.837024337247662	4.99842
62.864092027361622	4.9984
62.891168383371294	4.99837
62.918253565325692	4.99834
62.945347751477563	4.9983
62.972451144130702	4.99826
62.999563963147082	4.99822
63.026686426449103	4.99818
63.05381874547404	4.99815
63.080961112066497	4.99812
63.108113679113103	4.9981
63.135276576937208	4.99808
63.162449884528129	4.99808
63.189633627588044	4.99809
63.216827779523442	4.9981
63.244032260219385	4.99813
63.271246942520662	4.99816
63.298471657842981	4.99819
63.325706210403453	4.99823
63.352950391906894	4.99827
63.380203979177224	4.99831
63.407466754592598	4.99835
63.434738512403392	4.99839
63.46201906361447	4.99842
63.489308247476963	4.99844
63.516605930954526	4.99846
63.543912000000603	4.99848
63.571226379390644	4.99849
63.59854902113932	4.9985
63.625879839326217	4.99852
63.653218756193191	4.99854
63.680565643439095	4.99857
63.707920354378679	4.9986
63.735282706184655	4.99864
63.762652480794188	4.99869
63.790029405551685	4.99875
63.817413162424707	4.99882
63.844803387557768	4.99889
63.872199676737381	4.99897
63.899601609083852	4.99905
63.927008731912863	4.99914
63.954420584613345	4.99922
63.98183670821048	4.9993
64.00925666464488	4.99938
64.036680029520696	4.99945
64.064106404970971	4.99951
64.091535441144742	4.99958
64.118966797649733	4.99963
64.14640016197086	4.99969
64.173835247481378	4.99974
64.20127178030215	4.99978
64.228709500670092	4.99983
64.256148176035254	4.99987
64.283587538485918	4.99993
64.311027303745107	4.99998
64.338467179893541	5.00004
64.365906837121457	5.00011
64.393345892936495	5.00019
64.420783924297979	5.00027
64.448220497696653	5.00035
64.475655150046336	5.00044
64.503087397139268	5.00053
64.530516740553423	5.00062
64.557942681249202	5.00071
64.585364750543107	5.00079
64.612782503907027	5.00086
64.640195522152055	5.00093
64.667603428018538	5.001
64.695005879053483	5.00105
64.722402591637561	5.00109
64.749793329803666	5.00113
64.77717788239471	5.00117
64.804556053186914	5.0012
64.831927675671736	5.00123
64.859292563520995	5.00126
64.886650539760979	5.0013
64.914001415363288	5.00134
64.941344984843681	5.00138
64.968681021072129	5.00142
64.996009278204625	5.00147
65.023329492974597	5.00152
65.050641383410849	5.00158
65.077944669229623	5.00162
65.105239092212642	5.00167
65.132524377972331	5.00172
65.159800264241412	5.00177
65.187066503559066	5.00181
65.214322894385589	5.00184
65.241569259389777	5.00186
65.268805482976333	5.00187
65.296031511279978	5.00188
65.323247309753782	5.00188
65.350452887053677	5.00187
65.377648307370578	5.00185
65.404833644942613	5.00184
65.432008984164398	5.00182
65.459174434302867	5.0018
65.486330113325977	5.00178
65.513476120039627	5.00176
65.540612553443694	5.00175
65.567739485561148	5.00174
65.5948569739692	5.00173
65.621965065751098	5.00173
65.649063786863294	5.00172
65.676153166509053	5.00172
65.703233225200918	5.00172
65.730303992816602	5.00171
65.757365517410847	5.0017
65.784417865979307	5.00168
65.811461129862295	5.00166
65.838495412266241	5.00163
65.865520864434941	5.0016
65.892537689464262	5.00155
65.919546116723993	5.00151
65.946546411517815	5.00145
65.973538877200966	5.00139
66.000523842818183	5.00133
66.027501654624743	5.00126
66.054472662171449	5.0012
66.081437200261504	5.00114
66.108395611277146	5.00108
66.135348207507292	5.00102
66.16229529857705	5.00097
66.189237168041089	5.00092
66.216174076474417	5.00087
66.243106272571652	5.00083
66.270033998846571	5.00079
66.296957483835342	5.00075
66.323876942826914	5.00071
66.350792586956459	5.00067
66.377704644594786	5.00062
66.404613370275257	5.00057
66.431519034251721	5.00051
66.458421930849156	5.00045
66.485322394268209	5.00038
66.512220793343644	5.00031
66.539117504787015	5.00024
66.566012921961033	5.00016
66.592907476724946	5.00008
66.619801587284087	5
66.64669568977196	4.99992
66.673590197602238	4.99985
66.700485519340347	4.99978
66.727382044383802	4.9997
66.754280159958512	4.99964
66.781180205544871	4.99958
66.808082494822671	4.99953
66.834987314949686	4.99948
66.861894936718869	4.99943
66.88880561585465	4.99939
66.915719587566741	4.99934
66.942637090536564	4.9993
66.969558355047752	4.99926
66.996483614514744	4.99921
67.02341312125111	4.99916
67.0503471405695	4.99911
67.077285954808815	4.99905
67.104229866761671	4.999
67.131179192541296	4.99894
67.158134247028713	4.99887
67.185095368494132	4.99881
67.212062909491195	4.99875
67.239037215689109	4.99868
67.266018621097089	4.99863
67.293007444048712	4.99857
67.320003976735237	4.99852
67.347008484016129	4.99848
67.374021194350249	4.99845
67.401042307288265	4.99842
67.42807198567165	4.99839
67.455110359709778	4.99837
67.482157537282589	4.99836
67.509213598622878	4.99835
67.536278612811969	4.99834
67.563352638005782	4.99832
67.590435739117183	4.99831
67.61752798295592	4.9983
67.644629443326167	4.99828
67.671740206864513	4.99827
67.698860371552641	4.99825
67.72599004608945	4.99823
67.753129344726503	4.99821
67.780278378482421	4.99819
67.807437266492599	4.99817
67.834606117332555	4.99815
67.861785026563155	4.99814
67.888974067005321	4.99813
67.91617327657471	4.99813
67.943382667048098	4.99814
67.970602208757427	4.99815
67.997831833098388	4.99817
68.025071445092195	4.99819
68.052320910385944	4.99822
68.079580061778657	4.99826
68.10684871354141	4.9983
68.134126656192024	4.99834
68.161413671421613	4.99838
68.188709540260945	4.99842
68.216014043314033	4.99846
68.243326967775758	4.99849
68.270648133715909	4.99853
68.297977354093874	4.99856
68.325314443326675	4.9986
68.352659210264392	4.99863
68.380011460769111	4.99867
68.407370999466082	4.9987
68.434737638195514	4.99874
68.462111168362526	4.99878
68.489491362039544	4.99883
68.51687796988773	4.99888
68.544270716595861	4.99893
68.571669309307183	4.99899
68.59907342141986	4.99906
68.626482696606033	4.99913
68.653896764290934	4.9992
68.681315224419009	4.99927
68.708737669277838	4.99935
68.736163685787744	4.99943
68.76359285303225	4.9995
68.791024746406393	4.99958
68.818458959509584	4.99965
68.845895083026107	4.99973
68.873332709521307	4.9998
68.900771454295821	4.99986
68.928210980655024	4.99992
68.955650956019255	4.99998
68.983091048113153	5.00004
69.010530947909785	5.00009
69.037970352538068	5.00015
69.065408939283259	5.00021
69.092846378834139	5.00027
69.120282335561058	5.00033
69.147716464274779	5.0004
69.175148405684681	5.00047
69.202577777013232	5.00054
69.230004181081839	5.00061
69.257427215327169	5.00069
69.284846475493737	5.00076
69.31226155378242	5.00084
69.33967204230332	5.00091
69.367077543563596	5.00098
69.394477676542039	5.00104
69.421872100025723	5.0011
69.449260491528833	5.00116
69.476642523110556	5.00121
69.504017913734231	5.00126
69.531386384729501	5.00131
69.558747674912709	5.00135
69.586101554788527	5.0014
69.613447801668968	5.00143
69.64078620786087	5.00147
69.668116577042468	5.0015
69.69543872475478	5.00154
69.722752468935482	5.00157
69.75005762847502	5.0016
69.777354044200777	5.00163
69.804641567026508	5.00166
69.831920018229738	5.0017
69.859189222590956	5.00173
69.886449010754859	5.00176
69.913699218493008	5.00179
69.940939694330353	5.00181
69.968170321877423	5.00183
69.995390989538166	5.00185
70.022601602714431	5.00186
70.049802103882925	5.00187
70.076992457471391	5.00187
70.104172635553439	5.00187
70.131342643009987	5.00186
70.158502525082795	5.00185
70.185652335391168	5.00184
70.212792158811936	5.00182
70.239922083817405	5.00181
70.267042209551562	5.00179
70.294152654189261	5.00177
70.321253528490331	5.00174
70.348344964619741	5.00172
70.375427086822469	5.0017
70.402500022139407	5.00167
70.429563904288102	5.00165
70.456618868044075	5.00162
70.483665046457048	5.0016
70.510702560057453	5.00158
70.537731540658783	5.00155
70.564752134083236	5.00152
70.591764503883255	5.00149
70.618768819354912	5.00145
70.645765280913466	5.00142
70.672754104405541	5.00137
70.699735534171865	5.00132
70.726709830183225	5.00127
70.753677259101863	5.00122
70.780638109673305	5.00117
70.807592677614906	5.00111
70.834541279186368	5.00105
70.861484240645723	5.00099
70.888421883543757	5.00093
70.915354525295299	5.00086
70.942282510979197	5.0008
70.969206165269767	5.00075
70.996125805577492	5.00069
71.023041727326856	5.00064
71.049954227523344	5.00058
71.076863609044267	5.00053
71.103770162827118	5.00047
71.130674176590148	5.00042
71.157575945214717	5.00036
71.184475771982491	5.0003
71.211373966423253	5.00025
71.238270823355066	5.00019
71.265166676641954	5.00013
71.292061852531717	5.00006
71.318956697888723	5
71.345851563895806	4.99993
71.372746815325925	4.99986
71.39964280804061	4.99979
71.42653992569474	4.99972
71.453438541792607	4.99965
71.480339032314632	4.99959
71.507241750429444	4.99952
71.53414705357352	4.99945
71.561055295439289	4.99939
71.587966808070334	4.99933
71.614881909537672	4.99928
71.641800909451263	4.99922
71.668724095648173	4.99917
71.6956517455246	4.99912
71.722584128017985	4.99907
71.749521504552533	4.99903
71.776464133254507	4.99898
71.803412266466793	4.99894
71.830366140456803	4.99889
71.857326000411945	4.99884
71.88429210457123	4.99879
71.911264719030015	4.99874
71.93824411076028	4.9987
71.965230545056826	4.99865
71.992224286813482	4.9986
72.019225603657887	4.99855
72.046234748807919	4.99851
72.07325196971513	4.99846
72.100277497170339	4.99842
72.127311547389354	4.99839
72.154354322619398	4.99836
72.181405997569286	4.99833
72.208466729098944	4.9983
72.235536651127674	4.99828
72.262615879622871	4.99826
72.289704521969313	4.99825
72.316802661592192	4.99824
72.343910369529496	4.99822
72.371027707848114	4.99822
72.398154724439649	4.99821
72.425291459603784	4.9982
72.452437947825572	4.9982
72.479594214802034	4.99819
72.506760295124607	4.99819
72.533936218158203	4.99819
72.561122006029933	4.99818
72.588317673282504	4.99818
72.615523227173995	4.99819
72.642738659991949	4.99819
72.669963950946013	4.9982
72.697199064929436	4.99821
72.724443956237494	4.99822
72.751698548650666	4.99824
72.778962747226046	4.99826
72.806236432252632	4.99829
72.833519460126396	4.99832
72.860811668557204	4.99835
72.888112875506593	4.99839
72.915422875766339	4.99843
72.942741470892756	4.99847
72.970068455135376	4.99851
72.997403575498467	4.99856
73.02474658455894	4.99861
73.052097201340899	4.99866
73.079455151230746	4.99871
73.106820162420775	4.99876
73.134191963815454	4.99881
73.161570276716162	4.99886
73.188954825270088	4.99891
73.216345330009375	4.99896
73.243741507862808	4.99902
73.271143080694713	4.99907
73.298549753824531	4.99912
73.325961231708959	4.99918
73.353377192709303	4.99924
73.380797323558127	4.9993
73.408221288081492	4.99937
73.435648729407532	4.99943
73.463079296015479	4.9995
73.490512606436212	4.99957
73.517948261132432	4.99965
73.545385840412976	4.99973
73.57282492829755	4.9998
73.600265113796056	4.99987
73.62770600222504	4.99995
73.655147180798636	5.00002
73.682588246107201	5.00009
73.710028816287249	5.00016
73.737468512754631	5.00023
73.764906948861068	5.0003
73.792343753562932	5.00036
73.819778572254094	5.00042
73.847211065334932	5.00049
73.874640887356918	5.00055
73.902067697192209	5.00061
73.929491155642054	5.00067
73.956910939047418	5.00073
73.984326721196155	5.00079
74.01173816542638	5.00085
74.039144943263523	5.00091
74.066546714756285	5.00097
74.093943160836986	5.00103
74.121333966619275	5.00109
74.148718794046474	5.00115
74.176097314252118	5.00121
74.203469200778471	5.00127
74.230834118884616	5.00133
74.258191753360634	5.00139
74.285541797986241	5.00144
74.312883969569967	5.00149
74.340217999739153	5.00153
74.367543647710804	5.00157
74.394860698676894	5.00161
74.422168955951705	5.00164
74.449468261335625	5.00166
74.476758501868105	5.00168
74.504039549112321	5.00171
74.531311291647256	5.00173
74.558573626099147	5.00174
74.585826465525514	5.00176
74.613069718578359	5.00177
74.640303322499491	5.00178
74.667527225011312	5.0018
74.694741351328375	5.00181
74.72194563902174	5.00182
74.749140044245706	5.00183
74.776324505914587	5.00184
74.803498968817649	5.00184
74.830663408351612	5.00185
74.857817802543394	5.00185
74.884962151164913	5.00185
74.912096468582988	5.00184
74.939220787831459	5.00183
74.966335170338027	5.00182
74.9934396984263	5.0018
75.020534482033426	5.00177
75.047619655142498	5.00175
75.074695369351261	5.00172
75.10176179857028	5.00168
75.128819134770509	5.00164
75.155867581078212	5.00161
75.182907334639751	5.00157
75.209938583271821	5.00154
75.236961528036787	5.0015
75.263976384654825	5.00146
75.29098335285498	5.00142
75.317982634778247	5.00139
75.344974435019296	5.00135
75.371958969108505	5.00131
75.398936449738613	5.00127
75.425907089779486	5.00123
75.452871100203097	5.00119
75.479828712236269	5.00114
75.50678016668158	5.00109
75.533725729487585	5.00104
75.560665671127595	5.00099
75.587600272618204	5.00093
75.614529855764459	5.00087
75.641454752880634	5.00081
75.668375306396754	5.00074
75.695291853676721	5.00068
75.722204739774682	5.00061
75.749114325394117	5.00055
75.776020970685721	5.00048
75.802925031396157	5.00042
75.82982685408993	5.00035
75.85672679719049	5.00028
75.883625209052482	5.00023
75.910522404610873	5.00017
75.937418700727136	5.00011
75.964314414659853	5.00005
75.991209845277339	4.99999
76.018105305711742	4.99994
76.045001088679967	4.99988
76.071897492434445	4.99983
76.098794827306165	4.99977
76.125693419866394	4.99971
76.152593589831483	4.99965
76.179495660892073	4.99958
76.206399968961364	4.99952
76.233306864105501	4.99945
76.260216705317632	4.99939
76.287129843207424	4.99932
76.314046635554206	4.99926
76.340967428854853	4.99919
76.367892565099609	4.99913
76.394822380873165	4.99907
76.421757195512484	4.99902
76.448697317137771	4.99896
76.475643040648905	4.99891
76.502594632170656	4.99887
76.529552338553657	4.99882
76.556516398445154	4.99878
76.583487054827231	4.99874
76.610464529109009	4.9987
76.63744903696174	4.99866
76.664440785241254	4.99862
76.691439979853044	4.99858
76.718446821427847	4.99855
76.745461509788626	4.99851
76.772484246282062	4.99848
76.799515226999887	4.99844
76.82655465050351	4.9984
76.85360271143044	4.99837
76.880659595472181	4.99834
76.907725486766452	4.9983
76.934800557853663	4.99827
76.961884977617601	4.99825
76.988978895269184	4.99822
77.016082443317174	4.9982
77.043195737373168	4.99819
77.07031886818919	4.99817
77.097451904675609	4.99817
77.124594895487732	4.99816
77.151747855178286	4.99816
77.178910797973302	4.99817
77.206083712976096	4.99817
77.233266575769193	4.99818
77.260459349805402	4.99819
77.287661985203741	4.9982
77.314874425975219	4.99821
77.34209660698771	4.99822
77.36932845784122	4.99824
77.396569913107655	4.99825
77.42382089690669	4.99827
77.451081328981076	4.99828
77.478351120913217	4.9983
77.505630174947157	4.99832
77.532918383465855	4.99835
77.560215626839451	4.99837
77.587521766483675	4.9984
77.614836654977935	4.99843
77.642160143868793	4.99846
77.669492028601198	4.9985
77.696832090462991	4.99855
77.724180064467063	4.99861
77.751535668626374	4.99866
77.77889860413184	4.99872
77.806268568192252	4.99878
77.83364523671932	4.99884
77.861028276582971	4.9989
77.888417353076264	4.99896
77.915812127174021	4.99902
77.943212277126179	4.99908
77.970617471652176	4.99914
77.998027386742223	4.9992
78.025441709074755	4.99925
78.052860128772394	4.99931
78.080282335013919	4.99937
78.107708017866287	4.99942
78.135136877630373	4.99948
78.162568585406973	4.99954
78.190002804248607	4.99961
78.217439184304467	4.99967
78.244877353705547	4.99974
78.27231692811624	4.99981
78.299757538117518	4.99989
78.327198779082551	4.99996
78.354640237363711	5.00003
78.382081506205481	5.00011
78.409522172427216	5.00019
78.436961805063333	5.00027
78.464399966183976	5.00034
78.491836249994449	5.00042
78.519270255831756	5.00049
78.546701593252507	5.00056
78.574129884120836	5.00062
78.601554762709029	5.00068
78.62897589142041	5.00074
78.656392953276438	5.0008
78.683805638337745	5.00085
78.711213647789151	5.00091
78.738616687493945	5.00096
78.766014484636813	5.00101
78.793406774776599	5.00105
78.820793287351009	5.00111
78.848173729403527	5.00116
78.875547817240047	5.00122
78.902915236886756	5.00128
78.930275671588134	5.00133
78.957628811798614	5.00139
78.98497433841257	5.00145
79.012311943862557	5.0015
79.039641330812373	5.00155
79.066962225385126	5.0016
79.094274369766154	5.00164
79.121577539683273	5.00168
79.148871563692012	5.0017
79.176156284088549	5.00173
79.203431563882205	5.00175
79.230697283124869	5.00177
79.257953360651968	5.00178
79.28519972628547	5.00179
79.312436338096404	5.00179
79.339663187237463	5.0018
79.366880252894319	5.0018
79.394087517801893	5.0018
79.421284986528178	5.0018
79.448472647138516	5.00181
79.475650471861201	5.00181
79.502818444791146	5.00181
79.529976559677735	5.00182
79.557124796838465	5.00182
79.584263149610749	5.00182
79.611391611850323	5.00182
79.638510189350001	5.00182
79.665618915619916	5.00181
79.692717833116362	5.0018
79.719807024738586	5.00178
79.74688659009125	5.00175
79.773956663265324	5.00172
79.801017408169912	5.00169
79.828069014270426	5.00165
79.855111686826405	5.00161
79.88214563038737	5.00157
79.909171074549249	5.00153
79.936188267836641	5.00148
79.96319745949323	5.00144
79.990198897713796	5.00139
80.017192837426578	5.00134
80.044179528376574	5.0013
80.071159220290824	5.00125
80.098132150622959	5.00121
80.125098537121943	5.00117
80.152058608113592	5.00113
80.179012574397987	5.00109
80.20596066677976	5.00105
80.232903119575923	5.001
80.259840172789268	5.00096
80.286772079713714	5.0009
80.313699128677456	5.00085
80.340621617223107	5.00079
80.367539855402029	5.00073
80.394454159758027	5.00067
80.421364871417254	5.0006
80.448272355592394	5.00053
80.475176979285848	5.00046
80.50207911808225	5.00039
80.528979156895673	5.00032
80.555877487844654	5.00025
80.582774485740615	5.00018
80.609670506297292	5.00011
80.636565916468996	5.00005
80.663461049095318	4.99999
80.690356240434255	4.99993
80.717251795515224	4.99988
80.744148016988902	4.99982
80.771045195839875	4.99977
80.79794363858521	4.99971
80.824843628354941	4.99966
80.85174545258937	4.99961
80.878649399978244	4.99955
80.905555773435765	4.99949
80.93246488897212	4.99943
80.959377064195934	4.99937
80.98629263079728	4.99931
81.013211929348103	4.99924
81.040135297260775	4.99918
81.067063082235947	4.99912
81.093995633461446	4.99905
81.120933288943945	4.99899
81.147876386081037	4.99893
81.174825243945577	4.99888
81.201780154164055	4.99883
81.228741399887014	4.99877
81.255709256464087	4.99873
81.28268397788122	4.99868
81.309665797395866	4.99865
81.336654929528223	4.99861
81.363651571649967	4.99858
81.390655909929464	4.99854
81.417668115315294	4.99851
81.444688353928001	4.99848
81.471716785568589	4.99846
81.498753563586448	4.99843
81.525798848139971	4.9984
81.552852796363396	4.99837
81.579915566603034	4.99834
81.606987318123728	4.99831
81.634068216657937	4.99828
81.661158426651184	4.99825
81.688258102740221	4.99823
81.715367392574962	4.9982
81.742486431721773	4.99818
81.769615335802143	4.99817
81.796754198958411	4.99815
81.823903086800513	4.99815
81.85106204675337	4.99814
81.878231101588227	4.99814
81.905410251538001	4.99815
81.932599471123041	4.99816
81.959798706848318	4.99817
81.987007890082225	4.99819
82.014226930420591	4.99821
82.041455726328394	4.99823
82.068694173199816	4.99825
82.095942161212704	4.99827
82.123199569115712	4.99829
82.15046628303574	4.99832
82.1777421820576	4.99834
82.205027144104434	4.99836
82.232321050599325	4.99838
82.259623776968084	4.99841
82.286935189009839	4.99843
82.314255167094927	4.99846
82.34158356273997	4.99849
82.368920197890134	4.99853
82.396264865277217	4.99858
82.42361732450162	4.99862
82.450977313384826	4.99867
82.478344559122306	4.99873
82.505718758753588	4.99879
82.533099587613791	4.99885
82.560486706162663	4.99892
82.587879761239478	4.99898
82.615278400045312	4.99905
82.642682263192043	4.99911
82.670090985799945	4.99918
82.697504217144285	4.99924
82.724921600171669	4.9993
82.752342798173416	4.99936
82.779767481557059	4.99943
82.807195318003693	4.99948
82.834625985821631	4.99954
82.862059169331076	4.9996
82.889494535429762	4.99967
82.916931732986669	4.99973
82.944370413950054	4.99979
82.971810243662858	4.99985
82.99925087506972	4.99992
83.0266919307508	4.99999
83.054133032090405	5.00006
83.08157379215541	5.00014
83.109013800427874	5.00021
83.136452631708877	5.00029
83.163889860857367	5.00037
83.191325064599951	5.00044
83.218757830094276	5.00052
83.246187740342961	5.00059
83.273614388116101	5.00067
83.301037388353421	5.00073
83.328456381027493	5.00079
83.355871023348996	5.00085
83.383280987571737	5.00091
83.410685964967783	5.00096
83.438085662216039	5.00101
83.465479823510435	5.00106
83.492868204369856	5.00111
83.520250531757029	5.00115
83.54762655815486	5.0012
83.574996012389221	5.00125
83.60235861371639	5.0013
83.629714089326484	5.00136
83.657062149313006	5.00141
83.684402506518637	5.00146
83.711734873856784	5.00151
83.739058973904136	5.00156
83.766374538266362	5.00161
83.793681310344112	5.00165
83.820979071647855	5.00168
83.848267641329613	5.00172
83.875546831175299	5.00175
83.902816484828861	5.00177
83.930076470384861	5.00179
83.957326685837089	5.00181
83.98456705314814	5.00181
84.011797540725681	5.00182
84.039018127752357	5.00182
84.066228800243493	5.00182
84.093429567185993	5.00182
84.120620451420436	5.00182
84.147801456959613	5.00182
84.174972594202288	5.00181
84.202133891248607	5.00181
84.22928535892008	5.00181
84.256427024261697	5.0018
84.283558900540783	5.0018
84.310681001801498	5.0018
84.337793358204138	5.00179
84.364896000751415	5.00178
84.391988987670771	5.00177
84.419072389945441	5.00175
84.446146298763367	5.00173
84.473210836318273	5.0017
84.500266150438804	5.00167
84.527312410430127	5.00164
84.554349793089315	5.00161
84.58137849741837	5.00156
84.608398747178597	5.00152
84.635410789653179	5.00147
84.662414873524014	5.00142
84.689411265112867	5.00138
84.716400234099609	5.00132
84.743382056401018	5.00127
84.770357004536748	5.00123
84.79732533667331	5.00118
84.824287305322954	5.00113
84.851243158289066	5.00109
84.878193143903985	5.00104
84.905137513632098	5.001
84.932076508251313	5.00095
84.959010367950015	5.0009
84.985939366787974	5.00085
85.012863775219898	5.0008
85.03978387575647	5.00075
85.066699947571621	5.00069
85.093612294864883	5.00063
85.120521247048544	5.00057
85.147427142063435	5.0005
85.174330330398334	5.00043
85.201231179847312	5.00036
85.228130069360489	5.00029
85.255027386441824	5.00023
85.281923492843958	5.00015
85.308818773182367	5.00008
85.335713597036047	5.00002
85.362608324535771	4.99995
85.389503308635895	4.99989
85.416398883757267	4.99983
85.443295367031709	4.99977
85.470193080009238	4.99971
85.497092331736567	4.99966
85.523993423404477	4.99961
85.550896636057146	4.99955
85.577802256930809	4.9995
85.604710588245908	4.99944
85.631621923097555	4.99939
85.658536558694792	4.99933
85.685454803552759	4.99927
85.712376970532446	4.99921
85.739303375342587	4.99915
85.766234343495199	4.99909
85.793170201895308	4.99903
85.820111282600934	4.99897
85.847057911347036	4.99891
85.874010391702782	4.99886
85.900969023200901	4.9988
85.927934104138387	4.99875
85.954905926689733	4.9987
85.981884758067423	4.99866
86.008870847867115	4.99861
86.035864425152823	4.99857
86.062865704916447	4.99854
86.089874877967404	4.99851
86.116892123405265	4.99848
86.14391760330588	4.99845
86.170951466492269	4.99842
86.197993860924285	4.9984
86.225044922833064	4.99837
86.252104785573309	4.99835
86.27917358170113	4.99833
86.306251444103424	4.9983
86.333338515759223	4.99828
86.360434930832781	4.99825
86.387540823123871	4.99823
86.414656324643801	4.99821
86.441781553684478	4.99819
86.468916616816799	4.99817
86.49606160728915	4.99816
86.523216591232526	4.99815
86.550381629391865	4.99814
86.577556757668148	4.99814
86.604741983611959	4.99815
86.631937291592735	4.99815
86.659142639727463	4.99817
86.686357961503589	4.99818
86.713583171004672	4.9982
86.740818164070902	4.99822
86.768062831568798	4.99825
86.795317045156125	4.99827
86.822580668070032	4.9983
86.849853558534164	4.99833
86.877135568479034	4.99836
86.904426550364121	4.99838
86.931726356456366	4.99841
86.959034829975323	4.99844
86.98635183400161	4.99846
87.013677230348733	4.9985
87.041010835611985	4.99853
87.068352468358171	4.99857
87.095701902774437	4.99862
87.123058905330694	4.99866
87.150423227678274	4.99871
87.17779460660509	4.99876
87.205172749662452	4.99882
87.232557351425626	4.99888
87.25994808533504	4.99894
87.287344608277976	4.99901
87.314746579022625	4.99907
87.342153635181361	4.99914
87.369565416581835	4.99921
87.396981552036621	4.99927
87.424401686552628	4.99934
87.451825461189983	4.9994
87.479252513217943	4.99946
87.506682507883212	4.99953
87.53411509303443	4.99959
87.561549916187801	4.99966
87.588986618294385	4.99972
87.616424848723824	4.99978
87.643864259490314	4.99985
87.671304519819074	4.99991
87.698745269927144	4.99998
87.726186143522511	5.00004
87.753626782367306	5.00011
87.781066813784705	5.00018
87.80850583789136	5.00026
87.835943449197671	5.00033
87.86337925017223	5.0004
87.89081284061308	5.00048
87.918243812652648	5.00055
87.945671759866812	5.00062
87.973096279077637	5.00069
88.000516995314825	5.00076
88.027933542577017	5.00083
88.055345561612711	5.00089
88.082752719173826	5.00095
88.110154687705673	5.001
88.137551174785088	5.00105
88.164941908666904	5.0011
88.192326611978672	5.00115
88.219705016380217	5.0012
88.247076861635975	5.00125
88.274441871135494	5.0013
88.301799778985469	5.00135
88.329150316707242	5.0014
88.356493222139932	5.00144
88.383828229072336	5.00149
88.41115508286876	5.00154
88.438473534802853	5.00158
88.465783341721462	5.00162
88.4930842880527	5.00166
88.520376196813316	5.00169
88.547658878139373	5.00172
88.57493216290051	5.00175
88.602195894016788	5.00178
88.629449946994882	5.0018
88.656694207353951	5.00181
88.683928604660323	5.00182
88.711153099681297	5.00183
88.738367645886015	5.00183
88.765572222121946	5.00183
88.792766836214938	5.00183
88.81995148705083	5.00183
88.847126178476913	5.00183
88.874290939618305	5.00182
88.901445798948146	5.00182
88.928590788743961	5.00181
88.955725946364623	5.00181
88.982851307943449	5.0018
89.009966920527461	5.00179
89.037072841194856	5.00178
89.064169135261963	5.00176
89.091255885666669	5.00174
89.118333186528034	5.00172
89.14540115076781	5.0017
89.172459913752562	5.00167
89.199509628695594	5.00164
89.226550459159043	5.00161
89.253582569186108	5.00158
89.280606151426298	5.00154
89.30762142949564	5.0015
89.334628627010318	5.00145
89.361627982466288	5.00141
89.388619749488697	5.00136
89.415604195627537	5.00131
89.442581590696378	5.00126
89.469552202435565	5.00121
89.496516286163043	5.00116
89.523474111685886	5.00111
89.550425939691834	5.00106
89.577372043800239	5.00101
89.604312686034703	5.00097
89.631248127856054	5.00091
89.658178651840188	5.00086
89.685104546293303	5.00081
89.712026101774839	5.00075
89.738943603960152	5.0007
89.765857343649145	5.00064
89.79276763378563	5.00058
89.819674797713546	5.00052
89.846579165407888	5.00046
89.873481072441336	5.00039
89.9003808828855	5.00032
89.927278962520703	5.00026
89.954175662014904	5.00019
89.981071337162206	5.00012
90.007966358335466	5.00006
90.034861075452184	4.99999
90.061755853041376	4.99993
90.088651027595958	4.99986
90.115546936210734	4.9998
90.142443912870803	4.99974
90.169342301406616	4.99968
90.196242416194153	4.99962
90.22314456735532	4.99956
90.250049062044184	4.99951
90.2769562053914	4.99945
90.30386630956545	4.99939
90.330779677958617	4.99934
90.357696618895716	4.99928
90.384617434407616	4.99922
90.411542427436004	4.99917
90.438471908717943	4.99911
90.465406185483786	4.99905
90.492345565594007	4.999
90.519290360313974	4.99894
90.54624086626103	4.99889
90.573197364431152	4.99884
90.600160141128541	4.99878
90.627129487309645	4.99873
90.654105674612225	4.99868
90.681088965264749	4.99864
90.708079606147152	4.9986
90.73507783036635	4.99856
90.762083855202732	4.99852
90.789097881874824	4.99848
90.816120100914617	4.99845
90.843150684526861	4.99842
90.8701897938125	4.9984
90.897237582750435	4.99837
90.924294189145897	4.99835
90.951359750356843	4.99832
90.97843439361155	4.9983
91.005518251226675	4.99828
91.032611445500265	4.99826
91.059714093101618	4.99824
91.086826310441353	4.99822
91.113948200946638	4.9982
91.14107985990438	4.99819
91.168221370753216	4.99817
91.195372792096535	4.99816
91.222534185903697	4.99816
91.249705589801465	4.99815
91.276887026190877	4.99815
91.304078498403157	4.99816
91.331279984785112	4.99817
91.358491447296004	4.99818
91.385712825945902	4.99819
91.412944039419585	4.99821
91.440185000415383	4.99823
91.467435600029717	4.99825
91.494695717189458	4.99828
91.521965218725029	4.99831
91.549243960538661	4.99833
91.576531791408485	4.99836
91.603828555759648	4.99839
91.631134088719733	4.99843
91.658448225379161	4.99845
91.685770814736259	4.99849
91.713101667187502	4.99852
91.740440588829273	4.99857
91.767787351029185	4.99861
91.7951417151274	4.99866
91.822503425659036	4.9987
91.849872228452483	4.99876
91.877247844234276	4.99881
91.904629977842603	4.99887
91.932018322569263	4.99893
91.959412556470951	4.99898
91.986812359934859	4.99905
92.014217391751671	4.99911
92.041627305685722	4.99917
92.06904175700717	4.99924
92.096460393182852	4.9993
92.123882858942764	4.99937
92.151308802369357	4.99943
92.178737876270077	4.9995
92.20616971567128	4.99956
92.233603961357588	4.99963
92.261040247673108	4.9997
92.288478199653525	4.99977
92.315917439759261	4.99983
92.343357623224762	4.9999
92.370798380786155	4.99996
92.398239338825746	5.00003
92.425680133048417	5.0001
92.45312039536276	5.00017
92.480559738072273	5.00024
92.507997762620036	5.00031
92.535434085673543	5.00038
92.562868320505842	5.00045
92.590300080803459	5.00052
92.617728974870488	5.00059
92.645154615585909	5.00066
92.672576630899428	5.00073
92.699994662448162	5.00079
92.727408357085807	5.00085
92.754817369201689	5.00092
92.782221364617399	5.00097
92.809620032002741	5.00103
92.837013082540395	5.00108
92.864400232710253	5.00113
92.891781184907643	5.00118
92.919155665249477	5.00124
92.946523382410902	5.00129
92.973884051818459	5.00134
93.001237400037169	5.00139
93.02858315213328	5.00144
93.05592104120619	5.00149
93.083250809710592	5.00153
93.110572215873276	5.00157
93.137885026779173	5.00161
93.16518902696744	5.00165
93.192484040231506	5.00168
93.219769904537955	5.00171
93.247046459393459	5.00173
93.274313553544943	5.00176
93.301571065164495	5.00178
93.328818882358703	5.0018
93.356056917845919	5.00181
93.38328512070197	5.00182
93.410503437461941	5.00182
93.43771182469952	5.00183
93.464910271500884	5.00183
93.492098764298646	5.00183
93.519277283060106	5.00184
93.546445829473811	5.00183
93.573604427255319	5.00183
93.600753091888123	5.00182
93.627891857914051	5.00182
93.65502075780779	5.00181
93.682139835291622	5.0018
93.709249155149976	5.00179
93.736348780741125	5.00177
93.763438808996995	5.00175
93.79051933992082	5.00173
93.817590497340518	5.00171
93.84465242570721	5.00168
93.871705286000093	5.00165
93.898749246830235	5.00162
93.92578447432507	5.00158
93.952811159757957	5.00154
93.979829510062984	5.0015
94.006839742975288	5.00146
94.03384208098413	5.00142
94.060836764930059	5.00137
94.087824037752057	5.00133
94.114804156563267	5.00128
94.141777375062304	5.00123
94.168743938995988	5.00119
94.195704106339022	5.00114
94.222658126577372	5.00109
94.2496062656368	5.00104
94.276548794877215	5.00099
94.303485984841316	5.00094
94.33041811007503	5.00088
94.357345476111846	5.00083
94.384268384507692	5.00077
94.411187139802621	5.00072
94.438102042043568	5.00066
94.465013409037766	5.00059
94.491921575587114	5.00053
94.518826874842347	5.00047
94.545729644457438	5.00041
94.572630231847043	5.00034
94.599528996315527	5.00027
94.626426290664554	5.00021
94.653322452665321	5.00014
94.680217842254137	5.00008
94.707112796632899	5.00002
94.734007666367006	4.99995
94.760902779781773	4.99989
94.787798471603452	4.99983
94.814695063901624	4.99977
94.841592896542465	4.99971
94.868492288256547	4.99965
94.895393560262619	4.99959
94.922297022849406	4.99953
94.949202994162349	4.99947
94.976111802701269	4.99941
95.003023763450898	4.99935
95.02993919645418	4.9993
95.056858421087043	4.99924
95.083781750289631	4.99918
95.110709497487576	4.99912
95.137641978378497	4.99906
95.164579497265521	4.99901
95.191522362082139	4.99895
95.21847086944679	4.9989
95.245425292748735	4.99885
95.272385908486584	4.9988
95.299352991944147	4.99875
95.326326807346575	4.99871
95.353307608850301	4.99866
95.380295636689226	4.99862
95.407291121204224	4.99858
95.434294283733493	4.99854
95.461305329193209	4.99851
95.488324453306646	4.99847
95.515351842658774	4.99844
95.542387669988443	4.99841
95.569432106054677	4.99838
95.596485307856582	4.99835
95.623547426781101	4.99833
95.650618605154307	4.9983
95.677698981310911	4.99828
95.704788693814749	4.99825
95.731887864703864	4.99823
95.758996610147321	4.99822
95.786115036295286	4.9982
95.813243236038062	4.99819
95.840381285790173	4.99818
95.867529243743149	4.99817
95.894687157755342	4.99816
95.921855060156886	4.99816
95.949032969923834	4.99816
95.976220886062976	4.99816
96.003418786623314	4.99817
96.030626636175128	4.99818
96.057844377582612	4.9982
96.085071939939454	4.99821
96.112309243942931	4.99823
96.13955620149089	4.99825
96.166812702854514	4.99827
96.194078634566125	4.99829
96.221353869672399	4.99832
96.24863826954234	4.99835
96.275931692897743	4.99838
96.303233988262335	4.99841
96.330544989119971	4.99843
96.357864543096483	4.99847
96.385192479638562	4.9985
96.412528593010521	4.99854
96.439872664812114	4.99859
96.467224443162948	4.99864
96.494583667522988	4.99869
96.521950072067867	4.99874
96.549323372183693	4.9988
96.576703268043673	4.99885
96.604089448981597	4.99891
96.631481593440654	4.99897
96.658879377739353	4.99903
96.68628247342275	4.99909
96.713690540352019	4.99915
96.741103247190139	4.99922
96.768520244999166	4.99928
96.795941200161735	4.99934
96.823365772599388	4.9994
96.85079361421441	4.99947
96.8782243857151	4.99953
96.905657742178221	4.9996
96.933093319169643	4.99966
96.960530736924824	4.99973
96.987969619737612	4.9998
97.015409606190161	4.99987
97.042850333249746	4.99994
97.070291415896278	5
97.097732472951179	5.00007
97.12517312427785	5.00015
97.152612979015544	5.00022
97.180051629781431	5.00029
97.207488681667485	5.00036
97.234923738756507	5.00043
97.262356420441023	5.0005
97.289786337988318	5.00057
97.317213105119677	5.00064
97.344636352372035	5.00071
97.37205573055364	5.00077
97.399470895416115	5.00083
97.426881508884023	5.00089
97.454287248625036	5.00095
97.481687798191359	5.001
97.509082872560256	5.00105
97.536472197456163	5.00111
97.563855469891735	5.00116
97.591232412785189	5.00121
97.618602733936555	5.00126
97.645966135564848	5.00132
97.673322333374458	5.00137
97.700671036391299	5.00142
97.728011964818677	5.00147
97.755344846006267	5.00152
97.782669422976568	5.00156
97.809985452593736	5.00161
97.837292706231906	5.00164
97.864590989345118	5.00167
97.891880148300373	5.0017
97.919160015798127	5.00173
97.946430450472249	5.00175
97.97369132756441	5.00177
98.000942545846257	5.00179
98.028184015619416	5.0018
98.055415687344876	5.00181
98.082637521869174	5.00182
98.109849476630075	5.00182
98.137051528845447	5.00182
98.164243675950402	5.00183
98.191425895965907	5.00183
98.218598174713406	5.00183
98.245760524137012	5.00183
98.272912945463872	5.00182
98.300055461066478	5.00182
98.327188091355552	5.00182
98.354310863301677	5.00181
98.381423825550584	5.0018
98.408527033643324	5.00178
98.435620569650141	5.00177
98.462704530205087	5.00175
98.489779030939246	5.00172
98.516844213045459	5.00169
98.543900239721225	5.00166
98.570947289366941	5.00163
98.597985540173227	5.00159
98.625015182254486	5.00155
98.652036426302928	5.00151
98.679049501130194	5.00147
98.706054631295601	5.00143
98.733052055277312	5.00138
98.760042015071832	5.00134
98.787024762769363	5.00129
98.814000548318248	5.00125
98.840969615316297	5.0012
98.86793220419878	5.00116
98.894888560913685	5.00111
98.921838937348042	5.00106
98.948783596898537	5.00101
98.975722797338648	5.00097
99.002656798248154	5.00091
99.029585897397908	5.00086
99.056510391127276	5.0008
99.083430585895869	5.00074
99.110346781824418	5.00068
99.1372592976536	5.00062
99.164168469803485	5.00056
99.19107464036091	5.00049
99.217978157971658	5.00043
99.24487937880555	5.00036
99.271778666462851	5.00029
99.298676390014251	5.00023
99.325572889027342	5.00016
99.352468516697769	5.0001
99.379363624765716	5.00003
99.406258549774947	4.99997
99.433153631357001	4.99991
99.460049189952585	4.99985
99.486945539646882	4.99979
99.513843004754548	4.99973
99.540741905371419	4.99968
99.567642554340054	4.99962
99.594545253937696	4.99956
99.621450311032177	4.9995
99.648358053887591	4.99944
99.675268800568404	4.99938
99.702182868337147	4.99932
99.729100582676821	4.99926
99.756022266721345	4.9992
99.782948241934562	4.99914
99.80987883533902	4.99908
99.836814364543272	4.99902
99.86375514763877	4.99897
99.890701494646208	4.99892
99.917653688520645	4.99886
99.944612007040206	4.99881
99.971576723603121	4.99876
