0.024	0.23
0.0528	0.33
0.0862606	0.42
0.125128	0.5
0.169257	0.61
0.218869	0.7
0.273171	0.78
0.325704	0.86
0.373669	0.95
0.40383	1.07
0.421777	1.15
0.435733	1.22
0.447997	1.3
0.459781	1.37
0.471779	1.49
0.484391	1.56
0.498056	1.64
0.513239	1.7
0.53014	1.78
0.548964	1.87
0.569917	1.94
0.593208	2.01
0.617996	2.09
0.643921	2.17
0.670632	2.27
0.697639	2.35
0.724866	2.43
0.752173	2.5
0.779356	2.58
0.806193	2.7
0.832471	2.78
0.858024	2.86
0.882707	2.94
0.906486	3.02
0.929324	3.14
0.951237	3.22
0.9723	3.3
0.99258	3.38
1.01213	3.46
1.031012	3.58
1.049116	3.66
1.066489	3.74
1.083235	3.82
1.099324	3.9
1.1147476	4.01
1.1296628	4.09
1.1441652	4.17
1.1583116	4.25
1.1721651	4.33
1.18577095	4.45
1.19916686	4.53
1.21238437	4.61
1.22545795	4.69
1.2384245	4.77
1.251323079	4.88
1.264184157	4.96
1.276954227	5.04
1.289646455	5.11
1.302319089	5.19
1.3150184784	5.31
1.3277688522	5.38
1.3406250765	5.46
1.3536323327	5.54
1.3668211867	5.61
1.38018842719	5.72
1.39374930858	5.8
1.40751047587	5.88
1.42147874312	5.95
1.43566557108	6.03
1.450087092032	6.13
1.464770553767	6.21
1.479744775282	6.28
1.494804779353	6.36
1.509960598672	6.43
1.525252171863	6.54
1.540740256193	6.62
1.556484138618	6.7
1.572533173406	6.78
1.588929520354	6.86
1.6057025946898	6.97
1.6228757539971	7.05
1.6404723602838	7.13
1.6582284377412	7.21
1.6760599125884	7.29
1.69396678150646	7.41
1.71197844348881	7.49
1.73015220394345	7.56
1.74855083297174	7.64
1.76724126318455	7.72
1.786283989999224	7.83
1.805728845773882	7.91
1.825610146017024	7.98
1.845946762825949	8.06
1.866747471822035	8.14
1.887804164862	8.25
1.90893825839988	8.33
1.930173477225854	8.41
1.95154080643381	8.49
1.973041224778299	8.56
1.9946945750489	8.67
2.01657197233988	8.75
2.038752344450196	8.83
2.061319321153867	8.91
2.084355442231686	8.98
2.107938234691545	9.1
2.132126866833351	9.18
2.156966120069324	9.25
2.182491912963918	9.33
2.208468389450884	9.4
2.234687640255339	9.51
2.261224182982648	9.59
2.288075861960236	9.66
2.315329088969746	9.73
2.343066154301482	9.8
2.371368617282477	9.91
2.40032201796344	9.99
2.430029889719319	10.06
2.460615847352175	10.13
2.49202415133385	10.2
2.523807474619791	10.3
2.556056493732907	10.38
2.588910513767553	10.45
2.62250912508284	10.53
2.656992156801682	10.6
2.692445327330892	10.72
2.727742219237327	10.8
2.760786599840222	10.88
2.791138963450424	10.96
2.81848263002794	11.04
2.84287605998398	11.15
2.864599264686932	11.23
2.884082748559093	11.3
2.90181308517528	11.37
2.918260873850179	11.45
2.933846318055475	11.57
2.948929599914182	11.64
2.963813415109446	11.71
2.978729651555876	11.79
2.993790141762874	11.87
3.009213599345333	11.99
3.025184781407873	12.07
3.041874230311283	12.14
3.059434161958773	12.21
3.07800041848503	12.28
3.097685581296058	12.39
3.118571794981006	12.46
3.140694448567968	12.53
3.164042036078223	12.6
3.18851422155125	12.67
3.213929040292155	12.78
3.239895037480379	12.86
3.266120244795836	12.93
3.292280207331182	13.01
3.318085690083423	13.08
3.343288891521302	13.19
3.36770856560489	13.27
3.391236838577335	13.34
3.413843766839656	13.41
3.435568013842022	13.49
3.456502663372534	13.6
3.476775175959899	13.67
3.496544727877482	13.74
3.515966536132792	13.81
3.535197461023272	13.89
3.554387413320803	13.99
3.573620804063784	14.06
3.593016589414337	14.13
3.612702310566483	14.21
3.632793112529264	14.28
3.653389018213411	14.39
3.674570577090301	14.46
3.696400366613738	14.53
3.718911550114679	14.61
3.742108313394213	14.68
3.765957419917489	14.78
3.790389749328209	14.86
3.815251309341341	14.93
3.840353395162253	15
3.865544193776935	15.07
3.890653948388115	15.17
3.91554001274455	15.24
3.940085711966033	15.32
3.964207289092744	15.39
3.987856162841954	15.46
4.011017847752195	15.56
4.033708304867372	15.63
4.055971012408938	15.7
4.077870417726108	15.78
4.099494587998985	15.85
4.120933305846577	15.96
4.142275768822717	16.03
4.163612196746429	16.11
4.185002895029684	16.18
4.206516109407894	16.25
4.228230185397399	16.35
4.250213269712733	16.42
4.272522794348176	16.5
4.295200552478065	16.57
4.318271090030204	16.64
4.341739735814259	16.74
4.365590713260671	16.82
4.38978731275523	16.89
4.414256613355273	16.96
4.438892342388546	17.03
4.4636108565287	17.14
4.488327139750186	17.21
4.512948245339556	17.28
4.537405524577116	17.35
4.561646577069039	17.43
4.585638828298713	17.53
4.609368624260462	17.61
4.632840597751674	17.68
4.656075513583779	17.75
4.679118139896093	17.83
4.702011922575791	17.94
4.724806901604095	18.01
4.747556632391647	18.09
4.770319228795503	18.16
4.79312651429649	18.24
4.816027290948484	18.35
4.839068960138699	18.42
4.862293048836293	18.5
4.885731817785807	18.57
4.909406550689993	18.64
4.933326272168315	18.75
4.957481668191022	18.82
4.981857542610211	18.89
5.006424570306538	18.96
5.031143163084813	19.03
5.055944710928427	19.14
5.080779784351863	19.21
5.105600275340533	19.29
5.130362493085409	19.37
5.15501731576405	19.45
5.179539809561893	19.6
5.20391737671788	19.72
5.228161812716451	19.81
5.252281796386073	19.88
5.276294326556175	19.96
5.300223221434065	20.06
5.324098108150886	20.14
5.347951382455641	20.22
5.371800814719532	20.3
5.395679520083842	20.4
5.419622214909673	20.56
5.44366123269463	20.64
5.467823621344987	20.73
5.492130408481945	20.81
5.51659547568939	20.9
5.541224328754632	21.04
5.566014095447168	21.11
5.590953238255225	21.19
5.61602223575251	21.26
5.64119481824198	21.35
5.66643985566771	21.47
5.691723340230708	21.55
5.717002748731091	21.63
5.742245660339163	21.7
5.767428697838591	21.78
5.792535664249983	21.9
5.817558175575532	22
5.842495729428578	22.1
5.86735540500276	22.18
5.892150300693446	22.26
5.916887527818666	22.37
5.941589804883448	22.45
5.966283514835508	22.53
5.990996912774185	22.61
6.015758249092054	22.69
6.040594006044579	22.79
6.065527258038079	22.87
6.090576269284849	22.93
6.115753500303112	23.02
6.141064632125134	23.08
6.166507950098613	23.19
6.192074484546481	23.27
6.217748624555856	23.34
6.243509004542881	23.42
6.269330172916816	23.49
6.295184480239898	23.6
6.321044143865776	23.67
6.346883218711227	23.74
6.372679635802378	23.83
6.398416843353643	23.9
6.424085023397097	24
6.449681531233772	24.08
6.47521093827334	24.15
6.500684325690592	24.22
6.526118236901255	24.3
6.551533344981639	24.4
6.576952942739046	24.48
6.602401345440541	24.55
6.62790212485369	24.63
6.653476592822561	24.7
6.679142269145901	24.82
6.70491169304609	24.88
6.730791523010589	24.95
6.756782046149573	25.02
6.78287698719398	25.11
6.809063911574141	25.2
6.835325219014362	25.29
6.86163916653596	25.37
6.887981591829786	25.44
6.914327799648025	25.51
6.940654533303656	25.62
6.966941684952282	25.7
6.993147830477185	25.77
7.019294134692077	25.85
7.045378778954884	25.92
7.071406497934503	26.02
7.097385960284647	26.1
7.12333132787296	26.17
7.149260116766745	26.25
7.175192075768952	26.32
7.201147468684429	26.44
7.227145611476125	26.51
7.253203408975939	26.59
7.279334292106566	26.67
7.305547104854999	26.74
7.331845393494372	26.84
7.358227143712507	26.93
7.384685042571246	26.99
7.411206754684923	27.06
7.43777588575186	27.14
7.464373176644446	27.25
7.490978033593032	27.32
7.5175701513089	27.39
7.544131107476906	27.47
7.57061879094508	27.54
7.597054463007002	27.65
7.623434120467059	27.72
7.649759226845336	27.8
7.67603462353546	27.87
7.702270327813308	27.94
7.728479614978095	28.05
7.754678351049152	28.12
7.780883304859853	28.2
7.807111173160189	28.28
7.833377085521602	28.35
7.85969367930012	28.46
7.886070080294846	28.53
7.912511222288931	28.6
7.939017446584702	28.68
7.965584662217821	28.75
7.992204412544306	28.86
8.018864579904994	28.93
8.045550307298816	29
8.072245145058123	29.08
8.09893234979859	29.15
8.125596275251119	29.26
8.15222356271723	29.34
8.178804207537443	29.41
8.205332313285506	29.48
8.231806405610234	29.56
8.258229459825449	29.67
8.28460874553747	29.75
8.310954983464285	29.82
8.337281512199992	29.9
8.363603256726377	29.97
8.389935535223403	30.08
8.416292958708066	30.16
8.442688377771331	30.23
8.469131942932666	30.3
8.495630284613375	30.39
8.522186075940358	30.49
8.54879791761917	30.56
8.575460347328832	30.64
8.602164262888438	30.71
8.62889759492583	30.78
8.655646254815087	30.89
8.682395270690565	30.96
8.709129997712587	31.05
8.735837251110148	31.12
8.762506419260401	31.19
8.789130230773244	31.3
8.815705303266974	31.38
8.842232294005605	31.45
8.868715842063377	31.53
8.895164177753399	31.6
8.92158832024348	31.73
8.948001231699079	31.82
8.974416777984624	31.89
9.00084873079866	31.97
9.027309738250093	32.05
9.053810361565425	32.16
9.080358348867145	32.24
9.106957994711276	32.32
9.133609899932063	32.41
9.16031095467206	32.49
9.187054481414558	32.61
9.213830771128128	32.69
9.240627861784395	32.77
9.2674324378586	32.85
9.294230964582962	32.93
9.321010742577831	33.03
9.347760944447369	33.11
9.37447346713077	33.19
9.401143541523989	33.26
9.427770031271123	33.34
9.454355498971521	33.45
9.480905990542356	33.52
9.507430454277074	33.6
9.533940017540461	33.67
9.560447084351392	33.75
9.586964391019558	33.86
9.613504083063139	33.94
9.64007677804355	34.01
9.666690794178743	34.08
9.693351513775369	34.16
9.720060980060007	34.27
9.746817837643363	34.37
9.773617361831743	34.48
9.800451818686261	34.59
9.827311072662358	34.7
9.854183390201477	34.86
9.881056383424356	34.96
9.907918006974565	35.07
9.934757557285833	35.18
9.961566484923168	35.29
9.988339109003947	35.41
10.01507299457167	35.49
10.04176908956924	35.57
10.06843165011422	35.65
10.09506789393768	35.72
10.121687278284762	35.83
10.148300824962892	35.91
10.174920218430922	35.98
10.201556917928965	36.06
10.22822130930045	36.13
10.254921924560684	36.26
10.281664774359621	36.35
10.308452915828727	36.42
10.335286260985583	36.5
10.362161568805902	36.57
10.389072670788648	36.69
10.416010949235986	36.77
10.442966025665546	36.84
10.469926589433426	36.92
10.496881315427336	37
10.523819771934644	37.11
10.550733277346005	37.19
10.577615563647365	37.26
10.604463282714331	37.34
10.631276199051173	37.41
10.658057159031491	37.52
10.684811884256403	37.6
10.711548447972888	37.68
10.738276599408453	37.76
10.765006980473432	37.84
10.791750315192468	37.98
10.818516572106825	38.08
10.845314228942323	38.18
10.872149590405515	38.3
10.899026321539518	38.39
10.925945212219329	38.53
10.952904099597998	38.62
10.979897988977729	38.7
11.00691947672272	38.82
11.033959307276819	38.95
11.061007113766287	39.08
11.088052270029273	39.21
11.115084744132853	39.32
11.142095896726619	39.44
11.169079176132504	39.52
11.196030625620098	39.67
11.222949153979583	39.76
11.249836578411394	39.84
11.276697428327951	39.92
11.303538599877555	40.02
11.330368744083199	40.18
11.357197553771293	40.29
11.384034996525461	40.4
11.410890552953985	40.5
11.437772475434626	40.58
11.464687129921122	40.69
11.4916385267906	40.78
11.518628074565822	40.86
11.545654381399153	40.93
11.572713388134771	41.01
11.599798656337384	41.13
11.626901895403412	41.21
11.654013612321336	41.29
11.681123871745593	41.36
11.708223102187183	41.44
11.73530286042441	41.55
11.762356504862801	41.63
11.789379719288103	41.72
11.816370821816445	41.8
11.843330862242938	41.88
11.870263477552056	41.99
11.897174564763402	42.07
11.924071831825366	42.16
11.950964121751166	42.25
11.977860707732205	42.33
12.004770554541025	42.45
12.03170163513405	42.53
12.058660282308161	42.61
12.085650739632747	42.69
12.112674845173192	42.77
12.139731858545332	42.88
12.166818502999709	42.96
12.193929219366533	43.05
12.221056595106296	43.12
12.248191960568194	43.2
12.275326089954282	43.31
12.302449945849794	43.39
12.329555392571992	43.47
12.356635860558596	43.54
12.383686845304672	43.62
12.410706254088799	43.73
12.437694539318997	43.81
12.464654613222143	43.88
12.491591560910736	43.96
12.51851223515281	44.02
12.545424722267963	44.16
12.572337625191825	44.25
12.59925943424131	44.38
12.626197824608166	44.49
12.653159066035144	44.6
12.680147568840995	44.76
12.707165552292629	44.87
12.734212849355607	45
12.76128691988969	45.08
12.78838303258574	45.16
12.815494653983556	45.27
12.842613972579805	45.35
12.869732507473147	45.43
12.896841812214479	45.51
12.923934148232147	45.59
12.951003104777081	45.71
12.978044102318281	45.79
13.005054742573837	45.9
13.032034970173319	46.06
13.058987045811474	46.14
13.085915321539735	46.29
13.11282587961789	46.39
13.1397260774604	46.48
13.166623899950059	46.56
13.193527347062885	46.65
13.22044380564502	46.81
13.24737947349489	46.93
13.274338899835735	47.05
13.301324674313172	47.18
13.328337185612179	47.27
13.355374611644979	47.41
13.38243306028116	47.56
13.409506876278419	47.66
13.436589101911251	47.77
13.463672036037051	47.86
13.490747857563337	47.98
13.517809259026171	48.07
13.544850035201899	48.15
13.571865572696085	48.23
13.598853219771264	48.3
13.625812472064295	48.41
13.652744988442052	48.49
13.67965441437576	48.57
13.70654609199025	48.64
13.73342666089634	48.72
13.76030347958886	48.83
13.787184065302833	48.91
13.8140755093886	48.99
13.840983918040401	49.07
13.86791395550356	49.14
13.894868531923796	49.26
13.921848571219266	49.34
13.94885293763639	49.41
13.975878534334331	49.49
14.00292054979599	49.56
14.029972859866092	49.68
14.057028517251235	49.76
14.084080318119387	49.84
14.111121386987062	49.91
14.138145746086344	49.99
14.165148783948737	50.1
14.192127620431902	50.18
14.219081332804535	50.26
14.246011009053582	50.33
14.272919631129003	50.41
14.299811832606421	50.52
14.326693554814073	50.6
14.353571541079269	50.68
14.380452811559838	50.77
14.407344128646821	50.88
14.434251473804116	51.02
14.46117958996772	51.1
14.488131637858611	51.18
14.515108990883359	51.25
14.542111103031871	51.34
14.569135569370342	51.44
14.596178323492047	51.52
14.623233979530916	51.6
14.650296266281247	51.67
14.677358537985402	51.75
14.70441431437451	51.86
14.731457818014254	51.93
14.758484441154879	52.01
14.785491114384259	52.09
14.812476542636112	52.16
14.839441310479204	52.27
14.866387807811725	52.35
14.893320015832755	52.43
14.920243206432026	52.5
14.947163550334119	52.58
14.974087578013355	52.69
15.001021708185279	52.77
15.027971727298974	52.85
15.05494235323691	52.92
15.08193691670977	52.99
15.10895709477461	53.11
15.136002778199078	53.18
15.163072096134494	53.26
15.190161568192659	53.34
15.217266395200097	53.41
15.244380846402885	53.52
15.2714987250035	53.6
15.298613877546439	53.68
15.325720705705944	53.76
15.352814615094069	53.83
15.37989238417552	53.94
15.406952419334736	54.02
15.433994875373173	54.1
15.461021628220644	54.17
15.48803611807485	54.25
15.515043061551797	54.36
15.542048073906439	54.44
15.569057221482785	54.52
15.59607654777127	54.59
15.623111605240561	54.67
15.650167026540601	54.79
15.677246167086295	54.86
15.704350847698263	54.94
15.731481211756584	55.02
15.758635721359243	55.09
15.785811279869083	55.2
15.813003484499927	55.28
15.840206979342419	55.35
15.867415892985926	55.43
15.894624316426974	55.5
15.92182678398852	55.62
15.949018714296187	55.7
15.976196783790085	55.77
16.003359181592437	55.85
16.03050574101497	55.92
16.057637944867874	56.03
16.084758786460718	56.11
16.111872511209622	56.19
16.138984275249395	56.26
16.166099725780274	56.33
16.193224542058726	56.44
16.22036399455153	56.52
16.247522523970336	56.6
16.274703395855756	56.67
16.301908430690048	56.75
16.32913786123796	56.86
16.356390306811811	56.94
16.383662886301714	57.02
16.410951435767608	57.09
16.438250849386552	57.16
16.465555477699073	57.28
16.492859592283349	57.38
16.520157848180677	57.48
16.547445709596904	57.59
16.574719803458532	57.66
16.60197818929246	57.78
16.629220484796548	57.86
16.656447886808973	57.93
16.683663049299099	58
16.710869867306602	58.08
16.738073130787125	58.19
16.765278086614984	58.27
16.79249006211073	58.34
16.81971401093222	58.41
16.846954132678118	58.49
16.87421354673106	58.6
16.901494008380215	58.68
16.928795753665444	58.76
16.956117491599059	58.83
16.983456471609117	58.91
17.010808722040135	59.03
17.038169337956358	59.11
17.065532883610114	59.19
17.092893824868501	59.27
17.120246971152284	59.34
17.147587880972694	59.45
17.174913215179739	59.53
17.202220984525596	59.6
17.229510692352974	59.68
17.256783366929252	59.75
17.284041431350232	59.86
17.311288465456766	59.94
17.338528923057336	60.02
17.365767739951657	60.09
17.393009942450838	60.17
17.420260230621604	60.28
17.447522626096898	60.36
17.47480013711035	60.44
17.502094453147855	60.51
17.529405844537841	60.59
17.55673311253819	60.71
17.584073684977287	60.79
17.611423810930432	60.87
17.638778849868391	60.95
17.666133636375182	61.02
17.693482898672471	61.14
17.720821680415405	61.21
17.748145716052409	61.29
17.775451787954573	61.36
17.802737949084516	61.44
17.830003668625128	61.55
17.857249848919256	61.63
17.884478731988182	61.7
17.911693693807852	61.78
17.93889895722889	61.85
17.966099240356783	61.96
17.993299367192662	62.04
18.02050387754683	62.12
18.047716658259326	62.19
18.074940630339658	62.27
18.102177515200772	62.38
18.12942769591513	62.46
18.156690174987798	62.54
18.183962650674765	62.61
18.211241699677835	62.69
18.238523051209455	62.8
18.265801915989353	62.88
18.293073390577867	62.95
18.320332851354934	63.03
18.347576310523632	63.11
18.374800726726402	63.22
18.402004251405401	63.3
18.429186365281392	63.37
18.456347899529622	63.45
18.483490947796874	63.52
18.510618700432211	63.64
18.537735165066561	63.72
18.564844841052846	63.79
18.591952363779999	63.87
18.619062140825651	63.95
18.646178004284724	64.06
18.673302910606637	64.13
18.700438705797975	64.21
18.72758600057902	64.28
18.754744120117934	64.36
18.781911164476	64.47
18.809084156897242	64.55
18.836259304281345	64.63
18.863432296539578	64.71
18.890598662739016	64.79
18.917754144803233	64.9
18.944895034579968	64.98
18.97201847083651	65.06
18.999122680290963	65.13
19.026207109604094	65.21
19.05327246153994	65.33
19.080320639952177	65.4
19.107354585522231	65.48
19.134378061998262	65.56
19.161395338287917	65.64
19.188410874120706	65.75
19.215428956937728	65.83
19.242453386973192	65.91
19.269487200011817	65.99
19.296532437492782	66.06
19.323589990351767	66.18
19.350659552783704	66.26
19.37773966019747	66.34
19.404827818284222	66.41
19.431920721013384	66.49
19.459014521899945	66.6
19.486105161336869	66.68
19.513188706916619	66.76
19.540261694425521	66.83
19.567321372599437	66.9
19.594365976103138	67.02
19.621394846139637	67.1
19.648408512808174	67.17
19.675408626230954	67.25
19.702397838597356	67.33
19.729379602306324	67.44
19.756357911589426	67.52
19.783336988818267	67.59
19.81032096785237	67.67
19.83731359070104	67.74
19.864317933174508	67.86
19.891336175969681	67.94
19.918369446851582	68.01
19.945417755532262	68.09
19.972480014580967	68.16
19.999554131723443	68.27
20.026637193646298	68.35
20.05372572708194	68.43
20.08081598614184	68.5
20.10790426749351	68.58
20.134987221165549	68.69
20.162062135295852	68.77
20.189127162458025	68.85
20.216181478388215	68.92
20.243225345039768	69
20.270260106738107	69.11
20.297288081131807	69.19
20.324312379566717	69.26
20.351336672866264	69.34
20.378364906162016	69.41
20.405401004876911	69.53
20.432448572599842	69.6
20.459510616242937	69.68
20.486589330886353	69.75
20.513685937197994	69.83
20.540800596077528	69.94
20.567932405648378	70.02
20.595079485528505	70.09
20.622239139902835	70.17
20.649408075915147	70.24
20.676582689391179	70.36
20.703759357828428	70.44
20.730934740835341	70.51
20.758106058051808	70.59
20.785271316253127	70.66
20.81242947400473	70.77
20.839580521689072	70.85
20.866725483201606	70.93
20.893866338417002	71
20.921005846507196	71.08
20.948147334759195	71.19
20.975294433140231	71.27
21.002450779191324	71.34
21.029619734152238	71.42
21.056804115981194	71.49
21.084005982764204	71.6
21.111226459904731	71.68
21.138465660222742	71.76
21.165722668252066	71.83
21.192995608378773	71.91
21.220281795439643	72.02
21.24757794888313	72.1
21.274880449856525	72.18
21.302185639962129	72.25
21.329490106354555	72.33
21.356790955567501	72.44
21.384086037433246	72.52
21.41137411041624	72.59
21.438654931143585	72.67
21.465929263396589	72.74
21.493198809655222	72.85
21.520466009360749	72.93
21.547733851653962	73.01
21.575005620278699	73.08
21.602284617210408	73.16
21.629573886039136	73.27
21.656875965250048	73.34
21.684192680396556	73.42
21.711524974761733	73.49
21.738872811886527	73.57
21.7662351706565	73.68
21.793610124479624	73.76
21.820994953867292	73.83
21.848386375393435	73.91
21.875780777368746	73.98
21.903174506805449	74.1
21.930564148770337	74.17
21.957946764742154	74.25
21.985320144730995	74.32
22.012682923688356	74.4
22.040034680267048	74.5
22.067375978734848	74.58
22.094708267631734	74.66
22.122033746084558	74.74
22.149355153564809	74.81
22.17667554349638	74.93
22.20399800343057	75
22.231325386157895	75.08
22.258660071054582	75.15
22.286003754092636	75.23
22.313357305721748	75.33
22.340720684307847	75.41
22.368092905023524	75.49
22.39547207117932	75.57
22.42285555952385	75.64
22.45024017659426	75.75
22.477622427156181	75.83
22.504998767586361	75.91
22.532365886119571	75.98
22.55972094372294	76.05
22.587061800069172	76.17
22.614387153521722	76.24
22.64169662923873	76.32
22.668990783579027	76.39
22.696271033379908	76.46
22.723539523041186	76.58
22.750798932293488	76.67
22.778052243468974	76.74
22.805302491792887	76.82
22.8325524920708	76.89
22.859804621527068	77
22.887060616236706	77.07
22.914321420628266	77.15
22.941587105254833	77.22
22.968856841045461	77.31
22.99612897315453	77.41
23.023401150115589	77.49
23.050670502493734	77.57
23.077933860033479	77.64
23.105188023207823	77.72
23.132430000581255	77.83
23.159657251998357	77.91
23.186867871570417	77.98
23.214060748686208	78.07
23.241235643356379	78.15
23.268393194475255	78.27
23.295534855457664	78.39
23.322662783885356	78.5
23.349779656348375	78.6
23.37688844477039	78.67
23.403992191935732	78.78
23.431093764897863	78.86
23.45819564115201	78.94
23.485299719365528	79.02
23.512407167400557	79.08
23.539518333934332	79.2
23.566632737527755	79.28
23.593749127266342	79.36
23.620865578906749	79.43
23.647979666519564	79.51
23.675088659802238	79.62
23.702189759234098	79.69
23.72928032342616	79.77
23.756358086010131	79.84
23.783421366741372	79.92
23.810469192076493	80.04
23.837501388311686	80.11
23.864518603448246	80.19
23.891522267848796	80.26
23.918514476537915	80.34
23.945497832767476	80.45
23.972475252173577	80.52
23.999449752956448	80.6
24.026424227278127	80.67
24.053401238665323	80.75
24.080382826496727	80.86
24.107370379301116	80.94
24.134364552361767	81.02
24.161365222245884	81.09
24.188371516675012	81.17
24.215381905481525	81.27
24.242394346765668	81.35
24.269406476472888	81.42
24.296415804301898	81.5
24.323419950791777	81.57
24.350416844402837	81.69
24.377404897877373	81.77
24.404383158365295	81.84
24.431351398020499	81.92
24.458310134849082	82
24.485260634245208	82.11
24.512204794904903	82.19
24.539145024053127	82.27
24.566084071371762	82.35
24.593024824765138	82.43
24.619970104127773	82.54
24.646922452470591	82.61
24.673883968934732	82.69
24.700856158500905	82.76
24.727839847448628	82.84
24.754835124792972	82.96
24.78184135794784	83.03
24.808857272348359	83.11
24.835881067489332	83.19
24.862910579883945	83.26
24.889943480092644	83.37
24.916977473097877	83.45
24.944010499935111	83.53
24.971040919854836	83.59
24.998067647193043	83.67
25.025090271440686	83.78
25.052109089299975	83.86
25.079125095952843	83.94
25.106139914133308	84.01
25.133155673491455	84.09
25.160174867153611	84.2
25.187200153209982	84.28
25.214234162711968	84.35
25.241279301756901	84.43
25.268337577538155	84.5
25.295410451773513	84.62
25.32249873800756	84.7
25.349602544455678	84.77
25.376721276360708	84.85
25.403853698158279	84.92
25.430998043737087	85.04
25.458152155141569	85.12
25.485313677126832	85.19
25.51248024817377	85.27
25.539649698693093	85.34
25.566820227399802	85.46
25.593990556182053	85.53
25.621160025160155	85.61
25.648328646546215	85.68
25.675497113539922	85.76
25.702666740277699	85.87
25.729839342016486	85.95
25.757017094274872	86.03
25.784202358942188	86.1
25.811397490911443	86.18
25.838604645616201	86.29
25.865825600283092	86.36
25.893061614742269	86.44
25.920313322194268	86.51
25.947580680694788	86.59
25.97486295684314	86.7
26.002158777759895	86.78
26.02946624182038	86.86
26.056783069446716	86.93
26.084106761513684	87.01
26.1114348059746	87.13
26.138764856023005	87.2
26.166094925111686	87.28
26.19342353787513	87.35
26.220749835601882	87.43
26.248073614324987	87.55
26.275395294210401	87.62
26.3027158963116	87.7
26.330036926146835	87.77
26.357360254405894	87.85
26.38468794149524	87.96
26.412022042418609	88.04
26.439364421124971	88.12
26.466716605780203	88.19
26.494079622048968	88.27
26.521453905317365	88.38
26.548839232342669	88.46
26.576234724446032	88.54
26.603638909657811	88.62
26.631049811649515	88.69
26.658465080452114	88.81
26.68588214935933	88.9
26.713298452163706	88.98
26.740711589528392	89.06
26.768119509307752	89.14
26.795520639645694	89.26
26.822914010425755	89.34
26.850299276484805	89.41
26.877676730275944	89.49
26.905047263419185	89.56
26.932412244397003	89.73
26.959773398183401	89.88
26.987132629388721	89.97
27.01449185676913	90.07
27.041852839723642	90.15
27.069217002401579	90.27
27.096585300917386	90.36
27.123958139048348	90.44
27.151335330081597	90.52
27.178716028051404	90.6
27.206098809051564	90.71
27.233481765724516	90.79
27.260862647969713	90.87
27.288239011415129	90.94
27.315608407465511	91.03
27.342968563487464	91.15
27.37031754347338	91.23
27.397653883702016	91.3
27.424976706382417	91.38
27.452285765558397	91.46
27.479581432860776	91.58
27.506864644267502	91.66
27.534136819325134	91.73
27.561399729601224	91.81
27.588655338510932	91.89
27.615905622502499	92.01
27.643152414387302	92.1
27.67039722976396	92.17
27.69764115569151	92.25
27.724884744761049	92.33
27.752127974249341	92.44
27.779370236792094	92.52
27.806610382793302	92.6
27.83384679801943	92.68
27.861077546016947	92.75
27.888300529353774	92.87
27.915513635066887	92.95
27.942714905423109	93.03
27.969902705029881	93.1
27.997075829804128	93.18
28.024233628916193	93.29
28.051376031634341	93.37
28.078503566867337	93.45
28.105617298161942	93.53
28.132718752111547	93.61
28.159809801626661	93.72
28.186892503702396	93.8
28.21396893580236	93.88
28.241041058998299	93.96
28.268110571359745	94.03
28.295178778409955	94.15
28.322246495108953	94.23
28.349313987866459	94.3
28.376380990914779	94.38
28.40344671361024	94.46
28.430509941559205	94.57
28.45756913148437	94.65
28.484622560565636	94.73
28.511668450555469	94.8
28.538705165360845	94.88
28.565731315420074	95
28.592745915269841	95.07
28.619748462412218	95.15
28.646738978457652	95.23
28.67371803667827	95.3
28.700686734162385	95.42
28.727646607128246	95.51
28.754599518240674	95.6
28.781547547520113	95.69
28.808492820450702	95.77
28.835437361118817	95.88
28.862382980591512	95.99
28.889331157150181	96.09
28.916282909285815	96.18
28.943238762464514	96.26
28.970198720631178	96.38
28.997162302958813	96.46
29.024128575621468	96.54
29.051096328446516	96.61
29.078064094584125	96.69
29.105030326194317	96.81
29.131993551067808	96.89
29.158952520104027	96.98
29.185906299831579	97.07
29.21285438242478	97.15
29.239796764221374	97.27
29.266733923561382	97.35
29.29366683338197	97.43
29.320596898953013	97.51
29.347525851336659	97.59
29.374455649820071	97.7
29.401388331776833	97.79
29.42832588948832	97.89
29.455270121002911	97.99
29.48222251093388	98.07
29.509184146508478	98.19
29.53615565005893	98.27
29.563137155864556	98.35
29.59012831577526	98.43
29.617128351529889	98.51
29.644136133761947	98.63
29.671150294376851	98.71
29.698169353325419	98.78
29.725191854927939	98.86
29.752216503702694	98.94
29.779242285942249	99.05
29.806268558923371	99.13
29.833295129321804	99.21
29.8603222748314	99.28
29.887350738438677	99.36
29.914381673875585	99.48
29.941416578273824	99.56
29.968457175689057	99.63
29.995505294336287	99.71
30.022562746578291	99.79
30.049631175713465	99.9
30.076711948606263	99.98
30.103806056154774	100.06
30.13091404462552	100.14
30.158035983410034	100.22
30.185171464845197	100.33
30.212319640604456	100.41
30.2394793074814	100.49
30.266649004920101	100.56
30.293827138856759	100.64
30.321012109730972	100.76
30.348202450342288	100.83
30.375396943566987	100.91
30.402594718102865	100.99
30.429795322619306	101.06
30.456998760614013	101.18
30.484205480771372	101.26
30.511416345473627	101.33
30.538632544749568	101.41
30.565855509501773	101.49
30.593086779677012	101.6
30.620327881009313	101.68
30.64758018612206	101.76
30.674844806271977	101.84
30.702122496390043	101.91
30.729413570030886	102.03
30.756717883097533	102.11
30.784034817099485	102.18
30.811363327334895	102.26
30.838702011865248	102.34
30.866049208167528	102.45
30.893403134313996	102.53
30.920761992015539	102.61
30.948124104316072	102.68
30.975488035354871	102.76
31.002852678697963	102.87
31.030217325277359	102.95
31.057581717919167	103.03
31.084946023646214	103.1
31.112310826602574	103.18
31.139677036208241	103.29
31.167045811377346	103.37
31.194418430268598	103.45
31.221796164254052	103.52
31.249180144269499	103.6
31.276571256339835	103.71
31.30397004256757	103.79
31.331376651924892	103.87
31.358790766077217	103.94
31.386211627846127	104.02
31.413638039979499	104.13
31.441068501990003	104.21
31.468501262625526	104.29
31.495934443158269	104.36
31.523366180576364	104.44
31.550794737141572	104.56
31.578218614735707	104.63
31.605636621607889	104.71
31.633047992661623	104.79
31.660452393561584	104.86
31.687849933139379	104.97
31.71524110987173	105.05
31.74262675166997	105.13
31.770007924799412	105.21
31.797385812633777	105.28
31.824761615644206	105.4
31.852136406811209	105.48
31.879511029686739	105.55
31.906886029433227	105.63
31.934261585037305	105.7
31.961637407891629	105.82
31.989012806949901	105.89
32.016386685092733	105.97
32.043757639083665	106.05
32.071124026811354	106.12
32.098484105571835	106.23
32.12583613659109	106.31
32.153178513619316	106.39
32.180509866640101	106.46
32.207829191271131	106.54
32.235135870277666	106.65
32.262429716193672	106.73
32.289710964938358	106.81
32.316980246157925	106.88
32.344238514689586	106.96
32.371486967492622	107.07
32.398726917635166	107.15
32.425959693334825	107.22
32.453186528278458	107.3
32.480408447783212	107.37
32.50762617641287	107.49
32.534840077508463	107.57
32.562050123825017	107.64
32.589255891209561	107.72
32.616456604315829	107.79
32.643651173844589	107.9
32.670838290806905	107.98
32.698016560705184	108.06
32.725184589355841	108.14
32.752341099814345	108.21
32.779485060387564	108.32
32.80661572524707	108.4
32.833732725817086	108.48
32.860836087169844	108.55
32.887926252729471	108.63
32.915004034174174	108.74
32.942070542595694	108.82
32.96912711974408	108.9
32.99617524584	108.97
33.023216419035407	109.05
33.050252057584174	109.16
33.077283398625603	109.24
33.104311408105595	109.32
33.131336716800107	109.39
33.158359598411472	109.47
33.185379953252706	109.58
33.212397345939813	109.66
33.2394110474375	109.73
33.266420106738479	109.81
33.293423458942605	109.89
33.320420023574748	110
33.347408796958675	110.08
33.374388969121121	110.15
33.401359989834575	110.23
33.428321651142788	110.31
33.455274091706364	110.42
33.482217818324656	110.48
33.509153699824658	110.56
33.536082899115605	110.64
33.563006801355833	110.71
33.589926940274083	110.82
33.616844885453531	110.9
33.643762127421056	110.98
33.670680020413826	111.05
33.697599683934477	111.13
33.72452192736057	111.25
33.751447233162942	111.33
33.778375740777548	111.4
33.805307222460819	111.48
33.832241175181807	111.55
33.85917687017907	111.67
33.88611343571705	111.74
33.913049936073264	111.82
33.939985502135215	111.9
33.966919397329576	111.97
33.993851114346811	112.09
34.020780419843227	112.16
34.047707415052592	112.24
34.074632550960615	112.32
34.10155658972571	112.39
34.128480584603807	112.51
34.155405817707233	112.59
34.182333715641924	112.66
34.20926576984202	112.74
34.236203424050814	112.81
34.263147985363616	112.92
34.290100553549742	113
34.317061950544186	113.07
34.34403268795181	113.15
34.371012939764633	113.22
34.39800254643918	113.34
34.425001050996322	113.42
34.452007752601169	113.49
34.479021787638708	113.57
34.50604221300339	113.64
34.533068101508164	113.75
34.560098625767374	113.83
34.587133143490348	113.91
34.614171274844068	113.98
34.641212936181546	114.06
34.668258355822225	114.18
34.695308075271548	114.25
34.722362919150811	114.33
34.749423942365375	114.41
34.776492354012859	114.48
34.803569425049865	114.59
34.830656404170085	114.67
34.857754425404764	114.75
34.884864428515314	114.83
34.911987087241918	114.9
34.939122759770861	115.02
34.966271475163701	115.09
34.993432937050201	115.17
35.020606540936249	115.24
35.047791436062056	115.32
35.074986595691776	115.43
35.102190890201925	115.51
35.129403189134308	115.58
35.15662244831892	115.66
35.183847790709336	115.74
35.211078583979813	115.85
35.238314466840777	115.93
35.265555390607837	116
35.292801605480371	116.08
35.320053638734208	116.15
35.347312240900621	116.26
35.374578319998207	116.34
35.40185284566126	116.42
35.42913677497701	116.49
35.456430958964916	116.57
35.483736070655468	116.68
35.511052531752249	116.76
35.538380433288147	116.83
35.565719542559854	116.91
35.593069299756756	116.98
35.620428855728292	117.1
35.647797108421052	117.18
35.675172785184429	117.25
35.702554524385206	117.32
35.729940959742237	117.4
35.757330813587281	117.51
35.784722966400366	117.59
35.812116546716254	117.67
35.839510955042272	117.74
35.866905901989426	117.81
35.894301416626881	117.93
35.921697796707761	118.01
35.949095562773955	118.09
35.976495385476099	118.16
36.003898010273339	118.24
36.031304184838618	118.34
36.058714547034739	118.42
36.086129549369382	118.5
36.113549381596023	118.57
36.140973995553168	118.65
36.168403009972764	118.77
36.195835742889201	118.85
36.223271245933525	118.92
36.250708349759712	119
36.278145715771849	119.07
36.305581904852602	119.18
36.333015511143692	119.26
36.360445209307628	119.33
36.387869854237145	119.41
36.415288536578039	119.48
36.442700637111635	119.6
36.47010583930301	119.67
36.497504128836191	119.75
36.524895765980602	119.82
36.55228124526564	119.9
36.579661220993451	120.01
36.607036433173128	120.09
36.634407622737406	120.17
36.66177547078388	120.24
36.689140459160683	120.32
36.716502849787737	120.43
36.743862637783359	120.51
36.771219523173549	120.58
36.798572913898767	120.66
36.825921963564426	120.74
36.853265615079593	120.85
36.880602676000372	120.93
36.907931882761496	121.01
36.93525201287747	121.08
36.962561962096103	121.16
36.989860792442606	121.27
37.017147803839819	121.35
37.044422577646863	121.43
37.071684995009001	121.51
37.098935238651968	121.58
37.126173762767216	121.7
37.153401264189398	121.78
37.180618590054983	121.86
37.207826674980588	121.93
37.235026456184237	122.01
37.262218796202795	122.12
37.289404405291187	122.2
37.316583792253219	122.27
37.343757217511609	122.35
37.370924654902865	122.42
37.398085829060513	122.55
37.425240223872613	122.63
37.452387125387901	122.71
37.479525698673918	122.78
37.506655036569889	122.86
37.533774251015537	122.98
37.560882544937883	123.05
37.587979277989199	123.13
37.615064041623256	123.21
37.642136686232625	123.28
37.669197339542087	123.4
37.696246390826289	123.47
37.723284512712624	123.55
37.750312571610657	123.63
37.777331592101191	123.7
37.804342691358976	123.82
37.831347001114615	123.9
37.85834558911877	123.98
37.885339397147469	124.06
37.912329172468262	124.13
37.93931544519824	124.25
37.966298488386471	124.33
37.993278322522521	124.41
38.020254738945304	124.48
38.047227337607367	124.56
38.074195567112866	124.67
38.101158808776269	124.75
38.128116440179681	124.83
38.155067905521733	124.9
38.182012763650434	124.98
38.208950759002654	125.1
38.235881879665548	125.18
38.26280636022927	125.25
38.28972468509911	125.33
38.316637584509081	125.41
38.343545983540558	125.52
38.370450962581202	125.6
38.39735368692196	125.67
38.424255353216907	125.75
38.451157112957084	125.83
38.478060019829172	125.94
38.504964923834301	126.02
38.531872493576337	126.1
38.558783151342013	126.18
38.585697077319189	126.26
38.612614224822515	126.37
38.639534359932526	126.45
38.666457072199051	126.52
38.693381857687974	126.6
38.720308185832167	126.68
38.747235563710433	126.79
38.774163599307805	126.87
38.801092047978962	126.95
38.828020857858078	127.02
38.854950205559987	127.1
38.881880499167067	127.21
38.908812365692818	127.29
38.935746630957212	127.37
38.962684271965735	127.44
38.989626353415858	127.52
39.016573964051716	127.63
39.043528165551571	127.7
39.070489937060131	127.78
39.097460104638536	127.85
39.124439295040787	127.93
39.151427908037071	128.04
39.178426108329084	128.12
39.20543382698721	128.2
39.232450786462792	128.27
39.259476541203455	128.35
39.286510529002463	128.46
39.313552131259733	128.54
39.340600748996245	128.62
39.367655848756314	128.69
39.394717025761558	128.77
39.421784050746382	128.89
39.448856895836371	128.96
39.475935759879142	129.04
39.503021048275478	129.12
39.530113356687352	129.19
39.557213426478754	129.31
39.584322097913102	129.38
39.611440249090009	129.46
39.638568727223266	129.53
39.665708285229812	129.61
39.692859541915524	129.72
39.720022918801433	129.8
39.747198617225401	129.88
39.774386607799372	129.95
39.801586617924649	130.03
39.828798166609225	130.14
39.856020596167617	130.22
39.883253130418545	130.3
39.910494929387085	130.37
39.937745149073393	130.45
39.965003006591331	130.56
39.992267841624503	130.64
40.019539149432056	130.72
40.046816624656707	130.79
40.074100173590075	130.87
40.101389904063346	130.99
40.128686105774278	131.07
40.15598924098353	131.14
40.183299873746876	131.22
40.210618572148107	131.3
40.237945884629816	131.41
40.265282249865358	131.49
40.292627982839363	131.57
40.319983210982514	131.64
40.34734784690616	131.72
40.37472157548428	131.83
40.402103862128286	131.91
40.429493967882749	131.99
40.456890995484407	132.06
40.484293925713068	132.14
40.511701693588165	132.25
40.539113235388555	132.33
40.566527551209788	132.41
40.593943782406761	132.49
40.621361224978571	132.56
40.648779382890943	132.68
40.676197958294765	132.76
40.703616857675222	132.84
40.731036166765996	132.92
40.758456123237679	133
40.785877044156358	133.11
40.813299309340067	133.19
40.84072330371702	133.27
40.868149312258332	133.35
40.895577504187152	133.43
40.923007881394859	133.54
40.950440248077172	133.62
40.977874184755493	133.69
41.005309061529708	133.77
41.032744083484495	133.84
41.060178293921474	133.96
41.087610637843127	134.03
41.11504001648386	134.11
41.142465363593885	134.19
41.169885690209298	134.26
41.197300131481001	134.37
41.224707996226499	134.45
41.252108795670608	134.53
41.279502261414635	134.6
41.306888341041869	134.68
41.334267172378347	134.8
41.361639036175397	134.88
41.389004318377509	134.96
41.416363444961	135.03
41.443716833627924	135.11
41.47106483328303	135.22
41.498407679753392	135.3
41.525745446511763	135.38
41.553078032721636	135.46
41.580405147283784	135.53
41.607726314431446	135.64
41.63504089895828	135.72
41.662348169033237	135.8
41.689647295068703	135.88
41.71693741940242	135.95
41.744217705623605	136.07
41.771487404469248	136.14
41.798745897717566	136.22
41.825992748599433	136.3
41.853227734900798	136.38
41.880450831936407	136.49
41.907662214308402	136.57
41.93486224999716	136.65
41.962051446828234	136.73
41.989230410606318	136.8
42.01639979626939	136.92
42.043560272249138	137
42.070712429066184	137.08
42.097856772745423	137.15
42.124993657478036	137.23
42.152123279914008	137.34
42.179245666976527	137.42
42.206360666613087	137.5
42.233467986785854	137.58
42.26056720834206	137.66
42.287657827429115	137.77
42.314739321844634	137.85
42.341811199105258	137.92
42.368873025812306	138
42.395924474508725	138.07
42.422965386296582	138.19
42.449995776541293	138.26
42.477015848142521	138.34
42.504025995514851	138.42
42.531026780672839	138.49
42.558018913517877	138.61
42.585003197763804	138.68
42.611980490595514	138.76
42.638951652718646	138.84
42.665917493666875	138.91
42.692878729716213	139.02
42.719835955864752	139.1
42.746789617108618	139.18
42.773739989247879	139.25
42.80068718495626	139.33
42.827631173972449	139.44
42.854571802100409	139.51
42.881508815261213	139.59
42.908441910328833	139.66
42.935370791853153	139.74
42.962295215127583	139.85
42.989215039275855	139.93
43.016130238326689	140
43.04304093909316	140.07
43.069947443683112	140.15
43.096850221403521	140.26
43.123749886237505	140.34
43.150647197913131	140.42
43.177543015676001	140.49
43.204438231266892	140.56
43.231333758789802	140.67
43.258230470699537	140.75
43.285129153152802	140.83
43.312030488558648	140.9
43.338935031921075	140.97
43.365843151236454	141.08
43.392755051843743	141.16
43.419670797645821	141.23
43.446590318222036	141.31
43.473513444538455	141.38
43.500439944565571	141.5
43.527369564955343	141.57
43.554302075481438	141.65
43.581237313183202	141.72
43.608175223683588	141.8
43.635115880379402	141.91
43.662059510485371	141.99
43.689006484245077	142.06
43.715957302290647	142.14
43.742912600779597	142.21
43.769873117033221	142.33
43.796839649236389	142.4
43.823813002988807	142.48
43.850793954844214	142.55
43.877783208619547	142.63
43.90478135885914	142.74
43.931788857081202	142.81
43.958805999443555	142.89
43.985832916667462	142.97
44.012869578204437	143.04
44.039915822349613	143.16
44.066971366565362	143.23
44.0940358534287	143.31
44.121108892094249	143.38
44.148190099141566	143.46
44.175279151598019	143.57
44.202375805516247	143.64
44.229479938009469	143.72
44.256591556856051	143.79
44.283710812368298	143.87
44.31083798808011	143.98
44.337973483095816	144.06
44.365117781966148	144.13
44.392271434920076	144.21
44.419435000804029	144.28
44.446609012277044	144.39
44.473793930138683	144.47
44.500990101808668	144.55
44.528197742040746	144.62
44.555416901955375	144.7
44.582647477770699	144.81
44.60988920554351	144.89
44.637141676919768	144.96
44.664404364381838	145.04
44.691676664077093	145.11
44.718957924411995	145.22
44.746247500368568	145.3
44.773544796239321	145.38
44.800849288559938	145.45
44.828160565542348	145.53
44.855478369465622	145.64
44.882802580370736	145.72
44.910133178984445	145.8
44.937470260037287	145.88
44.96481399169393	145.96
44.992164610564899	146.07
45.019522363658652	146.14
45.046887476227852	146.22
45.074260106157347	146.29
45.101640310838022	146.37
45.129028024978474	146.49
45.156423033621891	146.57
45.183824976329262	146.64
45.211233341219483	146.72
45.23864749256343	146.8
45.26606668891182	146.9
45.293490116854507	146.98
45.320916940162824	147.06
45.348346328909663	147.13
45.375777498950328	147.23
45.403209750030214	147.34
45.430642489092001	147.42
45.458075239937855	147.49
45.48550766824161	147.57
45.512939604486874	147.64
45.540370990044217	147.75
45.567801851241562	147.83
45.595232292602255	147.9
45.622662437018761	147.98
45.650092386421122	148.05
45.677522181750092	148.16
45.704951783814387	148.24
45.732381048234721	148.32
45.75980969110276	148.39
45.787237290140276	148.47
45.814663293252501	148.58
45.842087050490221	148.65
45.869507818602251	148.73
45.896924792499298	148.8
45.924337154332534	148.89
45.951744103704975	149.01
45.979144919913395	149.09
46.0065389824167	149.17
46.033925766074709	149.24
46.061304881968802	149.32
46.088676088453539	149.43
46.116039266868789	149.51
46.143394427098471	149.59
46.170741669689747	149.69
46.198081169909656	149.8
46.225413129821085	149.97
46.252737754465336	150.08
46.280055210352074	150.18
46.307365594629431	150.28
46.334668918608912	150.39
46.36196510819952	150.53
46.389253952818613	150.61
46.416535127925975	150.69
46.44380820287423	150.77
46.471072683288149	150.84
46.49832802041113	150.96
46.525573668126633	151.03
46.552809124639303	151.11
46.580033930750133	151.19
46.607247717117978	151.27
46.634450247293785	151.38
46.661641401922289	151.47
46.688821188961974	151.54
46.715989757921129	151.62
46.743147388718242	151.7
46.770294438652471	151.82
46.79743135634871	151.89
46.824558607458883	151.98
46.851676669500158	152.06
46.878785992423815	152.14
46.905886950506748	152.24
46.932979858228791	152.32
46.960064920621619	152.4
46.987142230055547	152.48
47.014211783515663	152.55
47.041273490236534	152.67
47.068327178663637	152.75
47.095372612185955	152.83
47.122409552288559	152.9
47.149437776049488	152.98
47.176457108126215	153.1
47.203467451174774	153.18
47.230468815293854	153.27
47.257461321988771	153.4
47.284445222355309	153.51
47.311420882933739	153.65
47.338388770506114	153.74
47.365349450647606	153.82
47.39230354321564	153.89
47.419251718571864	153.97
47.446194648109326	154.1
47.473132965928748	154.18
47.500067264667045	154.26
47.526998066934226	154.34
47.553925792698479	154.42
47.580850750353711	154.53
47.607773135016167	154.61
47.63469305425113	154.68
47.66161054036877	154.76
47.688525571502183	154.84
47.715438090245073	154.96
47.742348041414594	155.04
47.769255403585603	155.11
47.796160214154803	155.19
47.823062563694336	155.26
47.849962682278424	155.38
47.8768608770662	155.46
47.90375756579536	155.53
47.930653266242686	155.61
47.957548581687234	155.69
47.98444416423591	155.8
48.011340719207027	155.88
48.038238953014599	155.96
48.06513954771679	156.03
48.092043119984908	156.11
48.118950223049431	156.22
48.145861332324401	156.3
48.172776795770332	156.38
48.199696867907974	156.46
48.226621698629756	156.53
48.253551349909117	156.65
48.280485811815709	156.73
48.307425036909656	156.8
48.334368955934181	156.88
48.36131751618921	156.95
48.388270698155551	157.07
48.415228526938812	157.15
48.442191125736827	157.23
48.469158718378551	157.3
48.496131619722505	157.38
48.523110229554796	157.49
48.550095027999184	157.57
48.577086552032412	157.65
48.604085372080149	157.72
48.63109206064901	157.8
48.658107167367312	157.92
48.685131188977586	157.99
48.712164545969465	158.07
48.73920757106977	158.15
48.766260484557797	158.22
48.793323400205352	158.33
48.820396323519816	158.41
48.84747917097976	158.49
48.874571785692211	158.56
48.901673950932604	158.64
48.928785426526403	158.75
48.955905973838277	158.83
48.983035379107079	158.9
49.010173473018341	158.98
49.037320156911107	159.05
49.064475411695987	159.16
49.091639307565281	159.24
49.118811998420149	159.32
49.145993706691222	159.4
49.173184703558803	159.47
49.200385292308312	159.58
49.227595775886876	159.66
49.254816434340853	159.73
49.282047499698528	159.81
49.309289135378258	159.89
49.336541402573395	160
49.363804264301329	160.08
49.391077568305931	160.16
49.41836105452267	160.24
49.445654372611926	160.31
49.472957094632605	160.43
49.500268723815665	160.51
49.527588754530932	160.58
49.554916688929616	160.66
49.582252037620968	160.73
49.609594347474079	160.85
49.636943216458803	160.93
49.664298319488346	161.01
49.691659426930833	161.08
49.719026387280927	161.16
49.746399116288053	161.27
49.773777588673333	161.35
49.801161812700862	161.43
49.828551812844495	161.51
49.855947595250313	161.58
49.883349129822086	161.7
49.910756323426895	161.78
49.938168991408858	161.86
49.965586874105348	161.93
49.993009606303552	162.01
50.020436725297138	162.12
50.047867697128808	162.2
50.075301897756063	162.28
50.102738650314741	162.36
50.13017725413318	162.44
50.157617006675672	162.56
50.185057247392841	162.64
50.212497390455994	162.72
50.239936903713463	162.79
50.26737533494034	162.87
50.29481234200675	163.01
50.322247661244511	163.1
50.349681099125242	163.19
50.377112529866352	163.27
50.404541875564227	163.36
50.431969089366099	163.48
50.459394104429023	163.56
50.486816829900945	163.64
50.514237122221992	163.72
50.541654786476307	163.8
50.569069541027744	163.92
50.596481020175787	164
50.623888783918296	164.08
50.651292314987899	164.15
50.678691065691417	164.23
50.706084455143063	164.35
50.733471848716938	164.43
50.760852655675919	164.51
50.788226300927768	164.59
50.815592264352794	164.68
50.842950110488438	164.79
50.870299487469993	164.88
50.897640142373497	164.95
50.924971920201529	165.03
50.952294758850272	165.11
50.97960867227232	165.24
51.006913729381907	165.32
51.034210051788918	165.43
51.061497787774641	165.51
51.088777046815387	165.61
51.116047899935936	165.72
51.143310364429603	165.8
51.170564394595964	165.88
51.197809869881006	166.03
51.225046620599379	166.13
51.252274416276187	166.26
51.279492960348435	166.34
51.306701933434852	166.43
51.333901018077803	166.51
51.361089892226858	166.61
51.388268267997269	166.79
51.415435936876918	166.92
51.442592753052068	167.03
51.469738661571341	167.12
51.496873700344949	167.2
51.523997997154481	167.31
51.55111177391634	167.39
51.578215323618402	167.47
51.605308999308541	167.55
51.632393192587379	167.63
51.659468299869317	167.75
51.68653471807032	167.83
51.713592818238361	167.94
51.740642918763626	168.06
51.767685266650794	168.17
51.794720031853487	168.3
51.821747323397808	168.39
51.848767202764058	168.47
51.875779666550208	168.55
51.902784677411354	168.63
51.929782188974201	168.74
51.956772164833602	168.82
51.983754592352746	168.9
52.010729502725923	168.98
52.03769697968287	169.05
52.064657190502281	169.17
52.091610382891488	169.25
52.118556894546764	169.32
52.145497131066591	169.4
52.172431560410502	169.47
52.199360722505098	169.59
52.226285184863741	169.66
52.25320552606113	169.74
52.280122297357288	169.82
52.307036020514758	169.9
52.333947180895372	170.01
52.360856207259701	170.09
52.387763451348086	170.17
52.414669191492067	170.25
52.441573657639637	170.33
52.468477017707251	170.43
52.495379373971218	170.51
52.52228080874508	170.6
52.549181411951103	170.68
52.576081263466698	170.75
52.602980491736346	170.87
52.629879253850348	170.95
52.656777773115081	171.02
52.683676347417972	171.1
52.710575359282316	171.18
52.737475239999966	171.29
52.764376472778977	171.38
52.791279593179588	171.45
52.81818517061199	171.53
52.845093786668606	171.61
52.872006004852182	171.73
52.898922361471065	171.8
52.925843337056712	171.88
52.952769350597094	171.96
52.979700757139071	172.04
53.006637831953505	172.15
53.033580779873084	172.23
53.060529740281694	172.3
53.087484786577598	172.38
53.11444595024841	172.46
53.141413253328444	172.58
53.168386727455562	172.66
53.195366413423159	172.74
53.222352387302422	172.81
53.24934477165629	172.89
53.27634374737891	173
53.303349550858684	173.08
53.330362477265204	173.16
53.35738287205708	173.23
53.384411115666126	173.31
53.411447616493398	173.43
53.43849278569855	173.51
53.465547015886862	173.59
53.492610672686425	173.66
53.519684069472234	173.74
53.546767464749372	173.85
53.573861038499139	173.93
53.60096489503114	174.01
53.628079062346785	174.08
53.655203494707422	174.16
53.682338084226636	174.28
53.709482675858638	174.36
53.736637074865982	174.43
53.763801092478147	174.51
53.790974539767795	174.59
53.818157254547344	174.7
53.845349112247852	174.78
53.872550031881168	174.86
53.899759987808274	174.94
53.9269790010988	175.01
53.954207141253235	175.13
53.981444519532936	175.2
54.008691263623739	175.28
54.035947506510844	175.35
54.06321336587996	175.43
54.090488923587628	175.55
54.117774215303491	175.63
54.145069215632816	175.7
54.17237382129683	175.78
54.199687856232373	175.86
54.227011087897573	175.97
54.25434319300382	176.05
54.281683781565469	176.13
54.309032399836006	176.2
54.336388561582964	176.28
54.363751773286687	176.39
54.391121558308697	176.47
54.4184974589962	176.55
54.445879056072954	176.62
54.473265984931444	176.7
54.500657936297337	176.81
54.528054667466563	176.89
54.555455983543027	176.97
54.582861730112811	177.05
54.610271792149661	177.12
54.63768606503838	177.24
54.665104434793342	177.32
54.692526773768918	177.4
54.719952914228735	177.47
54.747382618863462	177.55
54.774815590574079	177.66
54.802251459548479	177.74
54.829689771241085	177.82
54.857130012316055	177.9
54.884571652926546	177.97
54.912014102101786	178.09
54.939456745384661	178.17
54.966898986991403	178.24
54.994340240566935	178.32
55.02177994990528	178.4
55.049217594718542	178.51
55.076652737994422	178.59
55.104085004129374	178.67
55.131514084348531	178.74
55.158939724582396	178.82
55.186361726742788	178.93
55.213779940376391	179.01
55.241194246910105	179.09
55.268604522158135	179.16
55.296010635280666	179.24
55.323412423311524	179.36
55.350809697646838	179.43
55.37820222508293	179.51
55.405589717132607	179.59
55.432971799045497	179.67
55.460348065608883	179.78
55.487718040286524	179.86
55.51508122719251	179.93
55.542437119408653	180.01
55.569785215132121	180.09
55.597125038625144	180.2
55.62445616638675	180.28
55.651778237683175	180.36
55.679090965220901	180.43
55.706394143072799	180.51
55.73368767340618	180.63
55.760971517273902	180.7
55.788245693763692	180.77
55.815510259611898	180.85
55.842765319722702	180.92
55.870010980983196	181.04
55.897247359820852	181.12
55.924474568509503	181.19
55.95169266814834	181.27
55.978901670082877	181.34
56.006101557418411	181.46
56.033292244521007	181.54
56.060473587162733	181.62
56.087645414941413	181.7
56.114807548333403	181.77
56.141959780710167	181.89
56.169101930645311	181.97
56.196233830955215	182.04
56.223355363808373	182.12
56.250466477104794	182.19
56.277567174488979	182.31
56.304657553364464	182.38
56.331737776753535	182.46
56.358808080678692	182.54
56.385868766838939	182.61
56.412920188488002	182.73
56.439962723803404	182.81
56.466996744046853	182.89
56.494022633400213	182.96
56.521040757043288	183.04
56.548051445374107	183.15
56.57505498141213	183.23
56.602051611225214	183.31
56.629041521307812	183.38
56.656024860704356	183.46
56.683001729883372	183.58
56.709972188683551	183.65
56.736936293430396	183.74
56.763894088286236	183.82
56.790845651129139	183.89
56.817791092512564	184
56.844730562016707	184.08
56.871664267289383	184.16
56.898592499021497	184.24
56.925515601659271	184.31
56.952433973614525	184.43
56.979348054414324	184.5
57.006258332244883	184.58
57.03316533383353	184.66
57.060069586551847	184.74
57.086971612520337	184.85
57.113871914863182	184.93
57.14077096988985	185
57.16766920251488	185.08
57.194566967212069	185.15
57.22146459060405	185.27
57.248362321809864	185.35
57.275260378218995	185.42
57.302158924759432	185.5
57.329058112331381	185.58
57.355958070412449	185.69
57.382858954873079	185.77
57.409760928022749	185.85
57.436664187535193	185.92
57.463568964812637	186
57.490475550402508	186.12
57.517384298620968	186.2
57.544295598170748	186.28
57.57120989101881	186.35
57.598127649437458	186.43
57.625049364283555	186.54
57.651975532107947	186.62
57.678906647649576	186.7
57.705843172135481	186.77
57.732785537138184	186.85
57.759734119928481	186.96
57.786689224630187	187.04
57.813651109468466	187.12
57.840619981352845	187.2
57.867595992033394	187.28
57.894579246299386	187.39
57.921569812835642	187.47
57.948567742200972	187.55
57.975573078225018	187.63
58.002585869694066	187.7
58.029606187248703	187.82
58.05663413181356	187.9
58.083669839568017	187.98
58.110713494796592	188.06
58.137765317453919	188.13
58.1648255662938	188.25
58.191894526480787	188.33
58.218972503979458	188.41
58.246059814414174	188.49
58.273156753692056	188.57
58.300263595121521	188.68
58.32738057222636	188.76
58.354507865723328	188.84
58.381645591036303	188.92
58.408793799049164	188.99
58.435952478800914	189.11
58.463121560935498	189.18
58.490300926491614	189.26
58.517490413065694	189.33
58.544689824854693	189.41
58.571898956047896	189.53
58.599117595299035	189.61
58.626345546850033	189.69
58.653582645289049	189.76
58.680828762006172	189.84
58.708083797229037	189.95
58.735347696024427	190.03
58.762620432769722	190.11
58.789902006584448	190.18
58.817192439399768	190.26
58.844491753994724	190.37
58.871799954626788	190.45
58.899117044208715	190.53
58.926442976913535	190.6
58.953777636219257	190.68
58.981120846281378	190.79
59.008472349724293	190.87
59.035831831234439	190.95
59.063198927743791	191.04
59.090573223672713	191.12
59.117954262796587	191.25
59.145341566410508	191.35
59.172734647761743	191.47
59.200133033196906	191.58
59.227536271068935	191.67
59.254943939175256	191.81
59.282355666376837	191.89
59.309771113198451	191.97
59.337190001491088	192.05
59.364612089956758	192.12
59.392037163143605	192.24
59.419465042564703	192.32
59.446895549198381	192.4
59.474328486487394	192.47
59.501763624384964	192.55
59.52920071253488	192.66
59.556639469959819	192.74
59.584079577206118	192.82
59.611520641848138	192.9
59.638962229658937	192.97
59.666403863853247	193.09
59.693845026512278	193.17
59.721285156472391	193.25
59.74872369668546	193.32
59.776160088805014	193.4
59.803593807499148	193.51
59.831024344403261	193.59
59.858451235652133	193.66
59.885874071274458	193.74
59.913292511656195	193.82
59.940706264766924	193.93
59.968115088852649	194.01
59.99551878950674	194.09
60.022917202145933	194.17
60.050310198944899	194.24
60.077697663588282	194.36
60.105079444435653	194.44
60.132455377989672	194.51
60.159825254920527	194.59
60.187188815422573	194.67
60.214545768225165	194.78
60.241895769880195	194.86
60.269238446104772	194.94
60.296573399267011	195.02
60.323900223007193	195.09
60.351218515555296	195.21
60.378527890994718	195.29
60.405828014268998	195.37
60.433118615266771	195.45
60.460399448238363	195.53
60.487670332527799	195.65
60.514931150231085	195.73
60.542181848473838	195.81
60.569422427036336	195.88
60.596652955651422	195.96
60.623873537935992	196.07
60.651084283915623	196.15
60.678285322156391	196.22
60.705476785239526	196.3
60.732658763701941	196.38
60.759831320403642	196.5
60.786994504796127	196.59
60.81414831257301	196.67
60.841292717133612	196.74
60.868427652536532	196.82
60.895553030133001	196.94
60.922668759769081	197.02
60.94977474773097	197.09
60.976870926333078	197.17
61.003957258563254	197.25
61.031033745708314	197.37
61.058100449429666	197.45
61.085157490782315	197.53
61.112205047469594	197.6
61.139243337065459	197.68
61.166272627609345	197.8
61.193293236948378	197.88
61.220305525276743	197.96
61.247309858341389	198.03
61.27430661351319	198.11
61.301296163517534	198.23
61.328278869917284	198.31
61.355255059537157	198.38
61.382225019990493	198.46
61.409188994461317	198.54
61.436147193054644	198.67
61.463099794409729	198.75
61.490046959388614	198.83
61.516988819582323	198.91
61.543925497289436	198.99
61.570857149989763	199.1
61.597783945224414	199.18
61.624706080037917	199.26
61.651623772596153	199.34
61.678537292164741	199.42
61.705446964636195	199.54
61.732353161313306	199.62
61.75925629383525	199.7
61.786156809149055	199.78
61.813055190268443	199.86
61.839951936612536	199.97
61.866847520490204	200.05
61.893742419215201	200.13
61.920637094033786	200.21
61.947531961092757	200.29
61.974427412496858	200.4
62.00132378163822	200.48
62.028221360931738	200.56
62.055120413920406	200.64
62.082021174858518	200.73
62.10892384484869	200.84
62.135828600160153	200.92
62.162735617621884	201
62.189645098762739	201.08
62.216557256173715	201.16
62.243472322102747	201.27
62.27039056837549	201.36
62.297312296109268	201.45
62.324237845332654	201.54
62.351167593043655	201.63
62.378101938244313	201.75
62.405041304733892	201.83
62.431986123704625	201.91
62.458936804788479	201.99
62.485893747823241	202.06
62.512857334459866	202.18
62.539827923736667	202.26
62.566805823953565	202.34
62.593791297237232	202.42
62.620784555353495	202.49
62.647785768497535	202.61
62.674795060230011	202.69
62.701812521125056	202.76
62.72883821593247	202.84
62.755872191937399	202.93
62.78291449993786	203.07
62.809965192821203	203.17
62.837024337247662	203.25
62.864092027361622	203.33
62.891168383371294	203.41
62.918253565325692	203.53
62.945347751477563	203.62
62.972451144130702	203.71
62.999563963147082	203.81
63.026686426449103	203.92
63.05381874547404	204.09
63.080961112066497	204.17
63.108113679113103	204.25
63.135276576937208	204.33
63.162449884528129	204.41
63.189633627588044	204.52
63.216827779523442	204.6
63.244032260219385	204.68
63.271246942520662	204.76
63.298471657842981	204.84
63.325706210403453	204.95
63.352950391906894	205.03
63.380203979177224	205.11
63.407466754592598	205.18
63.434738512403392	205.26
63.46201906361447	205.38
63.489308247476963	205.46
63.516605930954526	205.53
63.543912000000603	205.61
63.571226379390644	205.69
63.59854902113932	205.8
63.625879839326217	205.88
63.653218756193191	205.96
63.680565643439095	206.04
63.707920354378679	206.13
63.735282706184655	206.23
63.762652480794188	206.32
63.790029405551685	206.39
63.817413162424707	206.48
63.844803387557768	206.56
63.872199676737381	206.68
63.899601609083852	206.75
63.927008731912863	206.83
63.954420584613345	206.9
63.98183670821048	206.98
64.00925666464488	207.09
64.036680029520696	207.17
64.064106404970971	207.25
64.091535441144742	207.32
64.118966797649733	207.41
64.14640016197086	207.51
64.173835247481378	207.59
64.20127178030215	207.67
64.228709500670092	207.75
64.256148176035254	207.82
64.283587538485918	207.94
64.311027303745107	208.02
64.338467179893541	208.09
64.365906837121457	208.17
64.393345892936495	208.25
64.420783924297979	208.37
64.448220497696653	208.45
64.475655150046336	208.51
64.503087397139268	208.6
64.530516740553423	208.68
64.557942681249202	208.79
64.585364750543107	208.87
64.612782503907027	208.95
64.640195522152055	209.02
64.667603428018538	209.1
64.695005879053483	209.2
64.722402591637561	209.28
64.749793329803666	209.36
64.77717788239471	209.44
64.804556053186914	209.51
64.831927675671736	209.63
64.859292563520995	209.71
64.886650539760979	209.78
64.914001415363288	209.86
64.941344984843681	209.94
64.968681021072129	210.05
64.996009278204625	210.13
65.023329492974597	210.21
65.050641383410849	210.29
65.077944669229623	210.36
65.105239092212642	210.48
65.132524377972331	210.55
65.159800264241412	210.63
65.187066503559066	210.71
65.214322894385589	210.78
65.241569259389777	210.9
65.268805482976333	210.98
65.296031511279978	211.05
65.323247309753782	211.13
65.350452887053677	211.2
65.377648307370578	211.32
65.404833644942613	211.4
65.432008984164398	211.47
65.459174434302867	211.55
65.486330113325977	211.63
65.513476120039627	211.74
65.540612553443694	211.82
65.567739485561148	211.9
65.5948569739692	211.98
65.621965065751098	212.05
65.649063786863294	212.17
65.676153166509053	212.25
65.703233225200918	212.32
65.730303992816602	212.4
65.757365517410847	212.48
65.784417865979307	212.59
65.811461129862295	212.67
65.838495412266241	212.75
65.865520864434941	212.83
65.892537689464262	212.9
65.919546116723993	213.02
65.946546411517815	213.1
65.973538877200966	213.17
66.000523842818183	213.25
66.027501654624743	213.33
66.054472662171449	213.44
66.081437200261504	213.52
66.108395611277146	213.6
66.135348207507292	213.68
66.16229529857705	213.76
66.189237168041089	213.87
66.216174076474417	213.95
66.243106272571652	214.03
66.270033998846571	214.11
66.296957483835342	214.18
66.323876942826914	214.3
66.350792586956459	214.38
66.377704644594786	214.45
66.404613370275257	214.53
66.431519034251721	214.61
66.458421930849156	214.72
66.485322394268209	214.8
66.512220793343644	214.88
66.539117504787015	214.95
66.566012921961033	215.03
66.592907476724946	215.14
66.619801587284087	215.22
66.64669568977196	215.3
66.673590197602238	215.38
66.700485519340347	215.45
66.727382044383802	215.57
66.754280159958512	215.64
66.781180205544871	215.73
66.808082494822671	215.81
66.834987314949686	215.89
66.861894936718869	216
66.88880561585465	216.08
66.915719587566741	216.16
66.942637090536564	216.24
66.969558355047752	216.31
66.996483614514744	216.43
67.02341312125111	216.51
67.0503471405695	216.58
67.077285954808815	216.66
67.104229866761671	216.74
67.131179192541296	216.85
67.158134247028713	216.93
67.185095368494132	217.01
67.212062909491195	217.09
67.239037215689109	217.16
67.266018621097089	217.28
67.293007444048712	217.39
67.320003976735237	217.48
67.347008484016129	217.58
67.374021194350249	217.68
67.401042307288265	217.83
67.42807198567165	217.92
67.455110359709778	218
67.482157537282589	218.07
67.509213598622878	218.15
67.536278612811969	218.26
67.563352638005782	218.35
67.590435739117183	218.43
67.61752798295592	218.51
67.644629443326167	218.59
67.671740206864513	218.7
67.698860371552641	218.78
67.72599004608945	218.85
67.753129344726503	218.93
67.780278378482421	219.01
67.807437266492599	219.12
67.834606117332555	219.2
67.861785026563155	219.28
67.888974067005321	219.35
67.91617327657471	219.43
67.943382667048098	219.54
67.970602208757427	219.63
67.997831833098388	219.7
68.025071445092195	219.78
68.052320910385944	219.86
68.079580061778657	219.97
68.10684871354141	220.06
68.134126656192024	220.13
68.161413671421613	220.21
68.188709540260945	220.28
68.216014043314033	220.39
68.243326967775758	220.47
68.270648133715909	220.55
68.297977354093874	220.63
68.325314443326675	220.71
68.352659210264392	220.82
68.380011460769111	220.9
68.407370999466082	220.97
68.434737638195514	221.05
68.462111168362526	221.13
68.489491362039544	221.24
68.51687796988773	221.32
68.544270716595861	221.4
68.571669309307183	221.48
68.59907342141986	221.55
68.626482696606033	221.67
68.653896764290934	221.75
68.681315224419009	221.82
68.708737669277838	221.9
68.736163685787744	221.99
68.76359285303225	222.1
68.791024746406393	222.18
68.818458959509584	222.25
68.845895083026107	222.33
68.873332709521307	222.41
68.900771454295821	222.52
68.928210980655024	222.6
68.955650956019255	222.68
68.983091048113153	222.75
69.010530947909785	222.82
69.037970352538068	222.95
69.065408939283259	223.02
69.092846378834139	223.1
69.120282335561058	223.18
69.147716464274779	223.25
69.175148405684681	223.37
69.202577777013232	223.45
69.230004181081839	223.52
69.257427215327169	223.6
69.284846475493737	223.68
69.31226155378242	223.79
69.33967204230332	223.87
69.367077543563596	223.95
69.394477676542039	224.02
69.421872100025723	224.1
69.449260491528833	224.22
69.476642523110556	224.3
69.504017913734231	224.38
69.531386384729501	224.46
69.558747674912709	224.53
69.586101554788527	224.65
69.613447801668968	224.72
69.64078620786087	224.8
69.668116577042468	224.88
69.69543872475478	224.95
69.722752468935482	225.06
69.75005762847502	225.15
69.777354044200777	225.23
69.804641567026508	225.3
69.831920018229738	225.38
69.859189222590956	225.49
69.886449010754859	225.57
69.913699218493008	225.65
69.940939694330353	225.72
69.968170321877423	225.8
69.995390989538166	225.92
70.022601602714431	226
70.049802103882925	226.07
70.076992457471391	226.15
70.104172635553439	226.23
70.131342643009987	226.34
70.158502525082795	226.42
70.185652335391168	226.5
70.212792158811936	226.57
70.239922083817405	226.65
70.267042209551562	226.77
70.294152654189261	226.85
70.321253528490331	226.93
70.348344964619741	227
70.375427086822469	227.08
70.402500022139407	227.19
70.429563904288102	227.27
70.456618868044075	227.35
70.483665046457048	227.43
70.510702560057453	227.5
70.537731540658783	227.62
70.564752134083236	227.7
70.591764503883255	227.78
70.618768819354912	227.85
70.645765280913466	227.93
70.672754104405541	228.04
70.699735534171865	228.12
70.726709830183225	228.2
70.753677259101863	228.27
70.780638109673305	228.35
70.807592677614906	228.47
70.834541279186368	228.55
70.861484240645723	228.63
70.888421883543757	228.7
70.915354525295299	228.78
70.942282510979197	228.9
70.969206165269767	228.98
70.996125805577492	229.06
71.023041727326856	229.14
71.049954227523344	229.22
71.076863609044267	229.33
71.103770162827118	229.41
71.130674176590148	229.49
71.157575945214717	229.57
71.184475771982491	229.64
71.211373966423253	229.76
71.238270823355066	229.84
71.265166676641954	229.91
71.292061852531717	229.99
71.318956697888723	230.06
71.345851563895806	230.18
71.372746815325925	230.27
71.39964280804061	230.34
71.42653992569474	230.42
71.453438541792607	230.5
71.480339032314632	230.61
71.507241750429444	230.69
71.53414705357352	230.77
71.561055295439289	230.85
71.587966808070334	230.92
71.614881909537672	231.09
71.641800909451263	231.2
71.668724095648173	231.3
71.6956517455246	231.38
71.722584128017985	231.45
71.749521504552533	231.56
71.776464133254507	231.64
71.803412266466793	231.72
71.830366140456803	231.8
71.857326000411945	231.87
71.88429210457123	231.99
71.911264719030015	232.07
71.93824411076028	232.15
71.965230545056826	232.22
71.992224286813482	232.3
72.019225603657887	232.41
72.046234748807919	232.49
72.07325196971513	232.57
72.100277497170339	232.65
72.127311547389354	232.72
72.154354322619398	232.84
72.181405997569286	232.92
72.208466729098944	232.99
72.235536651127674	233.07
72.262615879622871	233.15
72.289704521969313	233.26
72.316802661592192	233.34
72.343910369529496	233.42
72.371027707848114	233.49
72.398154724439649	233.57
72.425291459603784	233.68
72.452437947825572	233.76
72.479594214802034	233.84
72.506760295124607	233.92
72.533936218158203	233.99
72.561122006029933	234.11
72.588317673282504	234.18
72.615523227173995	234.26
72.642738659991949	234.34
72.669963950946013	234.42
72.697199064929436	234.53
72.724443956237494	234.61
72.751698548650666	234.69
72.778962747226046	234.77
72.806236432252632	234.84
72.833519460126396	234.96
72.860811668557204	235.04
72.888112875506593	235.12
72.915422875766339	235.19
72.942741470892756	235.27
72.970068455135376	235.38
72.997403575498467	235.46
73.02474658455894	235.53
73.052097201340899	235.61
73.079455151230746	235.69
73.106820162420775	235.8
73.134191963815454	235.88
73.161570276716162	235.95
73.188954825270088	236.03
73.216345330009375	236.11
73.243741507862808	236.22
73.271143080694713	236.3
73.298549753824531	236.38
73.325961231708959	236.45
73.353377192709303	236.53
73.380797323558127	236.64
73.408221288081492	236.72
73.435648729407532	236.8
73.463079296015479	236.87
73.490512606436212	236.95
73.517948261132432	237.07
73.545385840412976	237.15
73.57282492829755	237.22
73.600265113796056	237.3
73.62770600222504	237.38
73.655147180798636	237.49
73.682588246107201	237.57
73.710028816287249	237.66
73.737468512754631	237.73
73.764906948861068	237.8
73.792343753562932	237.94
73.819778572254094	238.02
73.847211065334932	238.09
73.874640887356918	238.16
73.902067697192209	238.24
73.929491155642054	238.36
73.956910939047418	238.44
73.984326721196155	238.51
74.01173816542638	238.59
74.039144943263523	238.66
74.066546714756285	238.78
74.093943160836986	238.86
74.121333966619275	238.93
74.148718794046474	239.01
74.176097314252118	239.09
74.203469200778471	239.2
74.230834118884616	239.29
74.258191753360634	239.36
74.285541797986241	239.44
74.312883969569967	239.52
74.340217999739153	239.63
74.367543647710804	239.71
74.394860698676894	239.78
74.422168955951705	239.86
74.449468261335625	239.94
74.476758501868105	240.05
74.504039549112321	240.13
74.531311291647256	240.21
74.558573626099147	240.28
74.585826465525514	240.36
74.613069718578359	240.47
74.640303322499491	240.55
74.667527225011312	240.63
74.694741351328375	240.7
74.72194563902174	240.78
74.749140044245706	240.9
74.776324505914587	240.98
74.803498968817649	241.05
74.830663408351612	241.13
74.857817802543394	241.21
74.884962151164913	241.32
74.912096468582988	241.39
74.939220787831459	241.47
74.966335170338027	241.55
74.9934396984263	241.62
75.020534482033426	241.74
75.047619655142498	241.81
75.074695369351261	241.89
75.10176179857028	241.97
75.128819134770509	242.04
75.155867581078212	242.16
75.182907334639751	242.24
75.209938583271821	242.32
75.236961528036787	242.39
75.263976384654825	242.47
75.29098335285498	242.58
75.317982634778247	242.66
75.344974435019296	242.74
75.371958969108505	242.82
75.398936449738613	242.89
75.425907089779486	243.01
75.452871100203097	243.09
75.479828712236269	243.16
75.50678016668158	243.24
75.533725729487585	243.31
75.560665671127595	243.43
75.587600272618204	243.51
75.614529855764459	243.59
75.641454752880634	243.66
75.668375306396754	243.74
75.695291853676721	243.87
75.722204739774682	243.96
75.749114325394117	244.03
75.776020970685721	244.11
75.802925031396157	244.19
75.82982685408993	244.3
75.85672679719049	244.38
75.883625209052482	244.46
75.910522404610873	244.54
75.937418700727136	244.64
75.964314414659853	244.8
75.991209845277339	244.89
76.018105305711742	244.97
76.045001088679967	245.04
76.071897492434445	245.12
76.098794827306165	245.23
76.125693419866394	245.31
76.152593589831483	245.39
76.179495660892073	245.46
76.206399968961364	245.54
76.233306864105501	245.65
76.260216705317632	245.73
76.287129843207424	245.81
76.314046635554206	245.89
76.340967428854853	245.97
76.367892565099609	246.08
76.394822380873165	246.16
76.421757195512484	246.24
76.448697317137771	246.31
76.475643040648905	246.39
76.502594632170656	246.5
76.529552338553657	246.58
76.556516398445154	246.65
76.583487054827231	246.73
76.610464529109009	246.81
76.63744903696174	246.92
76.664440785241254	247
76.691439979853044	247.08
76.718446821427847	247.15
76.745461509788626	247.23
76.772484246282062	247.35
76.799515226999887	247.44
76.82655465050351	247.54
76.85360271143044	247.65
76.880659595472181	247.75
76.907725486766452	247.89
76.934800557853663	247.98
76.961884977617601	248.06
76.988978895269184	248.14
77.016082443317174	248.22
77.043195737373168	248.35
77.07031886818919	248.43
77.097451904675609	248.51
77.124594895487732	248.59
77.151747855178286	248.67
77.178910797973302	248.79
77.206083712976096	248.86
77.233266575769193	248.94
77.260459349805402	249.02
77.287661985203741	249.09
77.314874425975219	249.21
77.34209660698771	249.29
77.36932845784122	249.36
77.396569913107655	249.44
77.42382089690669	249.51
77.451081328981076	249.63
77.478351120913217	249.71
77.505630174947157	249.78
77.532918383465855	249.86
77.560215626839451	249.94
77.587521766483675	250.05
77.614836654977935	250.13
77.642160143868793	250.21
77.669492028601198	250.28
77.696832090462991	250.36
77.724180064467063	250.48
77.751535668626374	250.55
77.77889860413184	250.63
77.806268568192252	250.71
77.83364523671932	250.78
77.861028276582971	250.89
77.888417353076264	250.97
77.915812127174021	251.05
77.943212277126179	251.13
77.970617471652176	251.2
77.998027386742223	251.32
78.025441709074755	251.4
78.052860128772394	251.48
78.080282335013919	251.55
78.107708017866287	251.63
78.135136877630373	251.74
78.162568585406973	251.82
78.190002804248607	251.9
78.217439184304467	251.97
78.244877353705547	252.05
78.27231692811624	252.16
78.299757538117518	252.24
78.327198779082551	252.32
78.354640237363711	252.4
78.382081506205481	252.47
78.409522172427216	252.59
78.436961805063333	252.67
78.464399966183976	252.74
78.491836249994449	252.82
78.519270255831756	252.9
78.546701593252507	253.01
78.574129884120836	253.09
78.601554762709029	253.17
78.62897589142041	253.24
78.656392953276438	253.32
78.683805638337745	253.43
78.711213647789151	253.51
78.738616687493945	253.59
78.766014484636813	253.67
78.793406774776599	253.74
78.820793287351009	253.85
78.848173729403527	253.93
78.875547817240047	254.01
78.902915236886756	254.09
78.930275671588134	254.17
78.957628811798614	254.28
78.98497433841257	254.36
79.012311943862557	254.43
79.039641330812373	254.51
79.066962225385126	254.58
79.094274369766154	254.7
79.121577539683273	254.78
79.148871563692012	254.85
79.176156284088549	254.94
79.203431563882205	255.01
79.230697283124869	255.13
79.257953360651968	255.2
79.28519972628547	255.28
79.312436338096404	255.36
79.339663187237463	255.43
79.366880252894319	255.55
79.394087517801893	255.62
79.421284986528178	255.7
79.448472647138516	255.78
79.475650471861201	255.85
79.502818444791146	255.97
79.529976559677735	256.05
79.557124796838465	256.12
79.584263149610749	256.2
79.611391611850323	256.28
79.638510189350001	256.39
79.665618915619916	256.47
79.692717833116362	256.54
79.719807024738586	256.62
79.74688659009125	256.69
79.773956663265324	256.81
79.801017408169912	256.88
79.828069014270426	256.96
79.855111686826405	257.04
79.88214563038737	257.11
79.909171074549249	257.22
79.936188267836641	257.3
79.96319745949323	257.38
79.990198897713796	257.45
80.017192837426578	257.53
80.044179528376574	257.64
80.071159220290824	257.72
80.098132150622959	257.79
80.125098537121943	257.87
80.152058608113592	257.94
80.179012574397987	258.06
80.20596066677976	258.14
80.232903119575923	258.23
80.259840172789268	258.31
80.286772079713714	258.41
80.313699128677456	258.55
80.340621617223107	258.63
80.367539855402029	258.71
80.394454159758027	258.79
80.421364871417254	258.87
80.448272355592394	258.98
80.475176979285848	259.06
80.50207911808225	259.14
80.528979156895673	259.22
80.555877487844654	259.3
80.582774485740615	259.41
80.609670506297292	259.49
80.636565916468996	259.57
80.663461049095318	259.64
80.690356240434255	259.72
80.717251795515224	259.83
80.744148016988902	259.91
80.771045195839875	259.99
80.79794363858521	260.07
80.824843628354941	260.14
80.85174545258937	260.26
80.878649399978244	260.33
80.905555773435765	260.41
80.93246488897212	260.49
80.959377064195934	260.56
80.98629263079728	260.68
81.013211929348103	260.75
81.040135297260775	260.84
81.067063082235947	260.92
81.093995633461446	260.99
81.120933288943945	261.11
81.147876386081037	261.2
81.174825243945577	261.28
81.201780154164055	261.38
81.228741399887014	261.49
81.255709256464087	261.65
81.28268397788122	261.75
81.309665797395866	261.83
81.336654929528223	261.91
81.363651571649967	261.99
81.390655909929464	262.11
81.417668115315294	262.19
81.444688353928001	262.26
81.471716785568589	262.34
81.498753563586448	262.42
81.525798848139971	262.54
81.552852796363396	262.62
81.579915566603034	262.7
81.606987318123728	262.78
81.634068216657937	262.85
81.661158426651184	262.97
81.688258102740221	263.06
81.715367392574962	263.14
81.742486431721773	263.22
81.769615335802143	263.3
81.796754198958411	263.42
81.823903086800513	263.5
81.85106204675337	263.58
81.878231101588227	263.66
81.905410251538001	263.73
81.932599471123041	263.85
81.959798706848318	263.94
81.987007890082225	264.01
82.014226930420591	264.1
82.041455726328394	264.17
82.068694173199816	264.29
82.095942161212704	264.38
82.123199569115712	264.45
82.15046628303574	264.55
82.1777421820576	264.62
82.205027144104434	264.74
82.232321050599325	264.82
82.259623776968084	264.9
82.286935189009839	264.97
82.314255167094927	265.05
82.34158356273997	265.17
82.368920197890134	265.25
82.396264865277217	265.33
82.42361732450162	265.41
82.450977313384826	265.49
82.478344559122306	265.61
82.505718758753588	265.69
82.533099587613791	265.77
82.560486706162663	265.85
82.587879761239478	265.93
82.615278400045312	266.04
82.642682263192043	266.12
82.670090985799945	266.2
82.697504217144285	266.27
82.724921600171669	266.35
82.752342798173416	266.46
82.779767481557059	266.54
82.807195318003693	266.61
82.834625985821631	266.68
82.862059169331076	266.76
82.889494535429762	266.87
82.916931732986669	266.95
82.944370413950054	267.02
82.971810243662858	267.1
82.99925087506972	267.18
83.0266919307508	267.29
83.054133032090405	267.37
83.08157379215541	267.45
83.109013800427874	267.53
83.136452631708877	267.6
83.163889860857367	267.72
83.191325064599951	267.79
83.218757830094276	267.87
83.246187740342961	267.95
83.273614388116101	268.02
83.301037388353421	268.14
83.328456381027493	268.21
83.355871023348996	268.29
83.383280987571737	268.36
83.410685964967783	268.43
83.438085662216039	268.55
83.465479823510435	268.62
83.492868204369856	268.7
83.520250531757029	268.77
83.54762655815486	268.85
83.574996012389221	268.96
83.60235861371639	269.04
83.629714089326484	269.12
83.657062149313006	269.2
83.684402506518637	269.27
83.711734873856784	269.38
83.739058973904136	269.46
83.766374538266362	269.53
83.793681310344112	269.6
83.820979071647855	269.68
83.848267641329613	269.79
83.875546831175299	269.86
83.902816484828861	269.94
83.930076470384861	270.01
83.957326685837089	270.09
83.98456705314814	270.2
84.011797540725681	270.27
84.039018127752357	270.35
84.066228800243493	270.42
84.093429567185993	270.5
84.120620451420436	270.61
84.147801456959613	270.68
84.174972594202288	270.76
84.202133891248607	270.84
84.22928535892008	270.92
84.256427024261697	271.03
84.283558900540783	271.1
84.310681001801498	271.18
84.337793358204138	271.26
84.364896000751415	271.33
84.391988987670771	271.45
84.419072389945441	271.52
84.446146298763367	271.6
84.473210836318273	271.68
84.500266150438804	271.75
84.527312410430127	271.86
84.554349793089315	271.94
84.58137849741837	272.01
84.608398747178597	272.08
84.635410789653179	272.16
84.662414873524014	272.27
84.689411265112867	272.35
84.716400234099609	272.42
84.743382056401018	272.5
84.770357004536748	272.57
84.79732533667331	272.68
84.824287305322954	272.76
84.851243158289066	272.83
84.878193143903985	272.9
84.905137513632098	272.97
84.932076508251313	273.09
84.959010367950015	273.16
84.985939366787974	273.24
85.012863775219898	273.31
85.03978387575647	273.38
85.066699947571621	273.49
85.093612294864883	273.56
85.120521247048544	273.64
85.147427142063435	273.72
85.174330330398334	273.79
85.201231179847312	273.91
85.228130069360489	273.98
85.255027386441824	274.06
85.281923492843958	274.13
85.308818773182367	274.21
85.335713597036047	274.31
85.362608324535771	274.38
85.389503308635895	274.46
85.416398883757267	274.53
85.443295367031709	274.61
85.470193080009238	274.72
85.497092331736567	274.79
85.523993423404477	274.87
85.550896636057146	274.94
85.577802256930809	275.03
85.604710588245908	275.13
85.631621923097555	275.21
85.658536558694792	275.29
85.685454803552759	275.37
85.712376970532446	275.45
85.739303375342587	275.56
85.766234343495199	275.64
85.793170201895308	275.71
85.820111282600934	275.79
85.847057911347036	275.86
85.874010391702782	275.96
85.900969023200901	276.05
85.927934104138387	276.13
85.954905926689733	276.2
85.981884758067423	276.27
86.008870847867115	276.37
86.035864425152823	276.45
86.062865704916447	276.52
86.089874877967404	276.6
86.116892123405265	276.67
86.14391760330588	276.79
86.170951466492269	276.87
86.197993860924285	276.94
86.225044922833064	277.02
86.252104785573309	277.09
86.27917358170113	277.2
86.306251444103424	277.27
86.333338515759223	277.35
86.360434930832781	277.42
86.387540823123871	277.49
86.414656324643801	277.61
86.441781553684478	277.69
86.468916616816799	277.76
86.49606160728915	277.84
86.523216591232526	277.91
86.550381629391865	278.03
86.577556757668148	278.11
86.604741983611959	278.18
86.631937291592735	278.26
86.659142639727463	278.34
86.686357961503589	278.45
86.713583171004672	278.53
86.740818164070902	278.6
86.768062831568798	278.68
86.795317045156125	278.75
86.822580668070032	278.86
86.849853558534164	278.94
86.877135568479034	279.02
86.904426550364121	279.1
86.931726356456366	279.17
86.959034829975323	279.28
86.98635183400161	279.36
87.013677230348733	279.44
87.041010835611985	279.52
87.068352468358171	279.59
87.095701902774437	279.71
87.123058905330694	279.79
87.150423227678274	279.86
87.17779460660509	279.94
87.205172749662452	280.02
87.232557351425626	280.13
87.25994808533504	280.21
87.287344608277976	280.29
87.314746579022625	280.36
87.342153635181361	280.44
87.369565416581835	280.56
87.396981552036621	280.63
87.424401686552628	280.71
87.451825461189983	280.8
87.479252513217943	280.88
87.506682507883212	280.99
87.53411509303443	281.07
87.561549916187801	281.14
87.588986618294385	281.22
87.616424848723824	281.3
87.643864259490314	281.41
87.671304519819074	281.49
87.698745269927144	281.57
87.726186143522511	281.64
87.753626782367306	281.72
87.781066813784705	281.83
87.80850583789136	281.91
87.835943449197671	281.99
87.86337925017223	282.06
87.89081284061308	282.14
87.918243812652648	282.25
87.945671759866812	282.33
87.973096279077637	282.41
88.000516995314825	282.49
88.027933542577017	282.56
88.055345561612711	282.67
88.082752719173826	282.76
88.110154687705673	282.83
88.137551174785088	282.9
88.164941908666904	282.98
88.192326611978672	283.09
88.219705016380217	283.16
88.247076861635975	283.24
88.274441871135494	283.31
88.301799778985469	283.39
88.329150316707242	283.5
88.356493222139932	283.58
88.383828229072336	283.65
88.41115508286876	283.73
88.438473534802853	283.8
88.465783341721462	283.92
88.4930842880527	283.99
88.520376196813316	284.07
88.547658878139373	284.15
88.57493216290051	284.22
88.602195894016788	284.33
88.629449946994882	284.41
88.656694207353951	284.48
88.683928604660323	284.56
88.711153099681297	284.63
88.738367645886015	284.75
88.765572222121946	284.83
88.792766836214938	284.91
88.81995148705083	285.01
88.847126178476913	285.11
88.874290939618305	285.22
88.901445798948146	285.3
88.928590788743961	285.39
88.955725946364623	285.46
88.982851307943449	285.54
89.009966920527461	285.64
89.037072841194856	285.71
89.064169135261963	285.79
89.091255885666669	285.86
89.118333186528034	285.94
89.14540115076781	286.04
89.172459913752562	286.12
89.199509628695594	286.2
89.226550459159043	286.27
89.253582569186108	286.35
89.280606151426298	286.46
89.30762142949564	286.55
89.334628627010318	286.62
89.361627982466288	286.7
89.388619749488697	286.77
89.415604195627537	286.89
89.442581590696378	286.97
89.469552202435565	287.04
89.496516286163043	287.12
89.523474111685886	287.2
89.550425939691834	287.31
89.577372043800239	287.39
89.604312686034703	287.46
89.631248127856054	287.55
89.658178651840188	287.62
89.685104546293303	287.73
89.712026101774839	287.81
89.738943603960152	287.89
89.765857343649145	287.96
89.79276763378563	288.04
89.819674797713546	288.15
89.846579165407888	288.23
89.873481072441336	288.31
89.9003808828855	288.38
89.927278962520703	288.46
89.954175662014904	288.58
89.981071337162206	288.66
90.007966358335466	288.74
90.034861075452184	288.81
90.061755853041376	288.89
90.088651027595958	289
90.115546936210734	289.08
90.142443912870803	289.15
90.169342301406616	289.23
90.196242416194153	289.3
90.22314456735532	289.42
90.250049062044184	289.5
90.2769562053914	289.57
90.30386630956545	289.65
90.330779677958617	289.72
90.357696618895716	289.84
90.384617434407616	289.91
90.411542427436004	289.99
90.438471908717943	290.07
90.465406185483786	290.14
90.492345565594007	290.26
90.519290360313974	290.35
90.54624086626103	290.43
90.573197364431152	290.51
90.600160141128541	290.59
90.627129487309645	290.7
90.654105674612225	290.78
90.681088965264749	290.86
90.708079606147152	290.94
90.73507783036635	291.01
90.762083855202732	291.13
90.789097881874824	291.2
90.816120100914617	291.28
90.843150684526861	291.36
90.8701897938125	291.43
90.897237582750435	291.55
90.924294189145897	291.62
90.951359750356843	291.7
90.97843439361155	291.77
91.005518251226675	291.85
91.032611445500265	291.97
91.059714093101618	292.05
91.086826310441353	292.12
91.113948200946638	292.2
91.14107985990438	292.27
91.168221370753216	292.39
91.195372792096535	292.47
91.222534185903697	292.54
91.249705589801465	292.62
91.276887026190877	292.7
91.304078498403157	292.81
91.331279984785112	292.89
91.358491447296004	292.96
91.385712825945902	293.04
91.412944039419585	293.11
91.440185000415383	293.22
91.467435600029717	293.29
91.494695717189458	293.38
91.521965218725029	293.45
91.549243960538661	293.52
91.576531791408485	293.63
91.603828555759648	293.71
91.631134088719733	293.79
91.658448225379161	293.86
91.685770814736259	293.93
91.713101667187502	294.04
91.740440588829273	294.12
91.767787351029185	294.2
91.7951417151274	294.27
91.822503425659036	294.34
91.849872228452483	294.45
91.877247844234276	294.53
91.904629977842603	294.6
91.932018322569263	294.67
91.959412556470951	294.74
91.986812359934859	294.85
92.014217391751671	294.93
92.041627305685722	295
92.06904175700717	295.08
92.096460393182852	295.15
92.123882858942764	295.26
92.151308802369357	295.34
92.178737876270077	295.41
92.20616971567128	295.49
92.233603961357588	295.57
92.261040247673108	295.68
92.288478199653525	295.75
92.315917439759261	295.83
92.343357623224762	295.9
92.370798380786155	295.98
92.398239338825746	296.1
92.425680133048417	296.18
92.45312039536276	296.25
92.480559738072273	296.33
92.507997762620036	296.4
92.535434085673543	296.51
92.562868320505842	296.58
92.590300080803459	296.66
92.617728974870488	296.74
92.645154615585909	296.81
92.672576630899428	296.93
92.699994662448162	297.01
92.727408357085807	297.07
92.754817369201689	297.16
92.782221364617399	297.23
92.809620032002741	297.34
92.837013082540395	297.42
92.864400232710253	297.49
92.891781184907643	297.56
92.919155665249477	297.64
92.946523382410902	297.81
92.973884051818459	297.92
93.001237400037169	298
93.02858315213328	298.08
93.05592104120619	298.15
93.083250809710592	298.27
93.110572215873276	298.35
93.137885026779173	298.42
93.16518902696744	298.5
93.192484040231506	298.58
93.219769904537955	298.69
93.247046459393459	298.77
93.274313553544943	298.85
93.301571065164495	298.93
93.328818882358703	299
93.356056917845919	299.12
93.38328512070197	299.2
93.410503437461941	299.27
93.43771182469952	299.34
93.464910271500884	299.42
93.492098764298646	299.53
93.519277283060106	299.61
93.546445829473811	299.69
93.573604427255319	299.77
93.600753091888123	299.84
93.627891857914051	299.96
93.65502075780779	300.04
93.682139835291622	300.11
93.709249155149976	300.19
93.736348780741125	300.27
93.763438808996995	300.38
93.79051933992082	300.46
93.817590497340518	300.54
93.84465242570721	300.61
93.871705286000093	300.69
93.898749246830235	300.8
93.92578447432507	300.88
93.952811159757957	300.95
93.979829510062984	301.03
94.006839742975288	301.1
94.03384208098413	301.21
94.060836764930059	301.29
94.087824037752057	301.37
94.114804156563267	301.45
94.141777375062304	301.53
94.168743938995988	301.64
94.195704106339022	301.72
94.222658126577372	301.8
94.2496062656368	301.88
94.276548794877215	301.96
94.303485984841316	302.07
94.33041811007503	302.16
94.357345476111846	302.25
94.384268384507692	302.32
94.411187139802621	302.39
94.438102042043568	302.5
94.465013409037766	302.58
94.491921575587114	302.66
94.518826874842347	302.73
94.545729644457438	302.8
94.572630231847043	302.93
94.599528996315527	303.01
94.626426290664554	303.09
94.653322452665321	303.17
94.680217842254137	303.25
94.707112796632899	303.36
94.734007666367006	303.44
94.760902779781773	303.52
94.787798471603452	303.6
94.814695063901624	303.67
94.841592896542465	303.79
94.868492288256547	303.87
94.895393560262619	303.95
94.922297022849406	304.02
94.949202994162349	304.1
94.976111802701269	304.21
95.003023763450898	304.29
95.02993919645418	304.37
95.056858421087043	304.44
95.083781750289631	304.52
95.110709497487576	304.64
95.137641978378497	304.72
95.164579497265521	304.79
95.191522362082139	304.87
95.21847086944679	304.95
95.245425292748735	305.06
95.272385908486584	305.14
95.299352991944147	305.22
95.326326807346575	305.3
95.353307608850301	305.38
95.380295636689226	305.48
95.407291121204224	305.56
95.434294283733493	305.63
95.461305329193209	305.71
95.488324453306646	305.79
95.515351842658774	305.91
95.542387669988443	305.99
95.569432106054677	306.07
95.596485307856582	306.15
95.623547426781101	306.22
95.650618605154307	306.34
95.677698981310911	306.41
95.704788693814749	306.49
95.731887864703864	306.57
95.758996610147321	306.64
95.786115036295286	306.76
95.813243236038062	306.84
95.840381285790173	306.91
95.867529243743149	306.99
95.894687157755342	307.07
95.921855060156886	307.18
95.949032969923834	307.26
95.976220886062976	307.34
96.003418786623314	307.41
96.030626636175128	307.49
96.057844377582612	307.61
96.085071939939454	307.69
96.112309243942931	307.76
96.13955620149089	307.84
96.166812702854514	307.91
96.194078634566125	308.03
96.221353869672399	308.1
96.24863826954234	308.18
96.275931692897743	308.25
96.303233988262335	308.33
96.330544989119971	308.45
96.357864543096483	308.52
96.385192479638562	308.6
96.412528593010521	308.68
96.439872664812114	308.76
96.467224443162948	308.87
96.494583667522988	308.95
96.521950072067867	309.03
96.549323372183693	309.11
96.576703268043673	309.18
96.604089448981597	309.3
96.631481593440654	309.38
96.658879377739353	309.45
96.68628247342275	309.53
96.713690540352019	309.61
96.741103247190139	309.72
96.768520244999166	309.8
96.795941200161735	309.88
96.823365772599388	309.95
96.85079361421441	310.03
96.8782243857151	310.14
96.905657742178221	310.22
96.933093319169643	310.3
96.960530736924824	310.37
96.987969619737612	310.45
97.015409606190161	310.56
97.042850333249746	310.64
97.070291415896278	310.72
97.097732472951179	310.79
97.12517312427785	310.87
97.152612979015544	310.98
97.180051629781431	311.06
97.207488681667485	311.14
97.234923738756507	311.21
97.262356420441023	311.29
97.289786337988318	311.41
97.317213105119677	311.49
97.344636352372035	311.56
97.37205573055364	311.64
97.399470895416115	311.72
97.426881508884023	311.83
97.454287248625036	311.91
97.481687798191359	311.99
97.509082872560256	312.07
97.536472197456163	312.14
97.563855469891735	312.26
97.591232412785189	312.34
97.618602733936555	312.42
97.645966135564848	312.49
97.673322333374458	312.57
97.700671036391299	312.68
97.728011964818677	312.76
97.755344846006267	312.84
97.782669422976568	312.92
97.809985452593736	313
97.837292706231906	313.11
97.864590989345118	313.19
97.891880148300373	313.27
97.919160015798127	313.34
97.946430450472249	313.42
97.97369132756441	313.53
98.000942545846257	313.61
98.028184015619416	313.7
98.055415687344876	313.77
98.082637521869174	313.85
98.109849476630075	313.97
98.137051528845447	314.05
98.164243675950402	314.12
98.191425895965907	314.2
98.218598174713406	314.28
98.245760524137012	314.39
98.272912945463872	314.47
98.300055461066478	314.55
98.327188091355552	314.62
98.354310863301677	314.7
98.381423825550584	314.81
98.408527033643324	314.89
98.435620569650141	314.97
98.462704530205087	315.05
98.489779030939246	315.13
98.516844213045459	315.24
98.543900239721225	315.33
98.570947289366941	315.4
98.597985540173227	315.48
98.625015182254486	315.56
98.652036426302928	315.67
98.679049501130194	315.75
98.706054631295601	315.83
98.733052055277312	315.9
98.760042015071832	315.98
98.787024762769363	316.09
98.814000548318248	316.17
98.840969615316297	316.24
98.86793220419878	316.32
98.894888560913685	316.4
98.921838937348042	316.52
98.948783596898537	316.59
98.975722797338648	316.67
99.002656798248154	316.74
99.029585897397908	316.82
99.056510391127276	316.93
99.083430585895869	317.01
99.110346781824418	317.09
99.1372592976536	317.17
99.164168469803485	317.25
99.19107464036091	317.36
99.217978157971658	317.44
99.24487937880555	317.51
99.271778666462851	317.59
99.298676390014251	317.67
99.325572889027342	317.78
99.352468516697769	317.86
99.379363624765716	317.93
99.406258549774947	318.01
99.433153631357001	318.09
99.460049189952585	318.2
99.486945539646882	318.28
99.513843004754548	318.35
99.540741905371419	318.43
99.567642554340054	318.5
99.594545253937696	318.62
99.621450311032177	318.7
99.648358053887591	318.77
99.675268800568404	318.85
99.702182868337147	318.92
99.729100582676821	319.04
99.756022266721345	319.12
99.782948241934562	319.19
99.80987883533902	319.27
99.836814364543272	319.35
99.86375514763877	319.46
99.890701494646208	319.54
99.917653688520645	319.61
99.944612007040206	319.69
99.971576723603121	319.77
99.998548112016223	319.88
