0.024	22
0.0528	27
0.0862606	30
0.125128	26
0.169257	26
0.218869	25
0.273171	24
0.325704	25
0.373669	25
0.40383	25
0.421777	24
0.435733	24
0.447997	24
0.459781	24
0.471779	24
0.484391	24
0.498056	23
0.513239	20
0.53014	18
0.548964	19
0.569917	21
0.593208	21
0.617996	23
0.643921	23
0.670632	23
0.697639	23
0.724866	24
0.752173	24
0.779356	25
0.806193	25
0.832471	26
0.858024	26
0.882707	26
0.906486	26
0.929324	26
0.951237	26
0.9723	26
0.99258	26
1.01213	26
1.031012	25
1.049116	25
1.066489	25
1.083235	26
1.099324	26
1.1147476	26
1.1296628	26
1.1441652	26
1.1583116	26
1.1721651	26
1.18577095	26
1.19916686	26
1.21238437	26
1.22545795	26
1.2384245	26
1.251323079	25
1.264184157	25
1.276954227	25
1.289646455	25
1.302319089	25
1.3150184784	25
1.3277688522	25
1.3406250765	25
1.3536323327	24
1.3668211867	25
1.38018842719	24
1.39374930858	23
1.40751047587	23
1.42147874312	24
1.43566557108	24
1.450087092032	23
1.464770553767	24
1.479744775282	23
1.494804779353	24
1.509960598672	24
1.525252171863	24
1.540740256193	24
1.556484138618	24
1.572533173406	23
1.588929520354	24
1.6057025946898	24
1.6228757539971	24
1.6404723602838	24
1.6582284377412	24
1.6760599125884	23
1.69396678150646	23
1.71197844348881	24
1.73015220394345	23
1.74855083297174	23
1.76724126318455	23
1.786283989999224	22
1.805728845773882	22
1.825610146017024	22
1.845946762825949	23
1.866747471822035	23
1.887804164862	24
1.90893825839988	24
1.930173477225854	24
1.95154080643381	24
1.973041224778299	24
1.9946945750489	24
2.01657197233988	24
2.038752344450196	24
2.061319321153867	24
2.084355442231686	23
2.107938234691545	24
2.132126866833351	24
2.156966120069324	23
2.182491912963918	24
2.208468389450884	24
2.234687640255339	24
2.261224182982648	21
2.288075861960236	23
2.315329088969746	23
2.343066154301482	23
2.371368617282477	23
2.40032201796344	23
2.430029889719319	23
2.460615847352175	22
2.49202415133385	22
2.523807474619791	22
2.556056493732907	23
2.588910513767553	23
2.62250912508284	24
2.656992156801682	24
2.692445327330892	24
2.727742219237327	24
2.760786599840222	24
2.791138963450424	24
2.81848263002794	24
2.84287605998398	23
2.864599264686932	23
2.884082748559093	22
2.90181308517528	23
2.918260873850179	23
2.933846318055475	23
2.948929599914182	22
2.963813415109446	22
2.978729651555876	23
2.993790141762874	23
3.009213599345333	23
3.025184781407873	23
3.041874230311283	22
3.059434161958773	22
3.07800041848503	21
3.097685581296058	21
3.118571794981006	22
3.140694448567968	22
3.164042036078223	22
3.18851422155125	22
3.213929040292155	22
3.239895037480379	22
3.266120244795836	22
3.292280207331182	23
3.318085690083423	23
3.343288891521302	23
3.36770856560489	23
3.391236838577335	23
3.413843766839656	23
3.435568013842022	23
3.456502663372534	23
3.476775175959899	23
3.496544727877482	22
3.515966536132792	22
3.535197461023272	22
3.554387413320803	22
3.573620804063784	22
3.593016589414337	22
3.612702310566483	22
3.632793112529264	21
3.653389018213411	22
3.674570577090301	22
3.696400366613738	22
3.718911550114679	22
3.742108313394213	22
3.765957419917489	22
3.790389749328209	22
3.815251309341341	22
3.840353395162253	22
3.865544193776935	22
3.890653948388115	22
3.91554001274455	22
3.940085711966033	22
3.964207289092744	22
3.987856162841954	22
4.011017847752195	22
4.033708304867372	22
4.055971012408938	22
4.077870417726108	22
4.099494587998985	22
4.120933305846577	22
4.142275768822717	20
4.163612196746429	21
4.185002895029684	21
4.206516109407894	22
4.228230185397399	22
4.250213269712733	22
4.272522794348176	22
4.295200552478065	22
4.318271090030204	22
4.341739735814259	22
4.365590713260671	22
4.38978731275523	21
4.414256613355273	21
4.438892342388546	21
4.4636108565287	21
4.488327139750186	21
4.512948245339556	21
4.537405524577116	21
4.561646577069039	21
4.585638828298713	21
4.609368624260462	22
4.632840597751674	22
4.656075513583779	22
4.679118139896093	22
4.702011922575791	22
4.724806901604095	22
4.747556632391647	23
4.770319228795503	22
4.79312651429649	23
4.816027290948484	22
4.839068960138699	23
4.862293048836293	22
4.885731817785807	23
4.909406550689993	22
4.933326272168315	22
4.957481668191022	23
4.981857542610211	22
5.006424570306538	22
5.031143163084813	22
5.055944710928427	22
5.080779784351863	22
5.105600275340533	22
5.130362493085409	22
5.15501731576405	22
5.179539809561893	22
5.20391737671788	23
5.228161812716451	22
5.252281796386073	23
5.276294326556175	23
5.300223221434065	23
5.324098108150886	23
5.347951382455641	23
5.371800814719532	23
5.395679520083842	23
5.419622214909673	23
5.44366123269463	23
5.467823621344987	23
5.492130408481945	23
5.51659547568939	23
5.541224328754632	23
5.566014095447168	23
5.590953238255225	23
5.61602223575251	23
5.64119481824198	23
5.66643985566771	23
5.691723340230708	23
5.717002748731091	23
5.742245660339163	23
5.767428697838591	23
5.792535664249983	23
5.817558175575532	23
5.842495729428578	23
5.86735540500276	23
5.892150300693446	23
5.916887527818666	23
5.941589804883448	23
5.966283514835508	23
5.990996912774185	23
6.015758249092054	23
6.040594006044579	23
6.065527258038079	23
6.090576269284849	23
6.115753500303112	23
6.141064632125134	23
6.166507950098613	23
6.192074484546481	23
6.217748624555856	23
6.243509004542881	23
6.269330172916816	23
6.295184480239898	23
6.321044143865776	23
6.346883218711227	23
6.372679635802378	23
6.398416843353643	23
6.424085023397097	23
6.449681531233772	23
6.47521093827334	23
6.500684325690592	23
6.526118236901255	23
6.551533344981639	23
6.576952942739046	23
6.602401345440541	23
6.62790212485369	23
6.653476592822561	23
6.679142269145901	23
6.70491169304609	23
6.730791523010589	23
6.756782046149573	23
6.78287698719398	23
6.809063911574141	23
6.835325219014362	23
6.86163916653596	23
6.887981591829786	23
6.914327799648025	23
6.940654533303656	23
6.966941684952282	23
6.993147830477185	23
7.019294134692077	23
7.045378778954884	23
7.071406497934503	23
7.097385960284647	23
7.12333132787296	23
7.149260116766745	23
7.175192075768952	23
7.201147468684429	23
7.227145611476125	23
7.253203408975939	23
7.279334292106566	23
7.305547104854999	23
7.331845393494372	23
7.358227143712507	23
7.384685042571246	23
7.411206754684923	23
7.43777588575186	23
7.464373176644446	23
7.490978033593032	23
7.5175701513089	23
7.544131107476906	23
7.57061879094508	23
7.597054463007002	23
7.623434120467059	23
7.649759226845336	23
7.67603462353546	23
7.702270327813308	23
7.728479614978095	23
7.754678351049152	23
7.780883304859853	23
7.807111173160189	23
7.833377085521602	23
7.85969367930012	23
7.886070080294846	23
7.912511222288931	23
7.939017446584702	23
7.965584662217821	23
7.992204412544306	23
8.018864579904994	23
8.045550307298816	23
8.072245145058123	23
8.09893234979859	23
8.125596275251119	23
8.15222356271723	23
8.178804207537443	23
8.205332313285506	23
8.231806405610234	23
8.258229459825449	23
8.28460874553747	23
8.310954983464285	23
8.337281512199992	23
8.363603256726377	23
8.389935535223403	23
8.416292958708066	23
8.442688377771331	23
8.469131942932666	23
8.495630284613375	23
8.522186075940358	23
8.54879791761917	23
8.575460347328832	23
8.602164262888438	23
8.62889759492583	23
8.655646254815087	23
8.682395270690565	23
8.709129997712587	23
8.735837251110148	23
8.762506419260401	23
8.789130230773244	23
8.815705303266974	23
8.842232294005605	23
8.868715842063377	23
8.895164177753399	23
8.92158832024348	23
8.948001231699079	23
8.974416777984624	23
9.00084873079866	23
9.027309738250093	23
9.053810361565425	23
9.080358348867145	23
9.106957994711276	23
9.133609899932063	23
9.16031095467206	23
9.187054481414558	23
9.213830771128128	23
9.240627861784395	23
9.2674324378586	23
9.294230964582962	23
9.321010742577831	23
9.347760944447369	23
9.37447346713077	23
9.401143541523989	23
9.427770031271123	23
9.454355498971521	23
9.480905990542356	23
9.507430454277074	23
9.533940017540461	23
9.560447084351392	23
9.586964391019558	23
9.613504083063139	23
9.64007677804355	23
9.666690794178743	23
9.693351513775369	23
9.720060980060007	23
9.746817837643363	23
9.773617361831743	23
9.800451818686261	23
9.827311072662358	23
9.854183390201477	23
9.881056383424356	23
9.907918006974565	23
9.934757557285833	23
9.961566484923168	23
9.988339109003947	23
10.01507299457167	23
10.04176908956924	23
10.06843165011422	23
10.09506789393768	23
10.121687278284762	23
10.148300824962892	23
10.174920218430922	23
10.201556917928965	23
10.22822130930045	23
10.254921924560684	23
10.281664774359621	23
10.308452915828727	23
10.335286260985583	23
10.362161568805902	23
10.389072670788648	23
10.416010949235986	23
10.442966025665546	23
10.469926589433426	23
10.496881315427336	23
10.523819771934644	23
10.550733277346005	23
10.577615563647365	23
10.604463282714331	23
10.631276199051173	23
10.658057159031491	23
10.684811884256403	23
10.711548447972888	23
10.738276599408453	23
10.765006980473432	23
10.791750315192468	23
10.818516572106825	23
10.845314228942323	23
10.872149590405515	23
10.899026321539518	23
10.925945212219329	23
10.952904099597998	23
10.979897988977729	23
11.00691947672272	23
11.033959307276819	23
11.061007113766287	23
11.088052270029273	23
11.115084744132853	23
11.142095896726619	23
11.169079176132504	23
11.196030625620098	23
11.222949153979583	23
11.249836578411394	23
11.276697428327951	23
11.303538599877555	23
11.330368744083199	23
11.357197553771293	23
11.384034996525461	23
11.410890552953985	23
11.437772475434626	23
11.464687129921122	23
11.4916385267906	23
11.518628074565822	23
11.545654381399153	23
11.572713388134771	23
11.599798656337384	23
11.626901895403412	23
11.654013612321336	23
11.681123871745593	23
11.708223102187183	23
11.73530286042441	23
11.762356504862801	23
11.789379719288103	23
11.816370821816445	23
11.843330862242938	23
11.870263477552056	23
11.897174564763402	23
11.924071831825366	23
11.950964121751166	23
11.977860707732205	23
12.004770554541025	23
12.03170163513405	23
12.058660282308161	23
12.085650739632747	23
12.112674845173192	23
12.139731858545332	23
12.166818502999709	23
12.193929219366533	23
12.221056595106296	23
12.248191960568194	23
12.275326089954282	23
12.302449945849794	23
12.329555392571992	23
12.356635860558596	23
12.383686845304672	23
12.410706254088799	23
12.437694539318997	23
12.464654613222143	23
12.491591560910736	23
12.51851223515281	23
12.545424722267963	23
12.572337625191825	23
12.59925943424131	23
12.626197824608166	23
12.653159066035144	23
12.680147568840995	23
12.707165552292629	23
12.734212849355607	23
12.76128691988969	23
12.78838303258574	23
12.815494653983556	23
12.842613972579805	23
12.869732507473147	23
12.896841812214479	23
12.923934148232147	23
12.951003104777081	23
12.978044102318281	23
13.005054742573837	23
13.032034970173319	23
13.058987045811474	23
13.085915321539735	23
13.11282587961789	23
13.1397260774604	23
13.166623899950059	23
13.193527347062885	23
13.22044380564502	23
13.24737947349489	23
13.274338899835735	23
13.301324674313172	23
13.328337185612179	23
13.355374611644979	23
13.38243306028116	23
13.409506876278419	23
13.436589101911251	23
13.463672036037051	23
13.490747857563337	23
13.517809259026171	23
13.544850035201899	23
13.571865572696085	23
13.598853219771264	23
13.625812472064295	23
13.652744988442052	23
13.67965441437576	23
13.70654609199025	23
13.73342666089634	23
13.76030347958886	23
13.787184065302833	23
13.8140755093886	23
13.840983918040401	23
13.86791395550356	23
13.894868531923796	23
13.921848571219266	23
13.94885293763639	23
13.975878534334331	23
14.00292054979599	23
14.029972859866092	23
14.057028517251235	23
14.084080318119387	23
14.111121386987062	23
14.138145746086344	23
14.165148783948737	23
14.192127620431902	23
14.219081332804535	23
14.246011009053582	23
14.272919631129003	23
14.299811832606421	23
14.326693554814073	23
14.353571541079269	23
14.380452811559838	23
14.407344128646821	23
14.434251473804116	23
14.46117958996772	23
14.488131637858611	23
14.515108990883359	23
14.542111103031871	23
14.569135569370342	23
14.596178323492047	23
14.623233979530916	23
14.650296266281247	23
14.677358537985402	23
14.70441431437451	23
14.731457818014254	23
14.758484441154879	23
14.785491114384259	23
14.812476542636112	23
14.839441310479204	23
14.866387807811725	23
14.893320015832755	23
14.920243206432026	23
14.947163550334119	23
14.974087578013355	23
15.001021708185279	23
15.027971727298974	23
15.05494235323691	23
15.08193691670977	23
15.10895709477461	23
15.136002778199078	23
15.163072096134494	23
15.190161568192659	23
15.217266395200097	23
15.244380846402885	23
15.2714987250035	23
15.298613877546439	23
15.325720705705944	23
15.352814615094069	23
15.37989238417552	23
15.406952419334736	23
15.433994875373173	23
15.461021628220644	23
15.48803611807485	23
15.515043061551797	23
15.542048073906439	23
15.569057221482785	23
15.59607654777127	23
15.623111605240561	23
15.650167026540601	23
15.677246167086295	23
15.704350847698263	23
15.731481211756584	23
15.758635721359243	23
15.785811279869083	23
15.813003484499927	23
15.840206979342419	23
15.867415892985926	23
15.894624316426974	23
15.92182678398852	23
15.949018714296187	23
15.976196783790085	23
16.003359181592437	23
16.03050574101497	23
16.057637944867874	23
16.084758786460718	23
16.111872511209622	23
16.138984275249395	23
16.166099725780274	23
16.193224542058726	23
16.22036399455153	23
16.247522523970336	23
16.274703395855756	23
16.301908430690048	23
16.32913786123796	23
16.356390306811811	23
16.383662886301714	23
16.410951435767608	23
16.438250849386552	23
16.465555477699073	23
16.492859592283349	23
16.520157848180677	23
16.547445709596904	23
16.574719803458532	23
16.60197818929246	23
16.629220484796548	23
16.656447886808973	23
16.683663049299099	23
16.710869867306602	23
16.738073130787125	23
16.765278086614984	23
16.79249006211073	23
16.81971401093222	23
16.846954132678118	23
16.87421354673106	23
16.901494008380215	23
16.928795753665444	23
16.956117491599059	23
16.983456471609117	23
17.010808722040135	23
17.038169337956358	23
17.065532883610114	23
17.092893824868501	23
17.120246971152284	23
17.147587880972694	23
17.174913215179739	23
17.202220984525596	23
17.229510692352974	23
17.256783366929252	23
17.284041431350232	23
17.311288465456766	23
17.338528923057336	23
17.365767739951657	23
17.393009942450838	23
17.420260230621604	23
17.447522626096898	23
17.47480013711035	23
17.502094453147855	23
17.529405844537841	23
17.55673311253819	23
17.584073684977287	23
17.611423810930432	23
17.638778849868391	23
17.666133636375182	23
17.693482898672471	23
17.720821680415405	23
17.748145716052409	23
17.775451787954573	23
17.802737949084516	23
17.830003668625128	23
17.857249848919256	23
17.884478731988182	23
17.911693693807852	23
17.93889895722889	23
17.966099240356783	23
17.993299367192662	23
18.02050387754683	23
18.047716658259326	23
18.074940630339658	23
18.102177515200772	23
18.12942769591513	23
18.156690174987798	23
18.183962650674765	23
18.211241699677835	23
18.238523051209455	23
18.265801915989353	23
18.293073390577867	23
18.320332851354934	23
18.347576310523632	23
18.374800726726402	23
18.402004251405401	23
18.429186365281392	23
18.456347899529622	23
18.483490947796874	23
18.510618700432211	23
18.537735165066561	23
18.564844841052846	23
18.591952363779999	23
18.619062140825651	23
18.646178004284724	23
18.673302910606637	23
18.700438705797975	23
18.72758600057902	23
18.754744120117934	23
18.781911164476	23
18.809084156897242	23
18.836259304281345	23
18.863432296539578	23
18.890598662739016	23
18.917754144803233	23
18.944895034579968	23
18.97201847083651	23
18.999122680290963	23
19.026207109604094	23
19.05327246153994	23
19.080320639952177	23
19.107354585522231	23
19.134378061998262	23
19.161395338287917	23
19.188410874120706	23
19.215428956937728	23
19.242453386973192	23
19.269487200011817	23
19.296532437492782	23
19.323589990351767	23
19.350659552783704	23
19.37773966019747	23
19.404827818284222	23
19.431920721013384	23
19.459014521899945	23
19.486105161336869	23
19.513188706916619	23
19.540261694425521	23
19.567321372599437	23
19.594365976103138	23
19.621394846139637	23
19.648408512808174	23
19.675408626230954	23
19.702397838597356	23
19.729379602306324	23
19.756357911589426	23
19.783336988818267	23
19.81032096785237	23
19.83731359070104	23
19.864317933174508	23
19.891336175969681	23
19.918369446851582	23
19.945417755532262	23
19.972480014580967	23
19.999554131723443	23
20.026637193646298	23
20.05372572708194	23
20.08081598614184	23
20.10790426749351	23
20.134987221165549	23
20.162062135295852	23
20.189127162458025	23
20.216181478388215	23
20.243225345039768	23
20.270260106738107	23
20.297288081131807	23
20.324312379566717	23
20.351336672866264	23
20.378364906162016	23
20.405401004876911	23
20.432448572599842	23
20.459510616242937	23
20.486589330886353	23
20.513685937197994	23
20.540800596077528	23
20.567932405648378	23
20.595079485528505	23
20.622239139902835	23
20.649408075915147	23
20.676582689391179	23
20.703759357828428	23
20.730934740835341	23
20.758106058051808	23
20.785271316253127	23
20.81242947400473	23
20.839580521689072	23
20.866725483201606	23
20.893866338417002	23
20.921005846507196	23
20.948147334759195	23
20.975294433140231	23
21.002450779191324	23
21.029619734152238	23
21.056804115981194	23
21.084005982764204	23
21.111226459904731	23
21.138465660222742	23
21.165722668252066	23
21.192995608378773	23
21.220281795439643	23
21.24757794888313	23
21.274880449856525	23
21.302185639962129	23
21.329490106354555	23
21.356790955567501	23
21.384086037433246	23
21.41137411041624	23
21.438654931143585	23
21.465929263396589	23
21.493198809655222	23
21.520466009360749	23
21.547733851653962	23
21.575005620278699	23
21.602284617210408	23
21.629573886039136	23
21.656875965250048	23
21.684192680396556	23
21.711524974761733	23
21.738872811886527	23
21.7662351706565	23
21.793610124479624	23
21.820994953867292	23
21.848386375393435	23
21.875780777368746	23
21.903174506805449	23
21.930564148770337	23
21.957946764742154	23
21.985320144730995	23
22.012682923688356	23
22.040034680267048	23
22.067375978734848	23
22.094708267631734	23
22.122033746084558	23
22.149355153564809	23
22.17667554349638	23
22.20399800343057	23
22.231325386157895	23
22.258660071054582	23
22.286003754092636	23
22.313357305721748	23
22.340720684307847	23
22.368092905023524	23
22.39547207117932	23
22.42285555952385	23
22.45024017659426	23
22.477622427156181	23
22.504998767586361	23
22.532365886119571	23
22.55972094372294	23
22.587061800069172	23
22.614387153521722	23
22.64169662923873	23
22.668990783579027	23
22.696271033379908	23
22.723539523041186	23
22.750798932293488	23
22.778052243468974	23
22.805302491792887	23
22.8325524920708	23
22.859804621527068	23
22.887060616236706	23
22.914321420628266	23
22.941587105254833	23
22.968856841045461	23
22.99612897315453	23
23.023401150115589	23
23.050670502493734	23
23.077933860033479	23
23.105188023207823	23
23.132430000581255	23
23.159657251998357	23
23.186867871570417	23
23.214060748686208	23
23.241235643356379	23
23.268393194475255	23
23.295534855457664	23
23.322662783885356	23
23.349779656348375	23
23.37688844477039	23
23.403992191935732	23
23.431093764897863	23
23.45819564115201	23
23.485299719365528	23
23.512407167400557	23
23.539518333934332	23
23.566632737527755	23
23.593749127266342	23
23.620865578906749	23
23.647979666519564	23
23.675088659802238	23
23.702189759234098	23
23.72928032342616	23
23.756358086010131	23
23.783421366741372	23
23.810469192076493	23
23.837501388311686	23
23.864518603448246	23
23.891522267848796	23
23.918514476537915	23
23.945497832767476	23
23.972475252173577	23
23.999449752956448	23
24.026424227278127	23
24.053401238665323	23
24.080382826496727	23
24.107370379301116	23
24.134364552361767	23
24.161365222245884	23
24.188371516675012	23
24.215381905481525	23
24.242394346765668	23
24.269406476472888	23
24.296415804301898	23
24.323419950791777	23
24.350416844402837	23
24.377404897877373	23
24.404383158365295	23
24.431351398020499	23
24.458310134849082	23
24.485260634245208	23
24.512204794904903	23
24.539145024053127	23
24.566084071371762	23
24.593024824765138	23
24.619970104127773	23
24.646922452470591	23
24.673883968934732	23
24.700856158500905	23
24.727839847448628	23
24.754835124792972	23
24.78184135794784	23
24.808857272348359	23
24.835881067489332	23
24.862910579883945	23
24.889943480092644	23
24.916977473097877	23
24.944010499935111	23
24.971040919854836	23
24.998067647193043	23
25.025090271440686	23
25.052109089299975	23
25.079125095952843	23
25.106139914133308	23
25.133155673491455	23
25.160174867153611	23
25.187200153209982	23
25.214234162711968	23
25.241279301756901	23
25.268337577538155	23
25.295410451773513	23
25.32249873800756	23
25.349602544455678	23
25.376721276360708	23
25.403853698158279	23
25.430998043737087	23
25.458152155141569	23
25.485313677126832	23
25.51248024817377	23
25.539649698693093	23
25.566820227399802	23
25.593990556182053	23
25.621160025160155	23
25.648328646546215	23
25.675497113539922	23
25.702666740277699	23
25.729839342016486	23
25.757017094274872	23
25.784202358942188	23
25.811397490911443	23
25.838604645616201	23
25.865825600283092	23
25.893061614742269	23
25.920313322194268	23
25.947580680694788	23
25.97486295684314	23
26.002158777759895	23
26.02946624182038	23
26.056783069446716	23
26.084106761513684	23
26.1114348059746	23
26.138764856023005	23
26.166094925111686	23
26.19342353787513	23
26.220749835601882	23
26.248073614324987	23
26.275395294210401	23
26.3027158963116	23
26.330036926146835	23
26.357360254405894	23
26.38468794149524	23
26.412022042418609	23
26.439364421124971	23
26.466716605780203	23
26.494079622048968	23
26.521453905317365	23
26.548839232342669	23
26.576234724446032	23
26.603638909657811	23
26.631049811649515	23
26.658465080452114	23
26.68588214935933	23
26.713298452163706	23
26.740711589528392	23
26.768119509307752	23
26.795520639645694	23
26.822914010425755	23
26.850299276484805	23
26.877676730275944	23
26.905047263419185	23
26.932412244397003	23
26.959773398183401	23
26.987132629388721	23
27.01449185676913	23
27.041852839723642	23
27.069217002401579	23
27.096585300917386	23
27.123958139048348	23
27.151335330081597	23
27.178716028051404	23
27.206098809051564	23
27.233481765724516	23
27.260862647969713	23
27.288239011415129	23
27.315608407465511	23
27.342968563487464	23
27.37031754347338	23
27.397653883702016	23
27.424976706382417	23
27.452285765558397	23
27.479581432860776	23
27.506864644267502	23
27.534136819325134	23
27.561399729601224	23
27.588655338510932	23
27.615905622502499	23
27.643152414387302	23
27.67039722976396	23
27.69764115569151	23
27.724884744761049	23
27.752127974249341	23
27.779370236792094	23
27.806610382793302	23
27.83384679801943	23
27.861077546016947	23
27.888300529353774	23
27.915513635066887	23
27.942714905423109	23
27.969902705029881	23
27.997075829804128	23
28.024233628916193	23
28.051376031634341	23
28.078503566867337	23
28.105617298161942	23
28.132718752111547	23
28.159809801626661	23
28.186892503702396	23
28.21396893580236	23
28.241041058998299	23
28.268110571359745	23
28.295178778409955	23
28.322246495108953	23
28.349313987866459	23
28.376380990914779	23
28.40344671361024	23
28.430509941559205	23
28.45756913148437	23
28.484622560565636	23
28.511668450555469	23
28.538705165360845	23
28.565731315420074	23
28.592745915269841	23
28.619748462412218	23
28.646738978457652	23
28.67371803667827	23
28.700686734162385	23
28.727646607128246	23
28.754599518240674	23
28.781547547520113	23
28.808492820450702	23
28.835437361118817	23
28.862382980591512	23
28.889331157150181	23
28.916282909285815	23
28.943238762464514	23
28.970198720631178	23
28.997162302958813	23
29.024128575621468	23
29.051096328446516	23
29.078064094584125	23
29.105030326194317	23
29.131993551067808	23
29.158952520104027	23
29.185906299831579	23
29.21285438242478	23
29.239796764221374	23
29.266733923561382	23
29.29366683338197	23
29.320596898953013	23
29.347525851336659	23
29.374455649820071	23
29.401388331776833	23
29.42832588948832	23
29.455270121002911	23
29.48222251093388	23
29.509184146508478	23
29.53615565005893	23
29.563137155864556	23
29.59012831577526	23
29.617128351529889	23
29.644136133761947	23
29.671150294376851	23
29.698169353325419	23
29.725191854927939	23
29.752216503702694	23
29.779242285942249	23
29.806268558923371	23
29.833295129321804	23
29.8603222748314	23
29.887350738438677	23
29.914381673875585	23
29.941416578273824	23
29.968457175689057	23
29.995505294336287	23
30.022562746578291	23
30.049631175713465	23
30.076711948606263	23
30.103806056154774	23
30.13091404462552	23
30.158035983410034	23
30.185171464845197	23
30.212319640604456	23
30.2394793074814	23
30.266649004920101	23
30.293827138856759	23
30.321012109730972	23
30.348202450342288	23
30.375396943566987	23
30.402594718102865	23
30.429795322619306	23
30.456998760614013	23
30.484205480771372	23
30.511416345473627	23
30.538632544749568	23
30.565855509501773	23
30.593086779677012	23
30.620327881009313	23
30.64758018612206	23
30.674844806271977	23
30.702122496390043	23
30.729413570030886	23
30.756717883097533	23
30.784034817099485	23
30.811363327334895	23
30.838702011865248	23
30.866049208167528	23
30.893403134313996	23
30.920761992015539	23
30.948124104316072	23
30.975488035354871	23
31.002852678697963	23
31.030217325277359	23
31.057581717919167	23
31.084946023646214	23
31.112310826602574	23
31.139677036208241	23
31.167045811377346	23
31.194418430268598	23
31.221796164254052	23
31.249180144269499	23
31.276571256339835	23
31.30397004256757	23
31.331376651924892	23
31.358790766077217	23
31.386211627846127	23
31.413638039979499	23
31.441068501990003	23
31.468501262625526	23
31.495934443158269	23
31.523366180576364	23
31.550794737141572	23
31.578218614735707	23
31.605636621607889	23
31.633047992661623	23
31.660452393561584	23
31.687849933139379	23
31.71524110987173	23
31.74262675166997	23
31.770007924799412	23
31.797385812633777	23
31.824761615644206	23
31.852136406811209	23
31.879511029686739	23
31.906886029433227	23
31.934261585037305	23
31.961637407891629	23
31.989012806949901	23
32.016386685092733	23
32.043757639083665	23
32.071124026811354	23
32.098484105571835	23
32.12583613659109	23
32.153178513619316	23
32.180509866640101	23
32.207829191271131	23
32.235135870277666	23
32.262429716193672	23
32.289710964938358	23
32.316980246157925	23
32.344238514689586	23
32.371486967492622	23
32.398726917635166	23
32.425959693334825	23
32.453186528278458	23
32.480408447783212	23
32.50762617641287	23
32.534840077508463	23
32.562050123825017	23
32.589255891209561	23
32.616456604315829	23
32.643651173844589	23
32.670838290806905	23
32.698016560705184	23
32.725184589355841	23
32.752341099814345	23
32.779485060387564	23
32.80661572524707	23
32.833732725817086	23
32.860836087169844	23
32.887926252729471	23
32.915004034174174	23
32.942070542595694	23
32.96912711974408	23
32.99617524584	23
33.023216419035407	23
33.050252057584174	23
33.077283398625603	23
33.104311408105595	23
33.131336716800107	23
33.158359598411472	23
33.185379953252706	23
33.212397345939813	23
33.2394110474375	23
33.266420106738479	23
33.293423458942605	23
33.320420023574748	23
33.347408796958675	23
33.374388969121121	23
33.401359989834575	23
33.428321651142788	23
33.455274091706364	23
33.482217818324656	23
33.509153699824658	23
33.536082899115605	23
33.563006801355833	23
33.589926940274083	23
33.616844885453531	23
33.643762127421056	23
33.670680020413826	23
33.697599683934477	23
33.72452192736057	23
33.751447233162942	23
33.778375740777548	23
33.805307222460819	23
33.832241175181807	23
33.85917687017907	23
33.88611343571705	23
33.913049936073264	23
33.939985502135215	23
33.966919397329576	23
33.993851114346811	23
34.020780419843227	23
34.047707415052592	23
34.074632550960615	23
34.10155658972571	23
34.128480584603807	23
34.155405817707233	23
34.182333715641924	23
34.20926576984202	23
34.236203424050814	23
34.263147985363616	23
34.290100553549742	23
34.317061950544186	23
34.34403268795181	23
34.371012939764633	23
34.39800254643918	23
34.425001050996322	23
34.452007752601169	23
34.479021787638708	23
34.50604221300339	23
34.533068101508164	23
34.560098625767374	23
34.587133143490348	23
34.614171274844068	23
34.641212936181546	23
34.668258355822225	23
34.695308075271548	23
34.722362919150811	23
34.749423942365375	23
34.776492354012859	23
34.803569425049865	23
34.830656404170085	23
34.857754425404764	23
34.884864428515314	23
34.911987087241918	23
34.939122759770861	23
34.966271475163701	23
34.993432937050201	23
35.020606540936249	23
35.047791436062056	23
35.074986595691776	23
35.102190890201925	23
35.129403189134308	23
35.15662244831892	23
35.183847790709336	23
35.211078583979813	23
35.238314466840777	23
35.265555390607837	23
35.292801605480371	23
35.320053638734208	23
35.347312240900621	23
35.374578319998207	23
35.40185284566126	23
35.42913677497701	23
35.456430958964916	23
35.483736070655468	23
35.511052531752249	23
35.538380433288147	23
35.565719542559854	23
35.593069299756756	23
35.620428855728292	23
35.647797108421052	23
35.675172785184429	23
35.702554524385206	23
35.729940959742237	23
35.757330813587281	23
35.784722966400366	23
35.812116546716254	23
35.839510955042272	23
35.866905901989426	23
35.894301416626881	23
35.921697796707761	23
35.949095562773955	23
35.976495385476099	23
36.003898010273339	23
36.031304184838618	23
36.058714547034739	23
36.086129549369382	23
36.113549381596023	23
36.140973995553168	23
36.168403009972764	23
36.195835742889201	23
36.223271245933525	23
36.250708349759712	23
36.278145715771849	23
36.305581904852602	23
36.333015511143692	23
36.360445209307628	23
36.387869854237145	23
36.415288536578039	23
36.442700637111635	23
36.47010583930301	23
36.497504128836191	23
36.524895765980602	23
36.55228124526564	23
36.579661220993451	23
36.607036433173128	23
36.634407622737406	23
36.66177547078388	23
36.689140459160683	23
36.716502849787737	23
36.743862637783359	23
36.771219523173549	23
36.798572913898767	23
36.825921963564426	23
36.853265615079593	23
36.880602676000372	23
36.907931882761496	23
36.93525201287747	23
36.962561962096103	23
36.989860792442606	23
37.017147803839819	23
37.044422577646863	23
37.071684995009001	23
37.098935238651968	23
37.126173762767216	23
37.153401264189398	23
37.180618590054983	23
37.207826674980588	23
37.235026456184237	23
37.262218796202795	23
37.289404405291187	23
37.316583792253219	23
37.343757217511609	23
37.370924654902865	23
37.398085829060513	23
37.425240223872613	23
37.452387125387901	23
37.479525698673918	23
37.506655036569889	23
37.533774251015537	23
37.560882544937883	23
37.587979277989199	23
37.615064041623256	23
37.642136686232625	23
37.669197339542087	23
37.696246390826289	23
37.723284512712624	23
37.750312571610657	23
37.777331592101191	23
37.804342691358976	23
37.831347001114615	23
37.85834558911877	23
37.885339397147469	23
37.912329172468262	23
37.93931544519824	23
37.966298488386471	23
37.993278322522521	23
38.020254738945304	23
38.047227337607367	23
38.074195567112866	23
38.101158808776269	23
38.128116440179681	23
38.155067905521733	23
38.182012763650434	23
38.208950759002654	23
38.235881879665548	23
38.26280636022927	23
38.28972468509911	23
38.316637584509081	23
38.343545983540558	23
38.370450962581202	23
38.39735368692196	23
38.424255353216907	23
38.451157112957084	23
38.478060019829172	23
38.504964923834301	23
38.531872493576337	23
38.558783151342013	23
38.585697077319189	23
38.612614224822515	23
38.639534359932526	23
38.666457072199051	23
38.693381857687974	23
38.720308185832167	23
38.747235563710433	23
38.774163599307805	23
38.801092047978962	23
38.828020857858078	23
38.854950205559987	23
38.881880499167067	23
38.908812365692818	23
38.935746630957212	23
38.962684271965735	23
38.989626353415858	23
39.016573964051716	23
39.043528165551571	23
39.070489937060131	23
39.097460104638536	23
39.124439295040787	23
39.151427908037071	23
39.178426108329084	23
39.20543382698721	23
39.232450786462792	23
39.259476541203455	23
39.286510529002463	23
39.313552131259733	23
39.340600748996245	23
39.367655848756314	23
39.394717025761558	23
39.421784050746382	23
39.448856895836371	23
39.475935759879142	23
39.503021048275478	23
39.530113356687352	23
39.557213426478754	23
39.584322097913102	23
39.611440249090009	23
39.638568727223266	23
39.665708285229812	23
39.692859541915524	23
39.720022918801433	23
39.747198617225401	23
39.774386607799372	23
39.801586617924649	23
39.828798166609225	23
39.856020596167617	23
39.883253130418545	23
39.910494929387085	23
39.937745149073393	23
39.965003006591331	23
39.992267841624503	23
40.019539149432056	23
40.046816624656707	23
40.074100173590075	23
40.101389904063346	23
40.128686105774278	23
40.15598924098353	23
40.183299873746876	23
40.210618572148107	23
40.237945884629816	23
40.265282249865358	23
40.292627982839363	23
40.319983210982514	23
40.34734784690616	23
40.37472157548428	23
40.402103862128286	23
40.429493967882749	23
40.456890995484407	23
40.484293925713068	23
40.511701693588165	23
40.539113235388555	23
40.566527551209788	23
40.593943782406761	23
40.621361224978571	23
40.648779382890943	23
40.676197958294765	23
40.703616857675222	23
40.731036166765996	23
40.758456123237679	23
40.785877044156358	23
40.813299309340067	23
40.84072330371702	23
40.868149312258332	23
40.895577504187152	23
40.923007881394859	23
40.950440248077172	23
40.977874184755493	23
41.005309061529708	23
41.032744083484495	23
41.060178293921474	23
41.087610637843127	23
41.11504001648386	23
41.142465363593885	23
41.169885690209298	23
41.197300131481001	23
41.224707996226499	23
41.252108795670608	23
41.279502261414635	23
41.306888341041869	23
41.334267172378347	23
41.361639036175397	23
41.389004318377509	23
41.416363444961	23
41.443716833627924	23
41.47106483328303	23
41.498407679753392	23
41.525745446511763	23
41.553078032721636	23
41.580405147283784	23
41.607726314431446	23
41.63504089895828	23
41.662348169033237	23
41.689647295068703	23
41.71693741940242	23
41.744217705623605	23
41.771487404469248	23
41.798745897717566	23
41.825992748599433	23
41.853227734900798	23
41.880450831936407	23
41.907662214308402	23
41.93486224999716	23
41.962051446828234	23
41.989230410606318	23
42.01639979626939	23
42.043560272249138	23
42.070712429066184	23
42.097856772745423	23
42.124993657478036	23
42.152123279914008	23
42.179245666976527	23
42.206360666613087	23
42.233467986785854	23
42.26056720834206	23
42.287657827429115	23
42.314739321844634	23
42.341811199105258	23
42.368873025812306	23
42.395924474508725	23
42.422965386296582	23
42.449995776541293	23
42.477015848142521	23
42.504025995514851	23
42.531026780672839	23
42.558018913517877	23
42.585003197763804	23
42.611980490595514	23
42.638951652718646	23
42.665917493666875	23
42.692878729716213	23
42.719835955864752	23
42.746789617108618	23
42.773739989247879	23
42.80068718495626	23
42.827631173972449	23
42.854571802100409	23
42.881508815261213	23
42.908441910328833	23
42.935370791853153	23
42.962295215127583	23
42.989215039275855	23
43.016130238326689	23
43.04304093909316	23
43.069947443683112	23
43.096850221403521	23
43.123749886237505	23
43.150647197913131	23
43.177543015676001	23
43.204438231266892	23
43.231333758789802	23
43.258230470699537	23
43.285129153152802	23
43.312030488558648	23
43.338935031921075	23
43.365843151236454	23
43.392755051843743	23
43.419670797645821	23
43.446590318222036	23
43.473513444538455	23
43.500439944565571	23
43.527369564955343	23
43.554302075481438	23
43.581237313183202	23
43.608175223683588	23
43.635115880379402	23
43.662059510485371	23
43.689006484245077	23
43.715957302290647	23
43.742912600779597	23
43.769873117033221	23
43.796839649236389	23
43.823813002988807	23
43.850793954844214	23
43.877783208619547	23
43.90478135885914	23
43.931788857081202	23
43.958805999443555	23
43.985832916667462	23
44.012869578204437	23
44.039915822349613	23
44.066971366565362	23
44.0940358534287	23
44.121108892094249	23
44.148190099141566	23
44.175279151598019	23
44.202375805516247	23
44.229479938009469	23
44.256591556856051	23
44.283710812368298	23
44.31083798808011	23
44.337973483095816	23
44.365117781966148	23
44.392271434920076	23
44.419435000804029	23
44.446609012277044	23
44.473793930138683	23
44.500990101808668	23
44.528197742040746	23
44.555416901955375	23
44.582647477770699	23
44.60988920554351	23
44.637141676919768	23
44.664404364381838	23
44.691676664077093	23
44.718957924411995	23
44.746247500368568	23
44.773544796239321	23
44.800849288559938	23
44.828160565542348	23
44.855478369465622	23
44.882802580370736	23
44.910133178984445	23
44.937470260037287	23
44.96481399169393	23
44.992164610564899	23
45.019522363658652	23
45.046887476227852	23
45.074260106157347	23
45.101640310838022	23
45.129028024978474	23
45.156423033621891	23
45.183824976329262	23
45.211233341219483	23
45.23864749256343	23
45.26606668891182	23
45.293490116854507	23
45.320916940162824	23
45.348346328909663	23
45.375777498950328	23
45.403209750030214	23
45.430642489092001	23
45.458075239937855	23
45.48550766824161	23
45.512939604486874	23
45.540370990044217	23
45.567801851241562	23
45.595232292602255	23
45.622662437018761	23
45.650092386421122	23
45.677522181750092	23
45.704951783814387	23
45.732381048234721	23
45.75980969110276	23
45.787237290140276	23
45.814663293252501	23
45.842087050490221	23
45.869507818602251	23
45.896924792499298	23
45.924337154332534	23
45.951744103704975	23
45.979144919913395	23
46.0065389824167	23
46.033925766074709	23
46.061304881968802	23
46.088676088453539	23
46.116039266868789	23
46.143394427098471	23
46.170741669689747	23
46.198081169909656	23
46.225413129821085	23
46.252737754465336	23
46.280055210352074	23
46.307365594629431	23
46.334668918608912	23
46.36196510819952	23
46.389253952818613	23
46.416535127925975	23
46.44380820287423	23
46.471072683288149	23
46.49832802041113	23
46.525573668126633	23
46.552809124639303	23
46.580033930750133	23
46.607247717117978	23
46.634450247293785	23
46.661641401922289	23
46.688821188961974	23
46.715989757921129	23
46.743147388718242	23
46.770294438652471	23
46.79743135634871	23
46.824558607458883	23
46.851676669500158	23
46.878785992423815	23
46.905886950506748	23
46.932979858228791	23
46.960064920621619	23
46.987142230055547	23
47.014211783515663	23
47.041273490236534	23
47.068327178663637	23
47.095372612185955	23
47.122409552288559	23
47.149437776049488	23
47.176457108126215	23
47.203467451174774	23
47.230468815293854	23
47.257461321988771	23
47.284445222355309	23
47.311420882933739	23
47.338388770506114	23
47.365349450647606	23
47.39230354321564	23
47.419251718571864	23
47.446194648109326	23
47.473132965928748	23
47.500067264667045	23
47.526998066934226	23
47.553925792698479	23
47.580850750353711	23
47.607773135016167	23
47.63469305425113	23
47.66161054036877	23
47.688525571502183	23
47.715438090245073	23
47.742348041414594	23
47.769255403585603	23
47.796160214154803	23
47.823062563694336	23
47.849962682278424	23
47.8768608770662	23
47.90375756579536	23
47.930653266242686	23
47.957548581687234	23
47.98444416423591	23
48.011340719207027	23
48.038238953014599	23
48.06513954771679	23
48.092043119984908	23
48.118950223049431	23
48.145861332324401	23
48.172776795770332	23
48.199696867907974	23
48.226621698629756	23
48.253551349909117	23
48.280485811815709	23
48.307425036909656	23
48.334368955934181	23
48.36131751618921	23
48.388270698155551	23
48.415228526938812	23
48.442191125736827	23
48.469158718378551	23
48.496131619722505	23
48.523110229554796	23
48.550095027999184	23
48.577086552032412	23
48.604085372080149	23
48.63109206064901	23
48.658107167367312	23
48.685131188977586	23
48.712164545969465	23
48.73920757106977	23
48.766260484557797	23
48.793323400205352	23
48.820396323519816	23
48.84747917097976	23
48.874571785692211	23
48.901673950932604	23
48.928785426526403	23
48.955905973838277	23
48.983035379107079	23
49.010173473018341	23
49.037320156911107	23
49.064475411695987	23
49.091639307565281	23
49.118811998420149	23
49.145993706691222	23
49.173184703558803	23
49.200385292308312	23
49.227595775886876	23
49.254816434340853	23
49.282047499698528	23
49.309289135378258	23
49.336541402573395	23
49.363804264301329	23
49.391077568305931	23
49.41836105452267	23
49.445654372611926	23
49.472957094632605	23
49.500268723815665	23
49.527588754530932	23
49.554916688929616	23
49.582252037620968	23
49.609594347474079	23
49.636943216458803	23
49.664298319488346	23
49.691659426930833	23
49.719026387280927	23
49.746399116288053	23
49.773777588673333	23
49.801161812700862	23
49.828551812844495	23
49.855947595250313	23
49.883349129822086	23
49.910756323426895	23
49.938168991408858	23
49.965586874105348	23
49.993009606303552	23
50.020436725297138	23
50.047867697128808	23
50.075301897756063	23
50.102738650314741	23
50.13017725413318	23
50.157617006675672	23
50.185057247392841	23
50.212497390455994	23
50.239936903713463	23
50.26737533494034	23
50.29481234200675	23
50.322247661244511	23
50.349681099125242	23
50.377112529866352	23
50.404541875564227	23
50.431969089366099	23
50.459394104429023	23
50.486816829900945	23
50.514237122221992	23
50.541654786476307	23
50.569069541027744	23
50.596481020175787	23
50.623888783918296	23
50.651292314987899	23
50.678691065691417	23
50.706084455143063	23
50.733471848716938	23
50.760852655675919	23
50.788226300927768	23
50.815592264352794	23
50.842950110488438	23
50.870299487469993	23
50.897640142373497	23
50.924971920201529	23
50.952294758850272	23
50.97960867227232	23
51.006913729381907	23
51.034210051788918	23
51.061497787774641	23
51.088777046815387	23
51.116047899935936	23
51.143310364429603	23
51.170564394595964	23
51.197809869881006	23
51.225046620599379	23
51.252274416276187	23
51.279492960348435	23
51.306701933434852	23
51.333901018077803	23
51.361089892226858	23
51.388268267997269	23
51.415435936876918	23
51.442592753052068	23
51.469738661571341	23
51.496873700344949	23
51.523997997154481	23
51.55111177391634	23
51.578215323618402	23
51.605308999308541	23
51.632393192587379	23
51.659468299869317	23
51.68653471807032	23
51.713592818238361	23
51.740642918763626	23
51.767685266650794	23
51.794720031853487	23
51.821747323397808	23
51.848767202764058	23
51.875779666550208	23
51.902784677411354	23
51.929782188974201	23
51.956772164833602	23
51.983754592352746	23
52.010729502725923	23
52.03769697968287	23
52.064657190502281	23
52.091610382891488	23
52.118556894546764	23
52.145497131066591	23
52.172431560410502	23
52.199360722505098	23
52.226285184863741	23
52.25320552606113	23
52.280122297357288	23
52.307036020514758	23
52.333947180895372	23
52.360856207259701	23
52.387763451348086	23
52.414669191492067	23
52.441573657639637	23
52.468477017707251	23
52.495379373971218	23
52.52228080874508	23
52.549181411951103	23
52.576081263466698	23
52.602980491736346	23
52.629879253850348	23
52.656777773115081	23
52.683676347417972	23
52.710575359282316	23
52.737475239999966	23
52.764376472778977	23
52.791279593179588	23
52.81818517061199	23
52.845093786668606	23
52.872006004852182	23
52.898922361471065	23
52.925843337056712	23
52.952769350597094	23
52.979700757139071	23
53.006637831953505	23
53.033580779873084	23
53.060529740281694	23
53.087484786577598	23
53.11444595024841	23
53.141413253328444	23
53.168386727455562	23
53.195366413423159	23
53.222352387302422	23
53.24934477165629	23
53.27634374737891	23
53.303349550858684	23
53.330362477265204	23
53.35738287205708	23
53.384411115666126	23
53.411447616493398	23
53.43849278569855	23
53.465547015886862	23
53.492610672686425	23
53.519684069472234	23
53.546767464749372	23
53.573861038499139	23
53.60096489503114	23
53.628079062346785	23
53.655203494707422	23
53.682338084226636	23
53.709482675858638	23
53.736637074865982	23
53.763801092478147	23
53.790974539767795	23
53.818157254547344	23
53.845349112247852	23
53.872550031881168	23
53.899759987808274	23
53.9269790010988	23
53.954207141253235	23
53.981444519532936	23
54.008691263623739	23
54.035947506510844	23
54.06321336587996	23
54.090488923587628	23
54.117774215303491	23
54.145069215632816	23
54.17237382129683	23
54.199687856232373	23
54.227011087897573	23
54.25434319300382	23
54.281683781565469	23
54.309032399836006	23
54.336388561582964	23
54.363751773286687	23
54.391121558308697	23
54.4184974589962	23
54.445879056072954	23
54.473265984931444	23
54.500657936297337	23
54.528054667466563	23
54.555455983543027	23
54.582861730112811	23
54.610271792149661	23
54.63768606503838	23
54.665104434793342	23
54.692526773768918	23
54.719952914228735	23
54.747382618863462	23
54.774815590574079	23
54.802251459548479	23
54.829689771241085	23
54.857130012316055	23
54.884571652926546	23
54.912014102101786	23
54.939456745384661	23
54.966898986991403	23
54.994340240566935	23
55.02177994990528	23
55.049217594718542	23
55.076652737994422	23
55.104085004129374	23
55.131514084348531	23
55.158939724582396	23
55.186361726742788	23
55.213779940376391	23
55.241194246910105	23
55.268604522158135	23
55.296010635280666	23
55.323412423311524	23
55.350809697646838	23
55.37820222508293	23
55.405589717132607	23
55.432971799045497	23
55.460348065608883	23
55.487718040286524	23
55.51508122719251	23
55.542437119408653	23
55.569785215132121	23
55.597125038625144	23
55.62445616638675	23
55.651778237683175	23
55.679090965220901	23
55.706394143072799	23
55.73368767340618	23
55.760971517273902	23
55.788245693763692	23
55.815510259611898	23
55.842765319722702	23
55.870010980983196	23
55.897247359820852	23
55.924474568509503	23
55.95169266814834	23
55.978901670082877	23
56.006101557418411	23
56.033292244521007	23
56.060473587162733	23
56.087645414941413	23
56.114807548333403	23
56.141959780710167	23
56.169101930645311	23
56.196233830955215	23
56.223355363808373	23
56.250466477104794	23
56.277567174488979	23
56.304657553364464	23
56.331737776753535	23
56.358808080678692	23
56.385868766838939	23
56.412920188488002	23
56.439962723803404	23
56.466996744046853	23
56.494022633400213	23
56.521040757043288	23
56.548051445374107	23
56.57505498141213	23
56.602051611225214	23
56.629041521307812	23
56.656024860704356	23
56.683001729883372	23
56.709972188683551	23
56.736936293430396	23
56.763894088286236	23
56.790845651129139	23
56.817791092512564	23
56.844730562016707	23
56.871664267289383	23
56.898592499021497	23
56.925515601659271	23
56.952433973614525	23
56.979348054414324	23
57.006258332244883	23
57.03316533383353	23
57.060069586551847	23
57.086971612520337	23
57.113871914863182	23
57.14077096988985	23
57.16766920251488	23
57.194566967212069	23
57.22146459060405	23
57.248362321809864	23
57.275260378218995	23
57.302158924759432	23
57.329058112331381	23
57.355958070412449	23
57.382858954873079	23
57.409760928022749	23
57.436664187535193	23
57.463568964812637	23
57.490475550402508	23
57.517384298620968	23
57.544295598170748	23
57.57120989101881	23
57.598127649437458	23
57.625049364283555	23
57.651975532107947	23
57.678906647649576	23
57.705843172135481	23
57.732785537138184	23
57.759734119928481	23
57.786689224630187	23
57.813651109468466	23
57.840619981352845	23
57.867595992033394	23
57.894579246299386	23
57.921569812835642	23
57.948567742200972	23
57.975573078225018	23
58.002585869694066	23
58.029606187248703	23
58.05663413181356	23
58.083669839568017	23
58.110713494796592	23
58.137765317453919	23
58.1648255662938	23
58.191894526480787	23
58.218972503979458	23
58.246059814414174	23
58.273156753692056	23
58.300263595121521	23
58.32738057222636	23
58.354507865723328	23
58.381645591036303	23
58.408793799049164	23
58.435952478800914	23
58.463121560935498	23
58.490300926491614	23
58.517490413065694	23
58.544689824854693	23
58.571898956047896	23
58.599117595299035	23
58.626345546850033	23
58.653582645289049	23
58.680828762006172	23
58.708083797229037	23
58.735347696024427	23
58.762620432769722	23
58.789902006584448	23
58.817192439399768	23
58.844491753994724	23
58.871799954626788	23
58.899117044208715	23
58.926442976913535	23
58.953777636219257	23
58.981120846281378	23
59.008472349724293	23
59.035831831234439	23
59.063198927743791	23
59.090573223672713	23
59.117954262796587	23
59.145341566410508	23
59.172734647761743	23
59.200133033196906	23
59.227536271068935	23
59.254943939175256	23
59.282355666376837	23
59.309771113198451	23
59.337190001491088	23
59.364612089956758	23
59.392037163143605	23
59.419465042564703	23
59.446895549198381	23
59.474328486487394	23
59.501763624384964	23
59.52920071253488	23
59.556639469959819	23
59.584079577206118	23
59.611520641848138	23
59.638962229658937	23
59.666403863853247	23
59.693845026512278	23
59.721285156472391	23
59.74872369668546	23
59.776160088805014	23
59.803593807499148	23
59.831024344403261	23
59.858451235652133	23
59.885874071274458	23
59.913292511656195	23
59.940706264766924	23
59.968115088852649	23
59.99551878950674	23
60.022917202145933	23
60.050310198944899	23
60.077697663588282	23
60.105079444435653	23
60.132455377989672	23
60.159825254920527	23
60.187188815422573	23
60.214545768225165	23
60.241895769880195	23
60.269238446104772	23
60.296573399267011	23
60.323900223007193	23
60.351218515555296	23
60.378527890994718	23
60.405828014268998	23
60.433118615266771	23
60.460399448238363	23
60.487670332527799	23
60.514931150231085	23
60.542181848473838	23
60.569422427036336	23
60.596652955651422	23
60.623873537935992	23
60.651084283915623	23
60.678285322156391	23
60.705476785239526	23
60.732658763701941	23
60.759831320403642	23
60.786994504796127	23
60.81414831257301	23
60.841292717133612	23
60.868427652536532	23
60.895553030133001	23
60.922668759769081	23
60.94977474773097	23
60.976870926333078	23
61.003957258563254	23
61.031033745708314	23
61.058100449429666	23
61.085157490782315	23
61.112205047469594	23
61.139243337065459	23
61.166272627609345	23
61.193293236948378	23
61.220305525276743	23
61.247309858341389	23
61.27430661351319	23
61.301296163517534	23
61.328278869917284	23
61.355255059537157	23
61.382225019990493	23
61.409188994461317	23
61.436147193054644	23
61.463099794409729	23
61.490046959388614	23
61.516988819582323	23
61.543925497289436	23
61.570857149989763	23
61.597783945224414	23
61.624706080037917	23
61.651623772596153	23
61.678537292164741	23
61.705446964636195	23
61.732353161313306	23
61.75925629383525	23
61.786156809149055	23
61.813055190268443	23
61.839951936612536	23
61.866847520490204	23
61.893742419215201	23
61.920637094033786	23
61.947531961092757	23
61.974427412496858	23
62.00132378163822	23
62.028221360931738	23
62.055120413920406	23
62.082021174858518	23
62.10892384484869	23
62.135828600160153	23
62.162735617621884	23
62.189645098762739	23
62.216557256173715	23
62.243472322102747	23
62.27039056837549	23
62.297312296109268	23
62.324237845332654	23
62.351167593043655	23
62.378101938244313	23
62.405041304733892	23
62.431986123704625	23
62.458936804788479	23
62.485893747823241	23
62.512857334459866	23
62.539827923736667	23
62.566805823953565	23
62.593791297237232	23
62.620784555353495	23
62.647785768497535	23
62.674795060230011	23
62.701812521125056	23
62.72883821593247	23
62.755872191937399	23
62.78291449993786	23
62.809965192821203	23
62.837024337247662	23
62.864092027361622	23
62.891168383371294	23
62.918253565325692	23
62.945347751477563	23
62.972451144130702	23
62.999563963147082	23
63.026686426449103	23
63.05381874547404	23
63.080961112066497	23
63.108113679113103	23
63.135276576937208	23
63.162449884528129	23
63.189633627588044	23
63.216827779523442	23
63.244032260219385	23
63.271246942520662	23
63.298471657842981	23
63.325706210403453	23
63.352950391906894	23
63.380203979177224	23
63.407466754592598	23
63.434738512403392	23
63.46201906361447	23
63.489308247476963	23
63.516605930954526	23
63.543912000000603	23
63.571226379390644	23
63.59854902113932	23
63.625879839326217	23
63.653218756193191	23
63.680565643439095	23
63.707920354378679	23
63.735282706184655	23
63.762652480794188	23
63.790029405551685	23
63.817413162424707	23
63.844803387557768	23
63.872199676737381	23
63.899601609083852	23
63.927008731912863	23
63.954420584613345	23
63.98183670821048	23
64.00925666464488	23
64.036680029520696	23
64.064106404970971	23
64.091535441144742	23
64.118966797649733	23
64.14640016197086	23
64.173835247481378	23
64.20127178030215	23
64.228709500670092	23
64.256148176035254	23
64.283587538485918	23
64.311027303745107	23
64.338467179893541	23
64.365906837121457	23
64.393345892936495	23
64.420783924297979	23
64.448220497696653	23
64.475655150046336	23
64.503087397139268	23
64.530516740553423	23
64.557942681249202	23
64.585364750543107	23
64.612782503907027	23
64.640195522152055	23
64.667603428018538	23
64.695005879053483	23
64.722402591637561	23
64.749793329803666	23
64.77717788239471	23
64.804556053186914	23
64.831927675671736	23
64.859292563520995	23
64.886650539760979	23
64.914001415363288	23
64.941344984843681	23
64.968681021072129	23
64.996009278204625	23
65.023329492974597	23
65.050641383410849	23
65.077944669229623	23
65.105239092212642	23
65.132524377972331	23
65.159800264241412	23
65.187066503559066	23
65.214322894385589	23
65.241569259389777	23
65.268805482976333	23
65.296031511279978	23
65.323247309753782	23
65.350452887053677	23
65.377648307370578	23
65.404833644942613	23
65.432008984164398	23
65.459174434302867	23
65.486330113325977	23
65.513476120039627	23
65.540612553443694	23
65.567739485561148	23
65.5948569739692	23
65.621965065751098	23
65.649063786863294	23
65.676153166509053	23
65.703233225200918	23
65.730303992816602	23
65.757365517410847	23
65.784417865979307	23
65.811461129862295	23
65.838495412266241	23
65.865520864434941	23
65.892537689464262	23
65.919546116723993	23
65.946546411517815	23
65.973538877200966	23
66.000523842818183	23
66.027501654624743	23
66.054472662171449	23
66.081437200261504	23
66.108395611277146	23
66.135348207507292	23
66.16229529857705	23
66.189237168041089	23
66.216174076474417	23
66.243106272571652	23
66.270033998846571	23
66.296957483835342	23
66.323876942826914	23
66.350792586956459	23
66.377704644594786	23
66.404613370275257	23
66.431519034251721	23
66.458421930849156	23
66.485322394268209	23
66.512220793343644	23
66.539117504787015	23
66.566012921961033	23
66.592907476724946	23
66.619801587284087	23
66.64669568977196	23
66.673590197602238	23
66.700485519340347	23
66.727382044383802	23
66.754280159958512	23
66.781180205544871	23
66.808082494822671	23
66.834987314949686	23
66.861894936718869	23
66.88880561585465	23
66.915719587566741	23
66.942637090536564	23
66.969558355047752	23
66.996483614514744	23
67.02341312125111	23
67.0503471405695	23
67.077285954808815	23
67.104229866761671	23
67.131179192541296	23
67.158134247028713	23
67.185095368494132	23
67.212062909491195	23
67.239037215689109	23
67.266018621097089	23
67.293007444048712	23
67.320003976735237	23
67.347008484016129	23
67.374021194350249	23
67.401042307288265	23
67.42807198567165	23
67.455110359709778	23
67.482157537282589	23
67.509213598622878	23
67.536278612811969	23
67.563352638005782	23
67.590435739117183	23
67.61752798295592	23
67.644629443326167	23
67.671740206864513	23
67.698860371552641	23
67.72599004608945	23
67.753129344726503	23
67.780278378482421	23
67.807437266492599	23
67.834606117332555	23
67.861785026563155	23
67.888974067005321	23
67.91617327657471	23
67.943382667048098	23
67.970602208757427	23
67.997831833098388	23
68.025071445092195	23
68.052320910385944	23
68.079580061778657	23
68.10684871354141	23
68.134126656192024	23
68.161413671421613	23
68.188709540260945	23
68.216014043314033	23
68.243326967775758	23
68.270648133715909	23
68.297977354093874	23
68.325314443326675	23
68.352659210264392	23
68.380011460769111	23
68.407370999466082	23
68.434737638195514	23
68.462111168362526	23
68.489491362039544	23
68.51687796988773	23
68.544270716595861	23
68.571669309307183	23
68.59907342141986	23
68.626482696606033	23
68.653896764290934	23
68.681315224419009	23
68.708737669277838	23
68.736163685787744	23
68.76359285303225	23
68.791024746406393	23
68.818458959509584	23
68.845895083026107	23
68.873332709521307	23
68.900771454295821	23
68.928210980655024	23
68.955650956019255	23
68.983091048113153	23
69.010530947909785	23
69.037970352538068	23
69.065408939283259	23
69.092846378834139	23
69.120282335561058	23
69.147716464274779	23
69.175148405684681	23
69.202577777013232	23
69.230004181081839	23
69.257427215327169	23
69.284846475493737	23
69.31226155378242	23
69.33967204230332	23
69.367077543563596	23
69.394477676542039	23
69.421872100025723	23
69.449260491528833	23
69.476642523110556	23
69.504017913734231	23
69.531386384729501	23
69.558747674912709	23
69.586101554788527	23
69.613447801668968	23
69.64078620786087	23
69.668116577042468	23
69.69543872475478	23
69.722752468935482	23
69.75005762847502	23
69.777354044200777	23
69.804641567026508	23
69.831920018229738	23
69.859189222590956	23
69.886449010754859	23
69.913699218493008	23
69.940939694330353	23
69.968170321877423	23
69.995390989538166	23
70.022601602714431	23
70.049802103882925	23
70.076992457471391	23
70.104172635553439	23
70.131342643009987	23
70.158502525082795	23
70.185652335391168	23
70.212792158811936	23
70.239922083817405	23
70.267042209551562	23
70.294152654189261	23
70.321253528490331	23
70.348344964619741	23
70.375427086822469	23
70.402500022139407	23
70.429563904288102	23
70.456618868044075	23
70.483665046457048	23
70.510702560057453	23
70.537731540658783	23
70.564752134083236	23
70.591764503883255	23
70.618768819354912	23
70.645765280913466	23
70.672754104405541	23
70.699735534171865	23
70.726709830183225	23
70.753677259101863	23
70.780638109673305	23
70.807592677614906	23
70.834541279186368	23
70.861484240645723	23
70.888421883543757	23
70.915354525295299	23
70.942282510979197	23
70.969206165269767	23
70.996125805577492	23
71.023041727326856	23
71.049954227523344	23
71.076863609044267	23
71.103770162827118	23
71.130674176590148	23
71.157575945214717	23
71.184475771982491	23
71.211373966423253	23
71.238270823355066	23
71.265166676641954	23
71.292061852531717	23
71.318956697888723	23
71.345851563895806	23
71.372746815325925	23
71.39964280804061	23
71.42653992569474	23
71.453438541792607	23
71.480339032314632	23
71.507241750429444	23
71.53414705357352	23
71.561055295439289	23
71.587966808070334	23
71.614881909537672	23
71.641800909451263	23
71.668724095648173	23
71.6956517455246	23
71.722584128017985	23
71.749521504552533	23
71.776464133254507	23
71.803412266466793	23
71.830366140456803	23
71.857326000411945	23
71.88429210457123	23
71.911264719030015	23
71.93824411076028	23
71.965230545056826	23
71.992224286813482	23
72.019225603657887	23
72.046234748807919	23
72.07325196971513	23
72.100277497170339	23
72.127311547389354	23
72.154354322619398	23
72.181405997569286	23
72.208466729098944	23
72.235536651127674	23
72.262615879622871	23
72.289704521969313	23
72.316802661592192	23
72.343910369529496	23
72.371027707848114	23
72.398154724439649	23
72.425291459603784	23
72.452437947825572	23
72.479594214802034	23
72.506760295124607	23
72.533936218158203	23
72.561122006029933	23
72.588317673282504	23
72.615523227173995	23
72.642738659991949	23
72.669963950946013	23
72.697199064929436	23
72.724443956237494	23
72.751698548650666	23
72.778962747226046	23
72.806236432252632	23
72.833519460126396	23
72.860811668557204	23
72.888112875506593	23
72.915422875766339	23
72.942741470892756	23
72.970068455135376	23
72.997403575498467	23
73.02474658455894	23
73.052097201340899	23
73.079455151230746	23
73.106820162420775	23
73.134191963815454	23
73.161570276716162	23
73.188954825270088	23
73.216345330009375	23
73.243741507862808	23
73.271143080694713	23
73.298549753824531	23
73.325961231708959	23
73.353377192709303	23
73.380797323558127	23
73.408221288081492	23
73.435648729407532	23
73.463079296015479	23
73.490512606436212	23
73.517948261132432	23
73.545385840412976	23
73.57282492829755	23
73.600265113796056	23
73.62770600222504	23
73.655147180798636	23
73.682588246107201	23
73.710028816287249	23
73.737468512754631	23
73.764906948861068	23
73.792343753562932	23
73.819778572254094	23
73.847211065334932	23
73.874640887356918	23
73.902067697192209	23
73.929491155642054	23
73.956910939047418	23
73.984326721196155	23
74.01173816542638	23
74.039144943263523	23
74.066546714756285	23
74.093943160836986	23
74.121333966619275	23
74.148718794046474	23
74.176097314252118	23
74.203469200778471	23
74.230834118884616	23
74.258191753360634	23
74.285541797986241	23
74.312883969569967	23
74.340217999739153	23
74.367543647710804	23
74.394860698676894	23
74.422168955951705	23
74.449468261335625	23
74.476758501868105	23
74.504039549112321	23
74.531311291647256	23
74.558573626099147	23
74.585826465525514	23
74.613069718578359	23
74.640303322499491	23
74.667527225011312	23
74.694741351328375	23
74.72194563902174	23
74.749140044245706	23
74.776324505914587	23
74.803498968817649	23
74.830663408351612	23
74.857817802543394	23
74.884962151164913	23
74.912096468582988	23
74.939220787831459	23
74.966335170338027	23
74.9934396984263	23
75.020534482033426	23
75.047619655142498	23
75.074695369351261	23
75.10176179857028	23
75.128819134770509	23
75.155867581078212	23
75.182907334639751	23
75.209938583271821	23
75.236961528036787	23
75.263976384654825	23
75.29098335285498	23
75.317982634778247	23
75.344974435019296	23
75.371958969108505	23
75.398936449738613	23
75.425907089779486	23
75.452871100203097	23
75.479828712236269	23
75.50678016668158	23
75.533725729487585	23
75.560665671127595	23
75.587600272618204	23
75.614529855764459	23
75.641454752880634	23
75.668375306396754	23
75.695291853676721	23
75.722204739774682	23
75.749114325394117	23
75.776020970685721	23
75.802925031396157	23
75.82982685408993	23
75.85672679719049	23
75.883625209052482	23
75.910522404610873	23
75.937418700727136	23
75.964314414659853	23
75.991209845277339	23
76.018105305711742	23
76.045001088679967	23
76.071897492434445	23
76.098794827306165	23
76.125693419866394	23
76.152593589831483	23
76.179495660892073	23
76.206399968961364	23
76.233306864105501	23
76.260216705317632	23
76.287129843207424	23
76.314046635554206	23
76.340967428854853	23
76.367892565099609	23
76.394822380873165	23
76.421757195512484	23
76.448697317137771	23
76.475643040648905	23
76.502594632170656	23
76.529552338553657	23
76.556516398445154	23
76.583487054827231	23
76.610464529109009	23
76.63744903696174	23
76.664440785241254	23
76.691439979853044	23
76.718446821427847	23
76.745461509788626	23
76.772484246282062	23
76.799515226999887	23
76.82655465050351	23
76.85360271143044	23
76.880659595472181	23
76.907725486766452	23
76.934800557853663	23
76.961884977617601	23
76.988978895269184	23
77.016082443317174	23
77.043195737373168	23
77.07031886818919	23
77.097451904675609	23
77.124594895487732	23
77.151747855178286	23
77.178910797973302	23
77.206083712976096	23
77.233266575769193	23
77.260459349805402	23
77.287661985203741	23
77.314874425975219	23
77.34209660698771	23
77.36932845784122	23
77.396569913107655	23
77.42382089690669	23
77.451081328981076	23
77.478351120913217	23
77.505630174947157	23
77.532918383465855	23
77.560215626839451	23
77.587521766483675	23
77.614836654977935	23
77.642160143868793	23
77.669492028601198	23
77.696832090462991	23
77.724180064467063	23
77.751535668626374	23
77.77889860413184	23
77.806268568192252	23
77.83364523671932	23
77.861028276582971	23
77.888417353076264	23
77.915812127174021	23
77.943212277126179	23
77.970617471652176	23
77.998027386742223	23
78.025441709074755	23
78.052860128772394	23
78.080282335013919	23
78.107708017866287	23
78.135136877630373	23
78.162568585406973	23
78.190002804248607	23
78.217439184304467	23
78.244877353705547	23
78.27231692811624	23
78.299757538117518	23
78.327198779082551	23
78.354640237363711	23
78.382081506205481	23
78.409522172427216	23
78.436961805063333	23
78.464399966183976	23
78.491836249994449	23
78.519270255831756	23
78.546701593252507	23
78.574129884120836	23
78.601554762709029	23
78.62897589142041	23
78.656392953276438	23
78.683805638337745	23
78.711213647789151	23
78.738616687493945	23
78.766014484636813	23
78.793406774776599	23
78.820793287351009	23
78.848173729403527	23
78.875547817240047	23
78.902915236886756	23
78.930275671588134	23
78.957628811798614	23
78.98497433841257	23
79.012311943862557	23
79.039641330812373	23
79.066962225385126	23
79.094274369766154	23
79.121577539683273	23
79.148871563692012	23
79.176156284088549	23
79.203431563882205	23
79.230697283124869	23
79.257953360651968	23
79.28519972628547	23
79.312436338096404	23
79.339663187237463	23
79.366880252894319	23
79.394087517801893	23
79.421284986528178	23
79.448472647138516	23
79.475650471861201	23
79.502818444791146	23
79.529976559677735	23
79.557124796838465	23
79.584263149610749	23
79.611391611850323	23
79.638510189350001	23
79.665618915619916	23
79.692717833116362	23
79.719807024738586	23
79.74688659009125	23
79.773956663265324	23
79.801017408169912	23
79.828069014270426	23
79.855111686826405	23
79.88214563038737	23
79.909171074549249	23
79.936188267836641	23
79.96319745949323	23
79.990198897713796	23
80.017192837426578	23
80.044179528376574	23
80.071159220290824	23
80.098132150622959	23
80.125098537121943	23
80.152058608113592	23
80.179012574397987	23
80.20596066677976	23
80.232903119575923	23
80.259840172789268	23
80.286772079713714	23
80.313699128677456	23
80.340621617223107	23
80.367539855402029	23
80.394454159758027	23
80.421364871417254	23
80.448272355592394	23
80.475176979285848	23
80.50207911808225	23
80.528979156895673	23
80.555877487844654	23
80.582774485740615	23
80.609670506297292	23
80.636565916468996	23
80.663461049095318	23
80.690356240434255	23
80.717251795515224	23
80.744148016988902	23
80.771045195839875	23
80.79794363858521	23
80.824843628354941	23
80.85174545258937	23
80.878649399978244	23
80.905555773435765	23
80.93246488897212	23
80.959377064195934	23
80.98629263079728	23
81.013211929348103	23
81.040135297260775	23
81.067063082235947	23
81.093995633461446	23
81.120933288943945	23
81.147876386081037	23
81.174825243945577	23
81.201780154164055	23
81.228741399887014	23
81.255709256464087	23
81.28268397788122	23
81.309665797395866	23
81.336654929528223	23
81.363651571649967	23
81.390655909929464	23
81.417668115315294	23
81.444688353928001	23
81.471716785568589	23
81.498753563586448	23
81.525798848139971	23
81.552852796363396	23
81.579915566603034	23
81.606987318123728	23
81.634068216657937	23
81.661158426651184	23
81.688258102740221	23
81.715367392574962	23
81.742486431721773	23
81.769615335802143	23
81.796754198958411	23
81.823903086800513	23
81.85106204675337	23
81.878231101588227	23
81.905410251538001	23
81.932599471123041	23
81.959798706848318	23
81.987007890082225	23
82.014226930420591	23
82.041455726328394	23
82.068694173199816	23
82.095942161212704	23
82.123199569115712	23
82.15046628303574	23
82.1777421820576	23
82.205027144104434	23
82.232321050599325	23
82.259623776968084	23
82.286935189009839	23
82.314255167094927	23
82.34158356273997	23
82.368920197890134	23
82.396264865277217	23
82.42361732450162	23
82.450977313384826	23
82.478344559122306	23
82.505718758753588	23
82.533099587613791	23
82.560486706162663	23
82.587879761239478	23
82.615278400045312	23
82.642682263192043	23
82.670090985799945	23
82.697504217144285	23
82.724921600171669	23
82.752342798173416	23
82.779767481557059	23
82.807195318003693	23
82.834625985821631	23
82.862059169331076	23
82.889494535429762	23
82.916931732986669	23
82.944370413950054	23
82.971810243662858	23
82.99925087506972	23
83.0266919307508	23
83.054133032090405	23
83.08157379215541	23
83.109013800427874	23
83.136452631708877	23
83.163889860857367	23
83.191325064599951	23
83.218757830094276	23
83.246187740342961	23
83.273614388116101	23
83.301037388353421	23
83.328456381027493	23
83.355871023348996	23
83.383280987571737	23
83.410685964967783	23
83.438085662216039	23
83.465479823510435	23
83.492868204369856	23
83.520250531757029	23
83.54762655815486	23
83.574996012389221	23
83.60235861371639	23
83.629714089326484	23
83.657062149313006	23
83.684402506518637	23
83.711734873856784	23
83.739058973904136	23
83.766374538266362	23
83.793681310344112	23
83.820979071647855	23
83.848267641329613	23
83.875546831175299	23
83.902816484828861	23
83.930076470384861	23
83.957326685837089	23
83.98456705314814	23
84.011797540725681	23
84.039018127752357	23
84.066228800243493	23
84.093429567185993	23
84.120620451420436	23
84.147801456959613	23
84.174972594202288	23
84.202133891248607	23
84.22928535892008	23
84.256427024261697	23
84.283558900540783	23
84.310681001801498	23
84.337793358204138	23
84.364896000751415	23
84.391988987670771	23
84.419072389945441	23
84.446146298763367	23
84.473210836318273	23
84.500266150438804	23
84.527312410430127	23
84.554349793089315	23
84.58137849741837	23
84.608398747178597	23
84.635410789653179	23
84.662414873524014	23
84.689411265112867	23
84.716400234099609	23
84.743382056401018	23
84.770357004536748	23
84.79732533667331	23
84.824287305322954	23
84.851243158289066	23
84.878193143903985	23
84.905137513632098	23
84.932076508251313	23
84.959010367950015	23
84.985939366787974	23
85.012863775219898	23
85.03978387575647	23
85.066699947571621	23
85.093612294864883	23
85.120521247048544	23
85.147427142063435	23
85.174330330398334	23
85.201231179847312	23
85.228130069360489	23
85.255027386441824	23
85.281923492843958	23
85.308818773182367	23
85.335713597036047	23
85.362608324535771	23
85.389503308635895	23
85.416398883757267	23
85.443295367031709	23
85.470193080009238	23
85.497092331736567	23
85.523993423404477	23
85.550896636057146	23
85.577802256930809	23
85.604710588245908	23
85.631621923097555	23
85.658536558694792	23
85.685454803552759	23
85.712376970532446	23
85.739303375342587	23
85.766234343495199	23
85.793170201895308	23
85.820111282600934	23
85.847057911347036	23
85.874010391702782	23
85.900969023200901	23
85.927934104138387	23
85.954905926689733	23
85.981884758067423	23
86.008870847867115	23
86.035864425152823	23
86.062865704916447	23
86.089874877967404	23
86.116892123405265	23
86.14391760330588	23
86.170951466492269	23
86.197993860924285	23
86.225044922833064	23
86.252104785573309	23
86.27917358170113	23
86.306251444103424	23
86.333338515759223	23
86.360434930832781	23
86.387540823123871	23
86.414656324643801	23
86.441781553684478	23
86.468916616816799	23
86.49606160728915	23
86.523216591232526	23
86.550381629391865	23
86.577556757668148	23
86.604741983611959	23
86.631937291592735	23
86.659142639727463	23
86.686357961503589	23
86.713583171004672	23
86.740818164070902	23
86.768062831568798	23
86.795317045156125	23
86.822580668070032	23
86.849853558534164	23
86.877135568479034	23
86.904426550364121	23
86.931726356456366	23
86.959034829975323	23
86.98635183400161	23
87.013677230348733	23
87.041010835611985	23
87.068352468358171	23
87.095701902774437	23
87.123058905330694	23
87.150423227678274	23
87.17779460660509	23
87.205172749662452	23
87.232557351425626	23
87.25994808533504	23
87.287344608277976	23
87.314746579022625	23
87.342153635181361	23
87.369565416581835	23
87.396981552036621	23
87.424401686552628	23
87.451825461189983	23
87.479252513217943	23
87.506682507883212	23
87.53411509303443	23
87.561549916187801	23
87.588986618294385	23
87.616424848723824	23
87.643864259490314	23
87.671304519819074	23
87.698745269927144	23
87.726186143522511	23
87.753626782367306	23
87.781066813784705	23
87.80850583789136	23
87.835943449197671	23
87.86337925017223	23
87.89081284061308	23
87.918243812652648	23
87.945671759866812	23
87.973096279077637	23
88.000516995314825	23
88.027933542577017	23
88.055345561612711	23
88.082752719173826	23
88.110154687705673	23
88.137551174785088	23
88.164941908666904	23
88.192326611978672	23
88.219705016380217	23
88.247076861635975	23
88.274441871135494	23
88.301799778985469	23
88.329150316707242	23
88.356493222139932	23
88.383828229072336	23
88.41115508286876	23
88.438473534802853	23
88.465783341721462	23
88.4930842880527	23
88.520376196813316	23
88.547658878139373	23
88.57493216290051	23
88.602195894016788	23
88.629449946994882	23
88.656694207353951	23
88.683928604660323	23
88.711153099681297	23
88.738367645886015	23
88.765572222121946	23
88.792766836214938	23
88.81995148705083	23
88.847126178476913	23
88.874290939618305	23
88.901445798948146	23
88.928590788743961	23
88.955725946364623	23
88.982851307943449	23
89.009966920527461	23
89.037072841194856	23
89.064169135261963	23
89.091255885666669	23
89.118333186528034	23
89.14540115076781	23
89.172459913752562	23
89.199509628695594	23
89.226550459159043	23
89.253582569186108	23
89.280606151426298	23
89.30762142949564	23
89.334628627010318	23
89.361627982466288	23
89.388619749488697	23
89.415604195627537	23
89.442581590696378	23
89.469552202435565	23
89.496516286163043	23
89.523474111685886	23
89.550425939691834	23
89.577372043800239	23
89.604312686034703	23
89.631248127856054	23
89.658178651840188	23
89.685104546293303	23
89.712026101774839	23
89.738943603960152	23
89.765857343649145	23
89.79276763378563	23
89.819674797713546	23
89.846579165407888	23
89.873481072441336	23
89.9003808828855	23
89.927278962520703	23
89.954175662014904	23
89.981071337162206	23
90.007966358335466	23
90.034861075452184	23
90.061755853041376	23
90.088651027595958	23
90.115546936210734	23
90.142443912870803	23
90.169342301406616	23
90.196242416194153	23
90.22314456735532	23
90.250049062044184	23
90.2769562053914	23
90.30386630956545	23
90.330779677958617	23
90.357696618895716	23
90.384617434407616	23
90.411542427436004	23
90.438471908717943	23
90.465406185483786	23
90.492345565594007	23
90.519290360313974	23
90.54624086626103	23
90.573197364431152	23
90.600160141128541	23
90.627129487309645	23
90.654105674612225	23
90.681088965264749	23
90.708079606147152	23
90.73507783036635	23
90.762083855202732	23
90.789097881874824	23
90.816120100914617	23
90.843150684526861	23
90.8701897938125	23
90.897237582750435	23
90.924294189145897	23
90.951359750356843	23
90.97843439361155	23
91.005518251226675	23
91.032611445500265	23
91.059714093101618	23
91.086826310441353	23
91.113948200946638	23
91.14107985990438	23
91.168221370753216	23
91.195372792096535	23
91.222534185903697	23
91.249705589801465	23
91.276887026190877	23
91.304078498403157	23
91.331279984785112	23
91.358491447296004	23
91.385712825945902	23
91.412944039419585	23
91.440185000415383	23
91.467435600029717	23
91.494695717189458	23
91.521965218725029	23
91.549243960538661	23
91.576531791408485	23
91.603828555759648	23
91.631134088719733	23
91.658448225379161	23
91.685770814736259	23
91.713101667187502	23
91.740440588829273	23
91.767787351029185	23
91.7951417151274	23
91.822503425659036	23
91.849872228452483	23
91.877247844234276	23
91.904629977842603	23
91.932018322569263	23
91.959412556470951	23
91.986812359934859	23
92.014217391751671	23
92.041627305685722	23
92.06904175700717	23
92.096460393182852	23
92.123882858942764	23
92.151308802369357	23
92.178737876270077	23
92.20616971567128	23
92.233603961357588	23
92.261040247673108	23
92.288478199653525	23
92.315917439759261	23
92.343357623224762	23
92.370798380786155	23
92.398239338825746	23
92.425680133048417	23
92.45312039536276	23
92.480559738072273	23
92.507997762620036	23
92.535434085673543	23
92.562868320505842	23
92.590300080803459	23
92.617728974870488	23
92.645154615585909	23
92.672576630899428	23
92.699994662448162	23
92.727408357085807	23
92.754817369201689	23
92.782221364617399	23
92.809620032002741	23
92.837013082540395	23
92.864400232710253	23
92.891781184907643	23
92.919155665249477	23
92.946523382410902	23
92.973884051818459	23
93.001237400037169	23
93.02858315213328	23
93.05592104120619	23
93.083250809710592	23
93.110572215873276	23
93.137885026779173	23
93.16518902696744	23
93.192484040231506	23
93.219769904537955	23
93.247046459393459	23
93.274313553544943	23
93.301571065164495	23
93.328818882358703	23
93.356056917845919	23
93.38328512070197	23
93.410503437461941	23
93.43771182469952	23
93.464910271500884	23
93.492098764298646	23
93.519277283060106	23
93.546445829473811	23
93.573604427255319	23
93.600753091888123	23
93.627891857914051	23
93.65502075780779	23
93.682139835291622	23
93.709249155149976	23
93.736348780741125	23
93.763438808996995	23
93.79051933992082	23
93.817590497340518	23
93.84465242570721	23
93.871705286000093	23
93.898749246830235	23
93.92578447432507	23
93.952811159757957	23
93.979829510062984	23
94.006839742975288	23
94.03384208098413	23
94.060836764930059	23
94.087824037752057	23
94.114804156563267	23
94.141777375062304	23
94.168743938995988	23
94.195704106339022	23
94.222658126577372	23
94.2496062656368	23
94.276548794877215	23
94.303485984841316	23
94.33041811007503	23
94.357345476111846	23
94.384268384507692	23
94.411187139802621	23
94.438102042043568	23
94.465013409037766	23
94.491921575587114	23
94.518826874842347	23
94.545729644457438	23
94.572630231847043	23
94.599528996315527	23
94.626426290664554	23
94.653322452665321	23
94.680217842254137	23
94.707112796632899	23
94.734007666367006	23
94.760902779781773	23
94.787798471603452	23
94.814695063901624	23
94.841592896542465	23
94.868492288256547	23
94.895393560262619	23
94.922297022849406	23
94.949202994162349	23
94.976111802701269	23
95.003023763450898	23
95.02993919645418	23
95.056858421087043	23
95.083781750289631	23
95.110709497487576	23
95.137641978378497	23
95.164579497265521	23
95.191522362082139	23
95.21847086944679	23
95.245425292748735	23
95.272385908486584	23
95.299352991944147	23
95.326326807346575	23
95.353307608850301	23
95.380295636689226	23
95.407291121204224	23
95.434294283733493	23
95.461305329193209	23
95.488324453306646	23
95.515351842658774	23
95.542387669988443	23
95.569432106054677	23
95.596485307856582	23
95.623547426781101	23
95.650618605154307	23
95.677698981310911	23
95.704788693814749	23
95.731887864703864	23
95.758996610147321	23
95.786115036295286	23
95.813243236038062	23
95.840381285790173	23
95.867529243743149	23
95.894687157755342	23
95.921855060156886	23
95.949032969923834	23
95.976220886062976	23
96.003418786623314	23
96.030626636175128	23
96.057844377582612	23
96.085071939939454	23
96.112309243942931	23
96.13955620149089	23
96.166812702854514	23
96.194078634566125	23
96.221353869672399	23
96.24863826954234	23
96.275931692897743	23
96.303233988262335	23
96.330544989119971	23
96.357864543096483	23
96.385192479638562	23
96.412528593010521	23
96.439872664812114	23
96.467224443162948	23
96.494583667522988	23
96.521950072067867	23
96.549323372183693	23
96.576703268043673	23
96.604089448981597	23
96.631481593440654	23
96.658879377739353	23
96.68628247342275	23
96.713690540352019	23
96.741103247190139	23
96.768520244999166	23
96.795941200161735	23
96.823365772599388	23
96.85079361421441	23
96.8782243857151	23
96.905657742178221	23
96.933093319169643	23
96.960530736924824	23
96.987969619737612	23
97.015409606190161	23
97.042850333249746	23
97.070291415896278	23
97.097732472951179	23
97.12517312427785	23
97.152612979015544	23
97.180051629781431	23
97.207488681667485	23
97.234923738756507	23
97.262356420441023	23
97.289786337988318	23
97.317213105119677	23
97.344636352372035	23
97.37205573055364	23
97.399470895416115	23
97.426881508884023	23
97.454287248625036	23
97.481687798191359	23
97.509082872560256	23
97.536472197456163	23
97.563855469891735	23
97.591232412785189	23
97.618602733936555	23
97.645966135564848	23
97.673322333374458	23
97.700671036391299	23
97.728011964818677	23
97.755344846006267	23
97.782669422976568	23
97.809985452593736	23
97.837292706231906	23
97.864590989345118	23
97.891880148300373	23
97.919160015798127	23
97.946430450472249	23
97.97369132756441	23
98.000942545846257	23
98.028184015619416	23
98.055415687344876	23
98.082637521869174	23
98.109849476630075	23
98.137051528845447	23
98.164243675950402	23
98.191425895965907	23
98.218598174713406	23
98.245760524137012	23
98.272912945463872	23
98.300055461066478	23
98.327188091355552	23
98.354310863301677	23
98.381423825550584	23
98.408527033643324	23
98.435620569650141	23
98.462704530205087	23
98.489779030939246	23
98.516844213045459	23
98.543900239721225	23
98.570947289366941	23
98.597985540173227	23
98.625015182254486	23
98.652036426302928	23
98.679049501130194	23
98.706054631295601	23
98.733052055277312	23
98.760042015071832	23
98.787024762769363	23
98.814000548318248	23
98.840969615316297	23
98.86793220419878	23
98.894888560913685	23
98.921838937348042	23
98.948783596898537	23
98.975722797338648	23
99.002656798248154	23
99.029585897397908	23
99.056510391127276	23
99.083430585895869	23
99.110346781824418	23
99.1372592976536	23
99.164168469803485	23
99.19107464036091	23
99.217978157971658	23
99.24487937880555	23
99.271778666462851	23
99.298676390014251	23
99.325572889027342	23
99.352468516697769	23
99.379363624765716	23
99.406258549774947	23
99.433153631357001	23
99.460049189952585	23
99.486945539646882	23
99.513843004754548	23
99.540741905371419	23
99.567642554340054	23
99.594545253937696	23
99.621450311032177	23
99.648358053887591	23
99.675268800568404	23
99.702182868337147	23
99.729100582676821	23
99.756022266721345	23
99.782948241934562	23
99.80987883533902	23
99.836814364543272	23
99.86375514763877	23
99.890701494646208	23
99.917653688520645	23
99.944612007040206	23
99.971576723603121	23
99.998548112016223	23
