0.024	13
0.0528	12
0.0862606	5
0.125128	5
0.169257	5
0.218869	5
0.273171	5
0.325704	5
0.373669	5
0.40383	5
0.421777	5
0.435733	5
0.447997	5
0.459781	5
0.471779	5
0.484391	5
0.498056	5
0.513239	5
0.53014	5
0.548964	5
0.569917	5
0.593208	5
0.617996	5
0.643921	5
0.670632	5
0.697639	5
0.724866	5
0.752173	5
0.779356	5
0.806193	5
0.832471	5
0.858024	5
0.882707	5
0.906486	5
0.929324	5
0.951237	5
0.9723	5
0.99258	5
1.01213	5
1.031012	5
1.049116	5
1.066489	5
1.083235	5
1.099324	5
1.1147476	5
1.1296628	5
1.1441652	5
1.1583116	5
1.1721651	5
1.18577095	5
1.19916686	5
1.21238437	5
1.22545795	5
1.2384245	5
1.251323079	5
1.264184157	5
1.276954227	5
1.289646455	5
1.302319089	5
1.3150184784	5
1.3277688522	5
1.3406250765	5
1.3536323327	5
1.3668211867	5
1.38018842719	5
1.39374930858	5
1.40751047587	5
1.42147874312	5
1.43566557108	5
1.450087092032	5
1.464770553767	5
1.479744775282	5
1.494804779353	5
1.509960598672	5
1.525252171863	5
1.540740256193	5
1.556484138618	5
1.572533173406	5
1.588929520354	5
1.6057025946898	5
1.6228757539971	5
1.6404723602838	5
1.6582284377412	5
1.6760599125884	5
1.69396678150646	5
1.71197844348881	5
1.73015220394345	5
1.74855083297174	5
1.76724126318455	5
1.786283989999224	5
1.805728845773882	5
1.825610146017024	5
1.845946762825949	5
1.866747471822035	5
1.887804164862	5
1.90893825839988	5
1.930173477225854	5
1.95154080643381	5
1.973041224778299	5
1.9946945750489	5
2.01657197233988	5
2.038752344450196	5
2.061319321153867	5
2.084355442231686	5
2.107938234691545	5
2.132126866833351	5
2.156966120069324	4
2.182491912963918	4
2.208468389450884	4
2.234687640255339	4
2.261224182982648	4
2.288075861960236	4
2.315329088969746	4
2.343066154301482	4
2.371368617282477	4
2.40032201796344	4
2.430029889719319	4
2.460615847352175	4
2.49202415133385	4
2.523807474619791	4
2.556056493732907	4
2.588910513767553	4
2.62250912508284	4
2.656992156801682	4
2.692445327330892	4
2.727742219237327	4
2.760786599840222	4
2.791138963450424	4
2.81848263002794	4
2.84287605998398	4
2.864599264686932	4
2.884082748559093	4
2.90181308517528	4
2.918260873850179	4
2.933846318055475	4
2.948929599914182	4
2.963813415109446	4
2.978729651555876	4
2.993790141762874	4
3.009213599345333	4
3.025184781407873	4
3.041874230311283	4
3.059434161958773	4
3.07800041848503	4
3.097685581296058	4
3.118571794981006	4
3.140694448567968	4
3.164042036078223	4
3.18851422155125	4
3.213929040292155	4
3.239895037480379	4
3.266120244795836	4
3.292280207331182	4
3.318085690083423	4
3.343288891521302	4
3.36770856560489	4
3.391236838577335	4
3.413843766839656	4
3.435568013842022	4
3.456502663372534	4
3.476775175959899	4
3.496544727877482	4
3.515966536132792	4
3.535197461023272	4
3.554387413320803	4
3.573620804063784	4
3.593016589414337	4
3.612702310566483	4
3.632793112529264	4
3.653389018213411	4
3.674570577090301	4
3.696400366613738	4
3.718911550114679	4
3.742108313394213	4
3.765957419917489	4
3.790389749328209	4
3.815251309341341	4
3.840353395162253	4
3.865544193776935	4
3.890653948388115	4
3.91554001274455	4
3.940085711966033	4
3.964207289092744	4
3.987856162841954	4
4.011017847752195	4
4.033708304867372	4
4.055971012408938	4
4.077870417726108	4
4.099494587998985	4
4.120933305846577	4
4.142275768822717	4
4.163612196746429	4
4.185002895029684	4
4.206516109407894	4
4.228230185397399	4
4.250213269712733	4
4.272522794348176	4
4.295200552478065	4
4.318271090030204	4
4.341739735814259	4
4.365590713260671	4
4.38978731275523	4
4.414256613355273	4
4.438892342388546	4
4.4636108565287	4
4.488327139750186	4
4.512948245339556	4
4.537405524577116	4
4.561646577069039	4
4.585638828298713	4
4.609368624260462	4
4.632840597751674	4
4.656075513583779	4
4.679118139896093	4
4.702011922575791	4
4.724806901604095	4
4.747556632391647	4
4.770319228795503	4
4.79312651429649	4
4.816027290948484	4
4.839068960138699	4
4.862293048836293	4
4.885731817785807	4
4.909406550689993	4
4.933326272168315	4
4.957481668191022	4
4.981857542610211	4
5.006424570306538	4
5.031143163084813	4
5.055944710928427	4
5.080779784351863	4
5.105600275340533	4
5.130362493085409	4
5.15501731576405	4
5.179539809561893	4
5.20391737671788	4
5.228161812716451	4
5.252281796386073	4
5.276294326556175	4
5.300223221434065	4
5.324098108150886	4
5.347951382455641	4
5.371800814719532	4
5.395679520083842	4
5.419622214909673	4
5.44366123269463	4
5.467823621344987	4
5.492130408481945	4
5.51659547568939	4
5.541224328754632	4
5.566014095447168	4
5.590953238255225	4
5.61602223575251	4
5.64119481824198	4
5.66643985566771	4
5.691723340230708	4
5.717002748731091	4
5.742245660339163	4
5.767428697838591	4
5.792535664249983	4
5.817558175575532	4
5.842495729428578	4
5.86735540500276	4
5.892150300693446	4
5.916887527818666	4
5.941589804883448	4
5.966283514835508	4
5.990996912774185	4
6.015758249092054	4
6.040594006044579	4
6.065527258038079	4
6.090576269284849	4
6.115753500303112	4
6.141064632125134	4
6.166507950098613	4
6.192074484546481	4
6.217748624555856	4
6.243509004542881	4
6.269330172916816	4
6.295184480239898	4
6.321044143865776	4
6.346883218711227	4
6.372679635802378	4
6.398416843353643	4
6.424085023397097	4
6.449681531233772	4
6.47521093827334	4
6.500684325690592	4
6.526118236901255	4
6.551533344981639	4
6.576952942739046	4
6.602401345440541	4
6.62790212485369	4
6.653476592822561	4
6.679142269145901	4
6.70491169304609	4
6.730791523010589	4
6.756782046149573	4
6.78287698719398	4
6.809063911574141	4
6.835325219014362	4
6.86163916653596	4
6.887981591829786	4
6.914327799648025	4
6.940654533303656	4
6.966941684952282	4
6.993147830477185	4
7.019294134692077	4
7.045378778954884	4
7.071406497934503	4
7.097385960284647	4
7.12333132787296	4
7.149260116766745	4
7.175192075768952	4
7.201147468684429	4
7.227145611476125	4
7.253203408975939	4
7.279334292106566	4
7.305547104854999	4
7.331845393494372	4
7.358227143712507	4
7.384685042571246	4
7.411206754684923	4
7.43777588575186	4
7.464373176644446	4
7.490978033593032	4
7.5175701513089	4
7.544131107476906	4
7.57061879094508	4
7.597054463007002	4
7.623434120467059	4
7.649759226845336	4
7.67603462353546	4
7.702270327813308	4
7.728479614978095	4
7.754678351049152	4
7.780883304859853	4
7.807111173160189	4
7.833377085521602	4
7.85969367930012	4
7.886070080294846	4
7.912511222288931	4
7.939017446584702	4
7.965584662217821	4
7.992204412544306	4
8.018864579904994	4
8.045550307298816	4
8.072245145058123	4
8.09893234979859	4
8.125596275251119	4
8.15222356271723	4
8.178804207537443	4
8.205332313285506	4
8.231806405610234	4
8.258229459825449	4
8.28460874553747	4
8.310954983464285	4
8.337281512199992	4
8.363603256726377	4
8.389935535223403	4
8.416292958708066	4
8.442688377771331	4
8.469131942932666	4
8.495630284613375	4
8.522186075940358	4
8.54879791761917	4
8.575460347328832	4
8.602164262888438	4
8.62889759492583	4
8.655646254815087	4
8.682395270690565	4
8.709129997712587	4
8.735837251110148	4
8.762506419260401	4
8.789130230773244	4
8.815705303266974	4
8.842232294005605	4
8.868715842063377	4
8.895164177753399	4
8.92158832024348	4
8.948001231699079	4
8.974416777984624	4
9.00084873079866	4
9.027309738250093	4
9.053810361565425	4
9.080358348867145	4
9.106957994711276	4
9.133609899932063	4
9.16031095467206	4
9.187054481414558	4
9.213830771128128	4
9.240627861784395	4
9.2674324378586	4
9.294230964582962	4
9.321010742577831	4
9.347760944447369	4
9.37447346713077	4
9.401143541523989	4
9.427770031271123	4
9.454355498971521	4
9.480905990542356	4
9.507430454277074	4
9.533940017540461	4
9.560447084351392	4
9.586964391019558	4
9.613504083063139	4
9.64007677804355	4
9.666690794178743	4
9.693351513775369	4
9.720060980060007	4
9.746817837643363	4
9.773617361831743	4
9.800451818686261	4
9.827311072662358	4
9.854183390201477	4
9.881056383424356	4
9.907918006974565	4
9.934757557285833	4
9.961566484923168	4
9.988339109003947	4
10.01507299457167	4
10.04176908956924	4
10.06843165011422	4
10.09506789393768	4
10.121687278284762	4
10.148300824962892	4
10.174920218430922	4
10.201556917928965	4
10.22822130930045	4
10.254921924560684	4
10.281664774359621	4
10.308452915828727	4
10.335286260985583	4
10.362161568805902	4
10.389072670788648	4
10.416010949235986	4
10.442966025665546	4
10.469926589433426	4
10.496881315427336	4
10.523819771934644	4
10.550733277346005	4
10.577615563647365	4
10.604463282714331	4
10.631276199051173	4
10.658057159031491	4
10.684811884256403	4
10.711548447972888	4
10.738276599408453	4
10.765006980473432	4
10.791750315192468	4
10.818516572106825	4
10.845314228942323	4
10.872149590405515	4
10.899026321539518	4
10.925945212219329	4
10.952904099597998	4
10.979897988977729	4
11.00691947672272	4
11.033959307276819	4
11.061007113766287	4
11.088052270029273	4
11.115084744132853	4
11.142095896726619	4
11.169079176132504	4
11.196030625620098	4
11.222949153979583	4
11.249836578411394	4
11.276697428327951	4
11.303538599877555	4
11.330368744083199	4
11.357197553771293	4
11.384034996525461	4
11.410890552953985	4
11.437772475434626	4
11.464687129921122	4
11.4916385267906	4
11.518628074565822	4
11.545654381399153	4
11.572713388134771	4
11.599798656337384	4
11.626901895403412	4
11.654013612321336	4
11.681123871745593	4
11.708223102187183	4
11.73530286042441	4
11.762356504862801	4
11.789379719288103	4
11.816370821816445	4
11.843330862242938	4
11.870263477552056	4
11.897174564763402	4
11.924071831825366	4
11.950964121751166	4
11.977860707732205	4
12.004770554541025	4
12.03170163513405	4
12.058660282308161	4
12.085650739632747	4
12.112674845173192	4
12.139731858545332	4
12.166818502999709	4
12.193929219366533	4
12.221056595106296	4
12.248191960568194	4
12.275326089954282	4
12.302449945849794	4
12.329555392571992	4
12.356635860558596	4
12.383686845304672	4
12.410706254088799	4
12.437694539318997	4
12.464654613222143	4
12.491591560910736	4
12.51851223515281	4
12.545424722267963	4
12.572337625191825	4
12.59925943424131	4
12.626197824608166	4
12.653159066035144	4
12.680147568840995	4
12.707165552292629	4
12.734212849355607	4
12.76128691988969	4
12.78838303258574	4
12.815494653983556	4
12.842613972579805	4
12.869732507473147	4
12.896841812214479	4
12.923934148232147	4
12.951003104777081	4
12.978044102318281	4
13.005054742573837	4
13.032034970173319	4
13.058987045811474	4
13.085915321539735	4
13.11282587961789	4
13.1397260774604	4
13.166623899950059	4
13.193527347062885	4
13.22044380564502	4
13.24737947349489	4
13.274338899835735	4
13.301324674313172	4
13.328337185612179	4
13.355374611644979	4
13.38243306028116	4
13.409506876278419	4
13.436589101911251	4
13.463672036037051	4
13.490747857563337	4
13.517809259026171	4
13.544850035201899	4
13.571865572696085	4
13.598853219771264	4
13.625812472064295	4
13.652744988442052	4
13.67965441437576	4
13.70654609199025	4
13.73342666089634	4
13.76030347958886	4
13.787184065302833	4
13.8140755093886	4
13.840983918040401	4
13.86791395550356	4
13.894868531923796	4
13.921848571219266	4
13.94885293763639	4
13.975878534334331	4
14.00292054979599	4
14.029972859866092	4
14.057028517251235	4
14.084080318119387	4
14.111121386987062	4
14.138145746086344	4
14.165148783948737	4
14.192127620431902	4
14.219081332804535	4
14.246011009053582	4
14.272919631129003	4
14.299811832606421	4
14.326693554814073	4
14.353571541079269	4
14.380452811559838	4
14.407344128646821	4
14.434251473804116	4
14.46117958996772	4
14.488131637858611	4
14.515108990883359	4
14.542111103031871	4
14.569135569370342	4
14.596178323492047	4
14.623233979530916	4
14.650296266281247	4
14.677358537985402	4
14.70441431437451	4
14.731457818014254	4
14.758484441154879	4
14.785491114384259	4
14.812476542636112	4
14.839441310479204	4
14.866387807811725	4
14.893320015832755	4
14.920243206432026	4
14.947163550334119	4
14.974087578013355	4
15.001021708185279	4
15.027971727298974	4
15.05494235323691	4
15.08193691670977	4
15.10895709477461	4
15.136002778199078	4
15.163072096134494	4
15.190161568192659	4
15.217266395200097	4
15.244380846402885	4
15.2714987250035	4
15.298613877546439	4
15.325720705705944	4
15.352814615094069	4
15.37989238417552	4
15.406952419334736	4
15.433994875373173	4
15.461021628220644	4
15.48803611807485	4
15.515043061551797	4
15.542048073906439	4
15.569057221482785	4
15.59607654777127	4
15.623111605240561	4
15.650167026540601	4
15.677246167086295	4
15.704350847698263	4
15.731481211756584	4
15.758635721359243	4
15.785811279869083	4
15.813003484499927	4
15.840206979342419	4
15.867415892985926	4
15.894624316426974	4
15.92182678398852	4
15.949018714296187	4
15.976196783790085	4
16.003359181592437	4
16.03050574101497	4
16.057637944867874	4
16.084758786460718	4
16.111872511209622	4
16.138984275249395	4
16.166099725780274	4
16.193224542058726	4
16.22036399455153	4
16.247522523970336	4
16.274703395855756	4
16.301908430690048	4
16.32913786123796	4
16.356390306811811	4
16.383662886301714	4
16.410951435767608	4
16.438250849386552	4
16.465555477699073	4
16.492859592283349	4
16.520157848180677	4
16.547445709596904	4
16.574719803458532	4
16.60197818929246	4
16.629220484796548	4
16.656447886808973	4
16.683663049299099	4
16.710869867306602	4
16.738073130787125	4
16.765278086614984	4
16.79249006211073	4
16.81971401093222	4
16.846954132678118	4
16.87421354673106	4
16.901494008380215	4
16.928795753665444	4
16.956117491599059	4
16.983456471609117	4
17.010808722040135	4
17.038169337956358	4
17.065532883610114	4
17.092893824868501	4
17.120246971152284	4
17.147587880972694	4
17.174913215179739	4
17.202220984525596	4
17.229510692352974	4
17.256783366929252	4
17.284041431350232	4
17.311288465456766	4
17.338528923057336	4
17.365767739951657	4
17.393009942450838	4
17.420260230621604	4
17.447522626096898	4
17.47480013711035	4
17.502094453147855	4
17.529405844537841	4
17.55673311253819	4
17.584073684977287	4
17.611423810930432	4
17.638778849868391	4
17.666133636375182	4
17.693482898672471	4
17.720821680415405	4
17.748145716052409	4
17.775451787954573	4
17.802737949084516	4
17.830003668625128	4
17.857249848919256	4
17.884478731988182	4
17.911693693807852	4
17.93889895722889	4
17.966099240356783	4
17.993299367192662	4
18.02050387754683	4
18.047716658259326	4
18.074940630339658	4
18.102177515200772	4
18.12942769591513	4
18.156690174987798	4
18.183962650674765	4
18.211241699677835	4
18.238523051209455	4
18.265801915989353	4
18.293073390577867	4
18.320332851354934	4
18.347576310523632	4
18.374800726726402	4
18.402004251405401	4
18.429186365281392	4
18.456347899529622	4
18.483490947796874	4
18.510618700432211	4
18.537735165066561	4
18.564844841052846	4
18.591952363779999	4
18.619062140825651	4
18.646178004284724	4
18.673302910606637	4
18.700438705797975	4
18.72758600057902	4
18.754744120117934	4
18.781911164476	4
18.809084156897242	4
18.836259304281345	4
18.863432296539578	4
18.890598662739016	4
18.917754144803233	4
18.944895034579968	4
18.97201847083651	4
18.999122680290963	4
19.026207109604094	4
19.05327246153994	4
19.080320639952177	4
19.107354585522231	4
19.134378061998262	4
19.161395338287917	4
19.188410874120706	4
19.215428956937728	4
19.242453386973192	4
19.269487200011817	4
19.296532437492782	4
19.323589990351767	4
19.350659552783704	4
19.37773966019747	4
19.404827818284222	4
19.431920721013384	4
19.459014521899945	4
19.486105161336869	4
19.513188706916619	4
19.540261694425521	4
19.567321372599437	4
19.594365976103138	4
19.621394846139637	4
19.648408512808174	4
19.675408626230954	4
19.702397838597356	4
19.729379602306324	4
19.756357911589426	4
19.783336988818267	4
19.81032096785237	4
19.83731359070104	4
19.864317933174508	4
19.891336175969681	4
19.918369446851582	4
19.945417755532262	4
19.972480014580967	4
19.999554131723443	4
20.026637193646298	4
20.05372572708194	4
20.08081598614184	4
20.10790426749351	4
20.134987221165549	4
20.162062135295852	4
20.189127162458025	4
20.216181478388215	4
20.243225345039768	4
20.270260106738107	4
20.297288081131807	4
20.324312379566717	4
20.351336672866264	4
20.378364906162016	4
20.405401004876911	4
20.432448572599842	4
20.459510616242937	4
20.486589330886353	4
20.513685937197994	4
20.540800596077528	4
20.567932405648378	4
20.595079485528505	4
20.622239139902835	4
20.649408075915147	4
20.676582689391179	4
20.703759357828428	4
20.730934740835341	4
20.758106058051808	4
20.785271316253127	4
20.81242947400473	4
20.839580521689072	4
20.866725483201606	4
20.893866338417002	4
20.921005846507196	4
20.948147334759195	4
20.975294433140231	4
21.002450779191324	4
21.029619734152238	4
21.056804115981194	4
21.084005982764204	4
21.111226459904731	4
21.138465660222742	4
21.165722668252066	4
21.192995608378773	4
21.220281795439643	4
21.24757794888313	4
21.274880449856525	4
21.302185639962129	4
21.329490106354555	4
21.356790955567501	4
21.384086037433246	4
21.41137411041624	4
21.438654931143585	4
21.465929263396589	4
21.493198809655222	4
21.520466009360749	4
21.547733851653962	4
21.575005620278699	4
21.602284617210408	4
21.629573886039136	4
21.656875965250048	4
21.684192680396556	4
21.711524974761733	4
21.738872811886527	4
21.7662351706565	4
21.793610124479624	4
21.820994953867292	4
21.848386375393435	4
21.875780777368746	4
21.903174506805449	4
21.930564148770337	4
21.957946764742154	4
21.985320144730995	4
22.012682923688356	4
22.040034680267048	4
22.067375978734848	4
22.094708267631734	4
22.122033746084558	4
22.149355153564809	4
22.17667554349638	4
22.20399800343057	4
22.231325386157895	4
22.258660071054582	4
22.286003754092636	4
22.313357305721748	4
22.340720684307847	4
22.368092905023524	4
22.39547207117932	4
22.42285555952385	4
22.45024017659426	4
22.477622427156181	4
22.504998767586361	4
22.532365886119571	4
22.55972094372294	4
22.587061800069172	4
22.614387153521722	4
22.64169662923873	4
22.668990783579027	4
22.696271033379908	4
22.723539523041186	4
22.750798932293488	4
22.778052243468974	4
22.805302491792887	4
22.8325524920708	4
22.859804621527068	4
22.887060616236706	4
22.914321420628266	4
22.941587105254833	4
22.968856841045461	4
22.99612897315453	4
23.023401150115589	4
23.050670502493734	4
23.077933860033479	4
23.105188023207823	4
23.132430000581255	4
23.159657251998357	4
23.186867871570417	4
23.214060748686208	4
23.241235643356379	4
23.268393194475255	4
23.295534855457664	4
23.322662783885356	4
23.349779656348375	4
23.37688844477039	4
23.403992191935732	4
23.431093764897863	4
23.45819564115201	4
23.485299719365528	4
23.512407167400557	4
23.539518333934332	4
23.566632737527755	4
23.593749127266342	4
23.620865578906749	4
23.647979666519564	4
23.675088659802238	4
23.702189759234098	4
23.72928032342616	4
23.756358086010131	4
23.783421366741372	4
23.810469192076493	4
23.837501388311686	4
23.864518603448246	4
23.891522267848796	4
23.918514476537915	4
23.945497832767476	4
23.972475252173577	4
23.999449752956448	4
24.026424227278127	4
24.053401238665323	4
24.080382826496727	4
24.107370379301116	4
24.134364552361767	4
24.161365222245884	4
24.188371516675012	4
24.215381905481525	4
24.242394346765668	4
24.269406476472888	4
24.296415804301898	4
24.323419950791777	4
24.350416844402837	4
24.377404897877373	4
24.404383158365295	4
24.431351398020499	4
24.458310134849082	4
24.485260634245208	4
24.512204794904903	4
24.539145024053127	4
24.566084071371762	4
24.593024824765138	4
24.619970104127773	4
24.646922452470591	4
24.673883968934732	4
24.700856158500905	4
24.727839847448628	4
24.754835124792972	4
24.78184135794784	4
24.808857272348359	4
24.835881067489332	4
24.862910579883945	4
24.889943480092644	4
24.916977473097877	4
24.944010499935111	4
24.971040919854836	4
24.998067647193043	4
25.025090271440686	4
25.052109089299975	4
25.079125095952843	4
25.106139914133308	4
25.133155673491455	4
25.160174867153611	4
25.187200153209982	4
25.214234162711968	4
25.241279301756901	4
25.268337577538155	4
25.295410451773513	4
25.32249873800756	4
25.349602544455678	4
25.376721276360708	4
25.403853698158279	4
25.430998043737087	4
25.458152155141569	4
25.485313677126832	4
25.51248024817377	4
25.539649698693093	4
25.566820227399802	4
25.593990556182053	4
25.621160025160155	4
25.648328646546215	4
25.675497113539922	4
25.702666740277699	4
25.729839342016486	4
25.757017094274872	4
25.784202358942188	4
25.811397490911443	4
25.838604645616201	4
25.865825600283092	4
25.893061614742269	4
25.920313322194268	4
25.947580680694788	4
25.97486295684314	4
26.002158777759895	4
26.02946624182038	4
26.056783069446716	4
26.084106761513684	4
26.1114348059746	4
26.138764856023005	4
26.166094925111686	4
26.19342353787513	4
26.220749835601882	4
26.248073614324987	4
26.275395294210401	4
26.3027158963116	4
26.330036926146835	4
26.357360254405894	4
26.38468794149524	4
26.412022042418609	4
26.439364421124971	4
26.466716605780203	4
26.494079622048968	4
26.521453905317365	4
26.548839232342669	4
26.576234724446032	4
26.603638909657811	4
26.631049811649515	4
26.658465080452114	4
26.68588214935933	4
26.713298452163706	4
26.740711589528392	4
26.768119509307752	4
26.795520639645694	4
26.822914010425755	4
26.850299276484805	4
26.877676730275944	4
26.905047263419185	4
26.932412244397003	4
26.959773398183401	4
26.987132629388721	4
27.01449185676913	4
27.041852839723642	4
27.069217002401579	4
27.096585300917386	4
27.123958139048348	4
27.151335330081597	4
27.178716028051404	4
27.206098809051564	4
27.233481765724516	4
27.260862647969713	4
27.288239011415129	4
27.315608407465511	4
27.342968563487464	4
27.37031754347338	4
27.397653883702016	4
27.424976706382417	4
27.452285765558397	4
27.479581432860776	4
27.506864644267502	4
27.534136819325134	4
27.561399729601224	4
27.588655338510932	4
27.615905622502499	4
27.643152414387302	4
27.67039722976396	4
27.69764115569151	4
27.724884744761049	4
27.752127974249341	4
27.779370236792094	4
27.806610382793302	4
27.83384679801943	4
27.861077546016947	4
27.888300529353774	4
27.915513635066887	4
27.942714905423109	4
27.969902705029881	4
27.997075829804128	4
28.024233628916193	4
28.051376031634341	4
28.078503566867337	4
28.105617298161942	4
28.132718752111547	4
28.159809801626661	4
28.186892503702396	4
28.21396893580236	4
28.241041058998299	4
28.268110571359745	4
28.295178778409955	4
28.322246495108953	4
28.349313987866459	4
28.376380990914779	4
28.40344671361024	4
28.430509941559205	4
28.45756913148437	4
28.484622560565636	4
28.511668450555469	4
28.538705165360845	4
28.565731315420074	4
28.592745915269841	4
28.619748462412218	4
28.646738978457652	4
28.67371803667827	4
28.700686734162385	4
28.727646607128246	4
28.754599518240674	4
28.781547547520113	4
28.808492820450702	4
28.835437361118817	4
28.862382980591512	4
28.889331157150181	4
28.916282909285815	4
28.943238762464514	4
28.970198720631178	4
28.997162302958813	4
29.024128575621468	4
29.051096328446516	4
29.078064094584125	4
29.105030326194317	4
29.131993551067808	4
29.158952520104027	4
29.185906299831579	4
29.21285438242478	4
29.239796764221374	4
29.266733923561382	4
29.29366683338197	4
29.320596898953013	4
29.347525851336659	4
29.374455649820071	4
29.401388331776833	4
29.42832588948832	4
29.455270121002911	4
29.48222251093388	4
29.509184146508478	4
29.53615565005893	4
29.563137155864556	4
29.59012831577526	4
29.617128351529889	4
29.644136133761947	4
29.671150294376851	4
29.698169353325419	4
29.725191854927939	4
29.752216503702694	4
29.779242285942249	4
29.806268558923371	4
29.833295129321804	4
29.8603222748314	4
29.887350738438677	4
29.914381673875585	4
29.941416578273824	4
29.968457175689057	4
29.995505294336287	4
30.022562746578291	4
30.049631175713465	4
30.076711948606263	4
30.103806056154774	4
30.13091404462552	4
30.158035983410034	4
30.185171464845197	4
30.212319640604456	4
30.2394793074814	4
30.266649004920101	4
30.293827138856759	4
30.321012109730972	4
30.348202450342288	4
30.375396943566987	4
30.402594718102865	4
30.429795322619306	4
30.456998760614013	4
30.484205480771372	4
30.511416345473627	4
30.538632544749568	4
30.565855509501773	4
30.593086779677012	4
30.620327881009313	4
30.64758018612206	4
30.674844806271977	4
30.702122496390043	4
30.729413570030886	4
30.756717883097533	4
30.784034817099485	4
30.811363327334895	4
30.838702011865248	4
30.866049208167528	4
30.893403134313996	4
30.920761992015539	4
30.948124104316072	4
30.975488035354871	4
31.002852678697963	4
31.030217325277359	4
31.057581717919167	4
31.084946023646214	4
31.112310826602574	4
31.139677036208241	4
31.167045811377346	4
31.194418430268598	4
31.221796164254052	4
31.249180144269499	4
31.276571256339835	4
31.30397004256757	4
31.331376651924892	4
31.358790766077217	4
31.386211627846127	4
31.413638039979499	4
31.441068501990003	4
31.468501262625526	4
31.495934443158269	4
31.523366180576364	4
31.550794737141572	4
31.578218614735707	4
31.605636621607889	4
31.633047992661623	4
31.660452393561584	4
31.687849933139379	4
31.71524110987173	4
31.74262675166997	4
31.770007924799412	4
31.797385812633777	4
31.824761615644206	4
31.852136406811209	4
31.879511029686739	4
31.906886029433227	4
31.934261585037305	4
31.961637407891629	4
31.989012806949901	4
32.016386685092733	4
32.043757639083665	4
32.071124026811354	4
32.098484105571835	4
32.12583613659109	4
32.153178513619316	4
32.180509866640101	4
32.207829191271131	4
32.235135870277666	4
32.262429716193672	4
32.289710964938358	4
32.316980246157925	4
32.344238514689586	4
32.371486967492622	4
32.398726917635166	4
32.425959693334825	4
32.453186528278458	4
32.480408447783212	4
32.50762617641287	4
32.534840077508463	4
32.562050123825017	4
32.589255891209561	4
32.616456604315829	4
32.643651173844589	4
32.670838290806905	4
32.698016560705184	4
32.725184589355841	4
32.752341099814345	4
32.779485060387564	4
32.80661572524707	4
32.833732725817086	4
32.860836087169844	4
32.887926252729471	4
32.915004034174174	4
32.942070542595694	4
32.96912711974408	4
32.99617524584	4
33.023216419035407	4
33.050252057584174	4
33.077283398625603	4
33.104311408105595	4
33.131336716800107	4
33.158359598411472	4
33.185379953252706	4
33.212397345939813	4
33.2394110474375	4
33.266420106738479	4
33.293423458942605	4
33.320420023574748	4
33.347408796958675	4
33.374388969121121	4
33.401359989834575	4
33.428321651142788	4
33.455274091706364	4
33.482217818324656	4
33.509153699824658	4
33.536082899115605	4
33.563006801355833	4
33.589926940274083	4
33.616844885453531	4
33.643762127421056	4
33.670680020413826	4
33.697599683934477	4
33.72452192736057	4
33.751447233162942	4
33.778375740777548	4
33.805307222460819	4
33.832241175181807	4
33.85917687017907	4
33.88611343571705	4
33.913049936073264	4
33.939985502135215	4
33.966919397329576	4
33.993851114346811	4
34.020780419843227	4
34.047707415052592	4
34.074632550960615	4
34.10155658972571	4
34.128480584603807	4
34.155405817707233	4
34.182333715641924	4
34.20926576984202	4
34.236203424050814	4
34.263147985363616	4
34.290100553549742	4
34.317061950544186	4
34.34403268795181	4
34.371012939764633	4
34.39800254643918	4
34.425001050996322	4
34.452007752601169	4
34.479021787638708	4
34.50604221300339	4
34.533068101508164	4
34.560098625767374	4
34.587133143490348	4
34.614171274844068	4
34.641212936181546	4
34.668258355822225	4
34.695308075271548	4
34.722362919150811	4
34.749423942365375	4
34.776492354012859	4
34.803569425049865	4
34.830656404170085	4
34.857754425404764	4
34.884864428515314	4
34.911987087241918	4
34.939122759770861	4
34.966271475163701	4
34.993432937050201	4
35.020606540936249	4
35.047791436062056	4
35.074986595691776	4
35.102190890201925	4
35.129403189134308	4
35.15662244831892	4
35.183847790709336	4
35.211078583979813	4
35.238314466840777	4
35.265555390607837	4
35.292801605480371	4
35.320053638734208	4
35.347312240900621	4
35.374578319998207	4
35.40185284566126	4
35.42913677497701	4
35.456430958964916	4
35.483736070655468	4
35.511052531752249	4
35.538380433288147	4
35.565719542559854	4
35.593069299756756	4
35.620428855728292	4
35.647797108421052	4
35.675172785184429	4
35.702554524385206	4
35.729940959742237	4
35.757330813587281	4
35.784722966400366	4
35.812116546716254	4
35.839510955042272	4
35.866905901989426	4
35.894301416626881	4
35.921697796707761	4
35.949095562773955	4
35.976495385476099	4
36.003898010273339	4
36.031304184838618	4
36.058714547034739	4
36.086129549369382	4
36.113549381596023	4
36.140973995553168	4
36.168403009972764	4
36.195835742889201	4
36.223271245933525	4
36.250708349759712	4
36.278145715771849	4
36.305581904852602	4
36.333015511143692	4
36.360445209307628	4
36.387869854237145	4
36.415288536578039	4
36.442700637111635	4
36.47010583930301	4
36.497504128836191	4
36.524895765980602	4
36.55228124526564	4
36.579661220993451	4
36.607036433173128	4
36.634407622737406	4
36.66177547078388	4
36.689140459160683	4
36.716502849787737	4
36.743862637783359	4
36.771219523173549	4
36.798572913898767	4
36.825921963564426	4
36.853265615079593	4
36.880602676000372	4
36.907931882761496	4
36.93525201287747	4
36.962561962096103	4
36.989860792442606	4
37.017147803839819	4
37.044422577646863	4
37.071684995009001	4
37.098935238651968	4
37.126173762767216	4
37.153401264189398	4
37.180618590054983	4
37.207826674980588	4
37.235026456184237	4
37.262218796202795	4
37.289404405291187	4
37.316583792253219	4
37.343757217511609	4
37.370924654902865	4
37.398085829060513	4
37.425240223872613	4
37.452387125387901	4
37.479525698673918	4
37.506655036569889	4
37.533774251015537	4
37.560882544937883	4
37.587979277989199	4
37.615064041623256	4
37.642136686232625	4
37.669197339542087	4
37.696246390826289	4
37.723284512712624	4
37.750312571610657	4
37.777331592101191	4
37.804342691358976	4
37.831347001114615	4
37.85834558911877	4
37.885339397147469	4
37.912329172468262	4
37.93931544519824	4
37.966298488386471	4
37.993278322522521	4
38.020254738945304	4
38.047227337607367	4
38.074195567112866	4
38.101158808776269	4
38.128116440179681	4
38.155067905521733	4
38.182012763650434	4
38.208950759002654	4
38.235881879665548	4
38.26280636022927	4
38.28972468509911	4
38.316637584509081	4
38.343545983540558	4
38.370450962581202	4
38.39735368692196	4
38.424255353216907	4
38.451157112957084	4
38.478060019829172	4
38.504964923834301	4
38.531872493576337	4
38.558783151342013	4
38.585697077319189	4
38.612614224822515	4
38.639534359932526	4
38.666457072199051	4
38.693381857687974	4
38.720308185832167	4
38.747235563710433	4
38.774163599307805	4
38.801092047978962	4
38.828020857858078	4
38.854950205559987	4
38.881880499167067	4
38.908812365692818	4
38.935746630957212	4
38.962684271965735	4
38.989626353415858	4
39.016573964051716	4
39.043528165551571	4
39.070489937060131	4
39.097460104638536	4
39.124439295040787	4
39.151427908037071	4
39.178426108329084	4
39.20543382698721	4
39.232450786462792	4
39.259476541203455	4
39.286510529002463	4
39.313552131259733	4
39.340600748996245	4
39.367655848756314	4
39.394717025761558	4
39.421784050746382	4
39.448856895836371	4
39.475935759879142	4
39.503021048275478	4
39.530113356687352	4
39.557213426478754	4
39.584322097913102	4
39.611440249090009	4
39.638568727223266	4
39.665708285229812	4
39.692859541915524	4
39.720022918801433	4
39.747198617225401	4
39.774386607799372	4
39.801586617924649	4
39.828798166609225	4
39.856020596167617	4
39.883253130418545	4
39.910494929387085	4
39.937745149073393	4
39.965003006591331	4
39.992267841624503	4
40.019539149432056	4
40.046816624656707	4
40.074100173590075	4
40.101389904063346	4
40.128686105774278	4
40.15598924098353	4
40.183299873746876	4
40.210618572148107	4
40.237945884629816	4
40.265282249865358	4
40.292627982839363	4
40.319983210982514	4
40.34734784690616	4
40.37472157548428	4
40.402103862128286	4
40.429493967882749	4
40.456890995484407	4
40.484293925713068	4
40.511701693588165	4
40.539113235388555	4
40.566527551209788	4
40.593943782406761	4
40.621361224978571	4
40.648779382890943	4
40.676197958294765	4
40.703616857675222	4
40.731036166765996	4
40.758456123237679	4
40.785877044156358	4
40.813299309340067	4
40.84072330371702	4
40.868149312258332	4
40.895577504187152	4
40.923007881394859	4
40.950440248077172	4
40.977874184755493	4
41.005309061529708	4
41.032744083484495	4
41.060178293921474	4
41.087610637843127	4
41.11504001648386	4
41.142465363593885	4
41.169885690209298	4
41.197300131481001	4
41.224707996226499	4
41.252108795670608	4
41.279502261414635	4
41.306888341041869	4
41.334267172378347	4
41.361639036175397	4
41.389004318377509	4
41.416363444961	4
41.443716833627924	4
41.47106483328303	4
41.498407679753392	4
41.525745446511763	4
41.553078032721636	4
41.580405147283784	4
41.607726314431446	4
41.63504089895828	4
41.662348169033237	4
41.689647295068703	4
41.71693741940242	4
41.744217705623605	4
41.771487404469248	4
41.798745897717566	4
41.825992748599433	4
41.853227734900798	4
41.880450831936407	4
41.907662214308402	4
41.93486224999716	4
41.962051446828234	4
41.989230410606318	4
42.01639979626939	4
42.043560272249138	4
42.070712429066184	4
42.097856772745423	4
42.124993657478036	4
42.152123279914008	4
42.179245666976527	4
42.206360666613087	4
42.233467986785854	4
42.26056720834206	4
42.287657827429115	4
42.314739321844634	4
42.341811199105258	4
42.368873025812306	4
42.395924474508725	4
42.422965386296582	4
42.449995776541293	4
42.477015848142521	4
42.504025995514851	4
42.531026780672839	4
42.558018913517877	4
42.585003197763804	4
42.611980490595514	4
42.638951652718646	4
42.665917493666875	4
42.692878729716213	4
42.719835955864752	4
42.746789617108618	4
42.773739989247879	4
42.80068718495626	4
42.827631173972449	4
42.854571802100409	4
42.881508815261213	4
42.908441910328833	4
42.935370791853153	4
42.962295215127583	4
42.989215039275855	4
43.016130238326689	4
43.04304093909316	4
43.069947443683112	4
43.096850221403521	4
43.123749886237505	4
43.150647197913131	4
43.177543015676001	4
43.204438231266892	4
43.231333758789802	4
43.258230470699537	4
43.285129153152802	4
43.312030488558648	4
43.338935031921075	4
43.365843151236454	4
43.392755051843743	4
43.419670797645821	4
43.446590318222036	4
43.473513444538455	4
43.500439944565571	4
43.527369564955343	4
43.554302075481438	4
43.581237313183202	4
43.608175223683588	4
43.635115880379402	4
43.662059510485371	4
43.689006484245077	4
43.715957302290647	4
43.742912600779597	4
43.769873117033221	4
43.796839649236389	4
43.823813002988807	4
43.850793954844214	4
43.877783208619547	4
43.90478135885914	4
43.931788857081202	4
43.958805999443555	4
43.985832916667462	4
44.012869578204437	4
44.039915822349613	4
44.066971366565362	4
44.0940358534287	4
44.121108892094249	4
44.148190099141566	4
44.175279151598019	4
44.202375805516247	4
44.229479938009469	4
44.256591556856051	4
44.283710812368298	4
44.31083798808011	4
44.337973483095816	4
44.365117781966148	4
44.392271434920076	4
44.419435000804029	4
44.446609012277044	4
44.473793930138683	4
44.500990101808668	4
44.528197742040746	4
44.555416901955375	4
44.582647477770699	4
44.60988920554351	4
44.637141676919768	4
44.664404364381838	4
44.691676664077093	4
44.718957924411995	4
44.746247500368568	4
44.773544796239321	4
44.800849288559938	4
44.828160565542348	4
44.855478369465622	4
44.882802580370736	4
44.910133178984445	4
44.937470260037287	4
44.96481399169393	4
44.992164610564899	4
45.019522363658652	4
45.046887476227852	4
45.074260106157347	4
45.101640310838022	4
45.129028024978474	4
45.156423033621891	4
45.183824976329262	4
45.211233341219483	4
45.23864749256343	4
45.26606668891182	4
45.293490116854507	4
45.320916940162824	4
45.348346328909663	4
45.375777498950328	4
45.403209750030214	4
45.430642489092001	4
45.458075239937855	4
45.48550766824161	4
45.512939604486874	4
45.540370990044217	4
45.567801851241562	4
45.595232292602255	4
45.622662437018761	4
45.650092386421122	4
45.677522181750092	4
45.704951783814387	4
45.732381048234721	4
45.75980969110276	4
45.787237290140276	4
45.814663293252501	4
45.842087050490221	4
45.869507818602251	4
45.896924792499298	4
45.924337154332534	4
45.951744103704975	4
45.979144919913395	4
46.0065389824167	4
46.033925766074709	4
46.061304881968802	4
46.088676088453539	4
46.116039266868789	4
46.143394427098471	4
46.170741669689747	4
46.198081169909656	4
46.225413129821085	4
46.252737754465336	4
46.280055210352074	4
46.307365594629431	4
46.334668918608912	4
46.36196510819952	4
46.389253952818613	4
46.416535127925975	4
46.44380820287423	4
46.471072683288149	4
46.49832802041113	4
46.525573668126633	4
46.552809124639303	4
46.580033930750133	4
46.607247717117978	4
46.634450247293785	4
46.661641401922289	4
46.688821188961974	4
46.715989757921129	4
46.743147388718242	4
46.770294438652471	4
46.79743135634871	4
46.824558607458883	4
46.851676669500158	4
46.878785992423815	4
46.905886950506748	4
46.932979858228791	4
46.960064920621619	4
46.987142230055547	4
47.014211783515663	4
47.041273490236534	4
47.068327178663637	4
47.095372612185955	4
47.122409552288559	4
47.149437776049488	4
47.176457108126215	4
47.203467451174774	4
47.230468815293854	4
47.257461321988771	4
47.284445222355309	4
47.311420882933739	4
47.338388770506114	4
47.365349450647606	4
47.39230354321564	4
47.419251718571864	4
47.446194648109326	4
47.473132965928748	4
47.500067264667045	4
47.526998066934226	4
47.553925792698479	4
47.580850750353711	4
47.607773135016167	4
47.63469305425113	4
47.66161054036877	4
47.688525571502183	4
47.715438090245073	4
47.742348041414594	4
47.769255403585603	4
47.796160214154803	4
47.823062563694336	4
47.849962682278424	4
47.8768608770662	4
47.90375756579536	4
47.930653266242686	4
47.957548581687234	4
47.98444416423591	4
48.011340719207027	4
48.038238953014599	4
48.06513954771679	4
48.092043119984908	4
48.118950223049431	4
48.145861332324401	4
48.172776795770332	4
48.199696867907974	4
48.226621698629756	4
48.253551349909117	4
48.280485811815709	4
48.307425036909656	4
48.334368955934181	4
48.36131751618921	4
48.388270698155551	4
48.415228526938812	4
48.442191125736827	4
48.469158718378551	4
48.496131619722505	4
48.523110229554796	4
48.550095027999184	4
48.577086552032412	4
48.604085372080149	4
48.63109206064901	4
48.658107167367312	4
48.685131188977586	4
48.712164545969465	4
48.73920757106977	4
48.766260484557797	4
48.793323400205352	4
48.820396323519816	4
48.84747917097976	4
48.874571785692211	4
48.901673950932604	4
48.928785426526403	4
48.955905973838277	4
48.983035379107079	4
49.010173473018341	4
49.037320156911107	4
49.064475411695987	4
49.091639307565281	4
49.118811998420149	4
49.145993706691222	4
49.173184703558803	4
49.200385292308312	4
49.227595775886876	4
49.254816434340853	4
49.282047499698528	4
49.309289135378258	4
49.336541402573395	4
49.363804264301329	4
49.391077568305931	4
49.41836105452267	4
49.445654372611926	4
49.472957094632605	4
49.500268723815665	4
49.527588754530932	4
49.554916688929616	4
49.582252037620968	4
49.609594347474079	4
49.636943216458803	4
49.664298319488346	4
49.691659426930833	4
49.719026387280927	4
49.746399116288053	4
49.773777588673333	4
49.801161812700862	4
49.828551812844495	4
49.855947595250313	4
49.883349129822086	4
49.910756323426895	4
49.938168991408858	4
49.965586874105348	4
49.993009606303552	4
50.020436725297138	4
50.047867697128808	4
50.075301897756063	4
50.102738650314741	4
50.13017725413318	4
50.157617006675672	4
50.185057247392841	4
50.212497390455994	4
50.239936903713463	4
50.26737533494034	4
50.29481234200675	4
50.322247661244511	4
50.349681099125242	4
50.377112529866352	4
50.404541875564227	4
50.431969089366099	4
50.459394104429023	4
50.486816829900945	4
50.514237122221992	4
50.541654786476307	4
50.569069541027744	4
50.596481020175787	4
50.623888783918296	4
50.651292314987899	4
50.678691065691417	4
50.706084455143063	4
50.733471848716938	4
50.760852655675919	4
50.788226300927768	4
50.815592264352794	4
50.842950110488438	4
50.870299487469993	4
50.897640142373497	4
50.924971920201529	4
50.952294758850272	4
50.97960867227232	4
51.006913729381907	4
51.034210051788918	4
51.061497787774641	4
51.088777046815387	4
51.116047899935936	4
51.143310364429603	4
51.170564394595964	4
51.197809869881006	4
51.225046620599379	4
51.252274416276187	4
51.279492960348435	4
51.306701933434852	4
51.333901018077803	4
51.361089892226858	4
51.388268267997269	4
51.415435936876918	4
51.442592753052068	4
51.469738661571341	4
51.496873700344949	4
51.523997997154481	4
51.55111177391634	4
51.578215323618402	4
51.605308999308541	4
51.632393192587379	4
51.659468299869317	4
51.68653471807032	4
51.713592818238361	4
51.740642918763626	4
51.767685266650794	4
51.794720031853487	4
51.821747323397808	4
51.848767202764058	4
51.875779666550208	4
51.902784677411354	4
51.929782188974201	4
51.956772164833602	4
51.983754592352746	4
52.010729502725923	4
52.03769697968287	4
52.064657190502281	4
52.091610382891488	4
52.118556894546764	4
52.145497131066591	4
52.172431560410502	4
52.199360722505098	4
52.226285184863741	4
52.25320552606113	4
52.280122297357288	4
52.307036020514758	4
52.333947180895372	4
52.360856207259701	4
52.387763451348086	4
52.414669191492067	4
52.441573657639637	4
52.468477017707251	4
52.495379373971218	4
52.52228080874508	4
52.549181411951103	4
52.576081263466698	4
52.602980491736346	4
52.629879253850348	4
52.656777773115081	4
52.683676347417972	4
52.710575359282316	4
52.737475239999966	4
52.764376472778977	4
52.791279593179588	4
52.81818517061199	4
52.845093786668606	4
52.872006004852182	4
52.898922361471065	4
52.925843337056712	4
52.952769350597094	4
52.979700757139071	4
53.006637831953505	4
53.033580779873084	4
53.060529740281694	4
53.087484786577598	4
53.11444595024841	4
53.141413253328444	4
53.168386727455562	4
53.195366413423159	4
53.222352387302422	4
53.24934477165629	4
53.27634374737891	4
53.303349550858684	4
53.330362477265204	4
53.35738287205708	4
53.384411115666126	4
53.411447616493398	4
53.43849278569855	4
53.465547015886862	4
53.492610672686425	4
53.519684069472234	4
53.546767464749372	4
53.573861038499139	4
53.60096489503114	4
53.628079062346785	4
53.655203494707422	4
53.682338084226636	4
53.709482675858638	4
53.736637074865982	4
53.763801092478147	4
53.790974539767795	4
53.818157254547344	4
53.845349112247852	4
53.872550031881168	4
53.899759987808274	4
53.9269790010988	4
53.954207141253235	4
53.981444519532936	4
54.008691263623739	4
54.035947506510844	4
54.06321336587996	4
54.090488923587628	4
54.117774215303491	4
54.145069215632816	4
54.17237382129683	4
54.199687856232373	4
54.227011087897573	4
54.25434319300382	4
54.281683781565469	4
54.309032399836006	4
54.336388561582964	4
54.363751773286687	4
54.391121558308697	4
54.4184974589962	4
54.445879056072954	4
54.473265984931444	4
54.500657936297337	4
54.528054667466563	4
54.555455983543027	4
54.582861730112811	4
54.610271792149661	4
54.63768606503838	4
54.665104434793342	4
54.692526773768918	4
54.719952914228735	4
54.747382618863462	4
54.774815590574079	4
54.802251459548479	4
54.829689771241085	4
54.857130012316055	4
54.884571652926546	4
54.912014102101786	4
54.939456745384661	4
54.966898986991403	4
54.994340240566935	4
55.02177994990528	4
55.049217594718542	4
55.076652737994422	4
55.104085004129374	4
55.131514084348531	4
55.158939724582396	4
55.186361726742788	4
55.213779940376391	4
55.241194246910105	4
55.268604522158135	4
55.296010635280666	4
55.323412423311524	4
55.350809697646838	4
55.37820222508293	4
55.405589717132607	4
55.432971799045497	4
55.460348065608883	4
55.487718040286524	4
55.51508122719251	4
55.542437119408653	4
55.569785215132121	4
55.597125038625144	4
55.62445616638675	4
55.651778237683175	4
55.679090965220901	4
55.706394143072799	4
55.73368767340618	4
55.760971517273902	4
55.788245693763692	4
55.815510259611898	4
55.842765319722702	4
55.870010980983196	4
55.897247359820852	4
55.924474568509503	4
55.95169266814834	4
55.978901670082877	4
56.006101557418411	4
56.033292244521007	4
56.060473587162733	4
56.087645414941413	4
56.114807548333403	4
56.141959780710167	4
56.169101930645311	4
56.196233830955215	4
56.223355363808373	4
56.250466477104794	4
56.277567174488979	4
56.304657553364464	4
56.331737776753535	4
56.358808080678692	4
56.385868766838939	4
56.412920188488002	4
56.439962723803404	4
56.466996744046853	4
56.494022633400213	4
56.521040757043288	4
56.548051445374107	4
56.57505498141213	4
56.602051611225214	4
56.629041521307812	4
56.656024860704356	4
56.683001729883372	4
56.709972188683551	4
56.736936293430396	4
56.763894088286236	4
56.790845651129139	4
56.817791092512564	4
56.844730562016707	4
56.871664267289383	4
56.898592499021497	4
56.925515601659271	4
56.952433973614525	4
56.979348054414324	4
57.006258332244883	4
57.03316533383353	4
57.060069586551847	4
57.086971612520337	4
57.113871914863182	4
57.14077096988985	4
57.16766920251488	4
57.194566967212069	4
57.22146459060405	4
57.248362321809864	4
57.275260378218995	4
57.302158924759432	4
57.329058112331381	4
57.355958070412449	4
57.382858954873079	4
57.409760928022749	4
57.436664187535193	4
57.463568964812637	4
57.490475550402508	4
57.517384298620968	4
57.544295598170748	4
57.57120989101881	4
57.598127649437458	4
57.625049364283555	4
57.651975532107947	4
57.678906647649576	4
57.705843172135481	4
57.732785537138184	4
57.759734119928481	4
57.786689224630187	4
57.813651109468466	4
57.840619981352845	4
57.867595992033394	4
57.894579246299386	4
57.921569812835642	4
57.948567742200972	4
57.975573078225018	4
58.002585869694066	4
58.029606187248703	4
58.05663413181356	4
58.083669839568017	4
58.110713494796592	4
58.137765317453919	4
58.1648255662938	4
58.191894526480787	4
58.218972503979458	4
58.246059814414174	4
58.273156753692056	4
58.300263595121521	4
58.32738057222636	4
58.354507865723328	4
58.381645591036303	4
58.408793799049164	4
58.435952478800914	4
58.463121560935498	4
58.490300926491614	4
58.517490413065694	4
58.544689824854693	4
58.571898956047896	4
58.599117595299035	4
58.626345546850033	4
58.653582645289049	4
58.680828762006172	4
58.708083797229037	4
58.735347696024427	4
58.762620432769722	4
58.789902006584448	4
58.817192439399768	4
58.844491753994724	4
58.871799954626788	4
58.899117044208715	4
58.926442976913535	4
58.953777636219257	4
58.981120846281378	4
59.008472349724293	4
59.035831831234439	4
59.063198927743791	4
59.090573223672713	4
59.117954262796587	4
59.145341566410508	4
59.172734647761743	4
59.200133033196906	4
59.227536271068935	4
59.254943939175256	4
59.282355666376837	4
59.309771113198451	4
59.337190001491088	4
59.364612089956758	4
59.392037163143605	4
59.419465042564703	4
59.446895549198381	4
59.474328486487394	4
59.501763624384964	4
59.52920071253488	4
59.556639469959819	4
59.584079577206118	4
59.611520641848138	4
59.638962229658937	4
59.666403863853247	4
59.693845026512278	4
59.721285156472391	4
59.74872369668546	4
59.776160088805014	4
59.803593807499148	4
59.831024344403261	4
59.858451235652133	4
59.885874071274458	4
59.913292511656195	4
59.940706264766924	4
59.968115088852649	4
59.99551878950674	4
60.022917202145933	4
60.050310198944899	4
60.077697663588282	4
60.105079444435653	4
60.132455377989672	4
60.159825254920527	4
60.187188815422573	4
60.214545768225165	4
60.241895769880195	4
60.269238446104772	4
60.296573399267011	4
60.323900223007193	4
60.351218515555296	4
60.378527890994718	4
60.405828014268998	4
60.433118615266771	4
60.460399448238363	4
60.487670332527799	4
60.514931150231085	4
60.542181848473838	4
60.569422427036336	4
60.596652955651422	4
60.623873537935992	4
60.651084283915623	4
60.678285322156391	4
60.705476785239526	4
60.732658763701941	4
60.759831320403642	4
60.786994504796127	4
60.81414831257301	4
60.841292717133612	4
60.868427652536532	4
60.895553030133001	4
60.922668759769081	4
60.94977474773097	4
60.976870926333078	4
61.003957258563254	4
61.031033745708314	4
61.058100449429666	4
61.085157490782315	4
61.112205047469594	4
61.139243337065459	4
61.166272627609345	4
61.193293236948378	4
61.220305525276743	4
61.247309858341389	4
61.27430661351319	4
61.301296163517534	4
61.328278869917284	4
61.355255059537157	4
61.382225019990493	4
61.409188994461317	4
61.436147193054644	4
61.463099794409729	4
61.490046959388614	4
61.516988819582323	4
61.543925497289436	4
61.570857149989763	4
61.597783945224414	4
61.624706080037917	4
61.651623772596153	4
61.678537292164741	4
61.705446964636195	4
61.732353161313306	4
61.75925629383525	4
61.786156809149055	4
61.813055190268443	4
61.839951936612536	4
61.866847520490204	4
61.893742419215201	4
61.920637094033786	4
61.947531961092757	4
61.974427412496858	4
62.00132378163822	4
62.028221360931738	4
62.055120413920406	4
62.082021174858518	4
62.10892384484869	4
62.135828600160153	4
62.162735617621884	4
62.189645098762739	4
62.216557256173715	4
62.243472322102747	4
62.27039056837549	4
62.297312296109268	4
62.324237845332654	4
62.351167593043655	4
62.378101938244313	4
62.405041304733892	4
62.431986123704625	4
62.458936804788479	4
62.485893747823241	4
62.512857334459866	4
62.539827923736667	4
62.566805823953565	4
62.593791297237232	4
62.620784555353495	4
62.647785768497535	4
62.674795060230011	4
62.701812521125056	4
62.72883821593247	4
62.755872191937399	4
62.78291449993786	4
62.809965192821203	4
62.837024337247662	4
62.864092027361622	4
62.891168383371294	4
62.918253565325692	4
62.945347751477563	4
62.972451144130702	4
62.999563963147082	4
63.026686426449103	4
63.05381874547404	4
63.080961112066497	4
63.108113679113103	4
63.135276576937208	4
63.162449884528129	4
63.189633627588044	4
63.216827779523442	4
63.244032260219385	4
63.271246942520662	4
63.298471657842981	4
63.325706210403453	4
63.352950391906894	4
63.380203979177224	4
63.407466754592598	4
63.434738512403392	4
63.46201906361447	4
63.489308247476963	4
63.516605930954526	4
63.543912000000603	4
63.571226379390644	4
63.59854902113932	4
63.625879839326217	4
63.653218756193191	4
63.680565643439095	4
63.707920354378679	4
63.735282706184655	4
63.762652480794188	4
63.790029405551685	4
63.817413162424707	4
63.844803387557768	4
63.872199676737381	4
63.899601609083852	4
63.927008731912863	4
63.954420584613345	4
63.98183670821048	4
64.00925666464488	4
64.036680029520696	4
64.064106404970971	4
64.091535441144742	4
64.118966797649733	4
64.14640016197086	4
64.173835247481378	4
64.20127178030215	4
64.228709500670092	4
64.256148176035254	4
64.283587538485918	4
64.311027303745107	4
64.338467179893541	4
64.365906837121457	4
64.393345892936495	4
64.420783924297979	4
64.448220497696653	4
64.475655150046336	4
64.503087397139268	4
64.530516740553423	4
64.557942681249202	4
64.585364750543107	4
64.612782503907027	4
64.640195522152055	4
64.667603428018538	4
64.695005879053483	4
64.722402591637561	4
64.749793329803666	4
64.77717788239471	4
64.804556053186914	4
64.831927675671736	4
64.859292563520995	4
64.886650539760979	4
64.914001415363288	4
64.941344984843681	4
64.968681021072129	4
64.996009278204625	4
65.023329492974597	4
65.050641383410849	4
65.077944669229623	4
65.105239092212642	4
65.132524377972331	4
65.159800264241412	4
65.187066503559066	4
65.214322894385589	4
65.241569259389777	4
65.268805482976333	4
65.296031511279978	4
65.323247309753782	4
65.350452887053677	4
65.377648307370578	4
65.404833644942613	4
65.432008984164398	4
65.459174434302867	4
65.486330113325977	4
65.513476120039627	4
65.540612553443694	4
65.567739485561148	4
65.5948569739692	4
65.621965065751098	4
65.649063786863294	4
65.676153166509053	4
65.703233225200918	4
65.730303992816602	4
65.757365517410847	4
65.784417865979307	4
65.811461129862295	4
65.838495412266241	4
65.865520864434941	4
65.892537689464262	4
65.919546116723993	4
65.946546411517815	4
65.973538877200966	4
66.000523842818183	4
66.027501654624743	4
66.054472662171449	4
66.081437200261504	4
66.108395611277146	4
66.135348207507292	4
66.16229529857705	4
66.189237168041089	4
66.216174076474417	4
66.243106272571652	4
66.270033998846571	4
66.296957483835342	4
66.323876942826914	4
66.350792586956459	4
66.377704644594786	4
66.404613370275257	4
66.431519034251721	4
66.458421930849156	4
66.485322394268209	4
66.512220793343644	4
66.539117504787015	4
66.566012921961033	4
66.592907476724946	4
66.619801587284087	4
66.64669568977196	4
66.673590197602238	4
66.700485519340347	4
66.727382044383802	4
66.754280159958512	4
66.781180205544871	4
66.808082494822671	4
66.834987314949686	4
66.861894936718869	4
66.88880561585465	4
66.915719587566741	4
66.942637090536564	4
66.969558355047752	4
66.996483614514744	4
67.02341312125111	4
67.0503471405695	4
67.077285954808815	4
67.104229866761671	4
67.131179192541296	4
67.158134247028713	4
67.185095368494132	4
67.212062909491195	4
67.239037215689109	4
67.266018621097089	4
67.293007444048712	4
67.320003976735237	4
67.347008484016129	4
67.374021194350249	4
67.401042307288265	4
67.42807198567165	4
67.455110359709778	4
67.482157537282589	4
67.509213598622878	4
67.536278612811969	4
67.563352638005782	4
67.590435739117183	4
67.61752798295592	4
67.644629443326167	4
67.671740206864513	4
67.698860371552641	4
67.72599004608945	4
67.753129344726503	4
67.780278378482421	4
67.807437266492599	4
67.834606117332555	4
67.861785026563155	4
67.888974067005321	4
67.91617327657471	4
67.943382667048098	4
67.970602208757427	4
67.997831833098388	4
68.025071445092195	4
68.052320910385944	4
68.079580061778657	4
68.10684871354141	4
68.134126656192024	4
68.161413671421613	4
68.188709540260945	4
68.216014043314033	4
68.243326967775758	4
68.270648133715909	4
68.297977354093874	4
68.325314443326675	4
68.352659210264392	4
68.380011460769111	4
68.407370999466082	4
68.434737638195514	4
68.462111168362526	4
68.489491362039544	4
68.51687796988773	4
68.544270716595861	4
68.571669309307183	4
68.59907342141986	4
68.626482696606033	4
68.653896764290934	4
68.681315224419009	4
68.708737669277838	4
68.736163685787744	4
68.76359285303225	4
68.791024746406393	4
68.818458959509584	4
68.845895083026107	4
68.873332709521307	4
68.900771454295821	4
68.928210980655024	4
68.955650956019255	4
68.983091048113153	4
69.010530947909785	4
69.037970352538068	4
69.065408939283259	4
69.092846378834139	4
69.120282335561058	4
69.147716464274779	4
69.175148405684681	4
69.202577777013232	4
69.230004181081839	4
69.257427215327169	4
69.284846475493737	4
69.31226155378242	4
69.33967204230332	4
69.367077543563596	4
69.394477676542039	4
69.421872100025723	4
69.449260491528833	4
69.476642523110556	4
69.504017913734231	4
69.531386384729501	4
69.558747674912709	4
69.586101554788527	4
69.613447801668968	4
69.64078620786087	4
69.668116577042468	4
69.69543872475478	4
69.722752468935482	4
69.75005762847502	4
69.777354044200777	4
69.804641567026508	4
69.831920018229738	4
69.859189222590956	4
69.886449010754859	4
69.913699218493008	4
69.940939694330353	4
69.968170321877423	4
69.995390989538166	4
70.022601602714431	4
70.049802103882925	4
70.076992457471391	4
70.104172635553439	4
70.131342643009987	4
70.158502525082795	4
70.185652335391168	4
70.212792158811936	4
70.239922083817405	4
70.267042209551562	4
70.294152654189261	4
70.321253528490331	4
70.348344964619741	4
70.375427086822469	4
70.402500022139407	4
70.429563904288102	4
70.456618868044075	4
70.483665046457048	4
70.510702560057453	4
70.537731540658783	4
70.564752134083236	4
70.591764503883255	4
70.618768819354912	4
70.645765280913466	4
70.672754104405541	4
70.699735534171865	4
70.726709830183225	4
70.753677259101863	4
70.780638109673305	4
70.807592677614906	4
70.834541279186368	4
70.861484240645723	4
70.888421883543757	4
70.915354525295299	4
70.942282510979197	4
70.969206165269767	4
70.996125805577492	4
71.023041727326856	4
71.049954227523344	4
71.076863609044267	4
71.103770162827118	4
71.130674176590148	4
71.157575945214717	4
71.184475771982491	4
71.211373966423253	4
71.238270823355066	4
71.265166676641954	4
71.292061852531717	4
71.318956697888723	4
71.345851563895806	4
71.372746815325925	4
71.39964280804061	4
71.42653992569474	4
71.453438541792607	4
71.480339032314632	4
71.507241750429444	4
71.53414705357352	4
71.561055295439289	4
71.587966808070334	4
71.614881909537672	4
71.641800909451263	4
71.668724095648173	4
71.6956517455246	4
71.722584128017985	4
71.749521504552533	4
71.776464133254507	4
71.803412266466793	4
71.830366140456803	4
71.857326000411945	4
71.88429210457123	4
71.911264719030015	4
71.93824411076028	4
71.965230545056826	4
71.992224286813482	4
72.019225603657887	4
72.046234748807919	4
72.07325196971513	4
72.100277497170339	4
72.127311547389354	4
72.154354322619398	4
72.181405997569286	4
72.208466729098944	4
72.235536651127674	4
72.262615879622871	4
72.289704521969313	4
72.316802661592192	4
72.343910369529496	4
72.371027707848114	4
72.398154724439649	4
72.425291459603784	4
72.452437947825572	4
72.479594214802034	4
72.506760295124607	4
72.533936218158203	4
72.561122006029933	4
72.588317673282504	4
72.615523227173995	4
72.642738659991949	4
72.669963950946013	4
72.697199064929436	4
72.724443956237494	4
72.751698548650666	4
72.778962747226046	4
72.806236432252632	4
72.833519460126396	4
72.860811668557204	4
72.888112875506593	4
72.915422875766339	4
72.942741470892756	4
72.970068455135376	4
72.997403575498467	4
73.02474658455894	4
73.052097201340899	4
73.079455151230746	4
73.106820162420775	4
73.134191963815454	4
73.161570276716162	4
73.188954825270088	4
73.216345330009375	4
73.243741507862808	4
73.271143080694713	4
73.298549753824531	4
73.325961231708959	4
73.353377192709303	4
73.380797323558127	4
73.408221288081492	4
73.435648729407532	4
73.463079296015479	4
73.490512606436212	4
73.517948261132432	4
73.545385840412976	4
73.57282492829755	4
73.600265113796056	4
73.62770600222504	4
73.655147180798636	4
73.682588246107201	4
73.710028816287249	4
73.737468512754631	4
73.764906948861068	4
73.792343753562932	4
73.819778572254094	4
73.847211065334932	4
73.874640887356918	4
73.902067697192209	4
73.929491155642054	4
73.956910939047418	4
73.984326721196155	4
74.01173816542638	4
74.039144943263523	4
74.066546714756285	4
74.093943160836986	4
74.121333966619275	4
74.148718794046474	4
74.176097314252118	4
74.203469200778471	4
74.230834118884616	4
74.258191753360634	4
74.285541797986241	4
74.312883969569967	4
74.340217999739153	4
74.367543647710804	4
74.394860698676894	4
74.422168955951705	4
74.449468261335625	4
74.476758501868105	4
74.504039549112321	4
74.531311291647256	4
74.558573626099147	4
74.585826465525514	4
74.613069718578359	4
74.640303322499491	4
74.667527225011312	4
74.694741351328375	4
74.72194563902174	4
74.749140044245706	4
74.776324505914587	4
74.803498968817649	4
74.830663408351612	4
74.857817802543394	4
74.884962151164913	4
74.912096468582988	4
74.939220787831459	4
74.966335170338027	4
74.9934396984263	4
75.020534482033426	4
75.047619655142498	4
75.074695369351261	4
75.10176179857028	4
75.128819134770509	4
75.155867581078212	4
75.182907334639751	4
75.209938583271821	4
75.236961528036787	4
75.263976384654825	4
75.29098335285498	4
75.317982634778247	4
75.344974435019296	4
75.371958969108505	4
75.398936449738613	4
75.425907089779486	4
75.452871100203097	4
75.479828712236269	4
75.50678016668158	4
75.533725729487585	4
75.560665671127595	4
75.587600272618204	4
75.614529855764459	4
75.641454752880634	4
75.668375306396754	4
75.695291853676721	4
75.722204739774682	4
75.749114325394117	4
75.776020970685721	4
75.802925031396157	4
75.82982685408993	4
75.85672679719049	4
75.883625209052482	4
75.910522404610873	4
75.937418700727136	4
75.964314414659853	4
75.991209845277339	4
76.018105305711742	4
76.045001088679967	4
76.071897492434445	4
76.098794827306165	4
76.125693419866394	4
76.152593589831483	4
76.179495660892073	4
76.206399968961364	4
76.233306864105501	4
76.260216705317632	4
76.287129843207424	4
76.314046635554206	4
76.340967428854853	4
76.367892565099609	4
76.394822380873165	4
76.421757195512484	4
76.448697317137771	4
76.475643040648905	4
76.502594632170656	4
76.529552338553657	4
76.556516398445154	4
76.583487054827231	4
76.610464529109009	4
76.63744903696174	4
76.664440785241254	4
76.691439979853044	4
76.718446821427847	4
76.745461509788626	4
76.772484246282062	4
76.799515226999887	4
76.82655465050351	4
76.85360271143044	4
76.880659595472181	4
76.907725486766452	4
76.934800557853663	4
76.961884977617601	4
76.988978895269184	4
77.016082443317174	4
77.043195737373168	4
77.07031886818919	4
77.097451904675609	4
77.124594895487732	4
77.151747855178286	4
77.178910797973302	4
77.206083712976096	4
77.233266575769193	4
77.260459349805402	4
77.287661985203741	4
77.314874425975219	4
77.34209660698771	4
77.36932845784122	4
77.396569913107655	4
77.42382089690669	4
77.451081328981076	4
77.478351120913217	4
77.505630174947157	4
77.532918383465855	4
77.560215626839451	4
77.587521766483675	4
77.614836654977935	4
77.642160143868793	4
77.669492028601198	4
77.696832090462991	4
77.724180064467063	4
77.751535668626374	4
77.77889860413184	4
77.806268568192252	4
77.83364523671932	4
77.861028276582971	4
77.888417353076264	4
77.915812127174021	4
77.943212277126179	4
77.970617471652176	4
77.998027386742223	4
78.025441709074755	4
78.052860128772394	4
78.080282335013919	4
78.107708017866287	4
78.135136877630373	4
78.162568585406973	4
78.190002804248607	4
78.217439184304467	4
78.244877353705547	4
78.27231692811624	4
78.299757538117518	4
78.327198779082551	4
78.354640237363711	4
78.382081506205481	4
78.409522172427216	4
78.436961805063333	4
78.464399966183976	4
78.491836249994449	4
78.519270255831756	4
78.546701593252507	4
78.574129884120836	4
78.601554762709029	4
78.62897589142041	4
78.656392953276438	4
78.683805638337745	4
78.711213647789151	4
78.738616687493945	4
78.766014484636813	4
78.793406774776599	4
78.820793287351009	4
78.848173729403527	4
78.875547817240047	4
78.902915236886756	4
78.930275671588134	4
78.957628811798614	4
78.98497433841257	4
79.012311943862557	4
79.039641330812373	4
79.066962225385126	4
79.094274369766154	4
79.121577539683273	4
79.148871563692012	4
79.176156284088549	4
79.203431563882205	4
79.230697283124869	4
79.257953360651968	4
79.28519972628547	4
79.312436338096404	4
79.339663187237463	4
79.366880252894319	4
79.394087517801893	4
79.421284986528178	4
79.448472647138516	4
79.475650471861201	4
79.502818444791146	4
79.529976559677735	4
79.557124796838465	4
79.584263149610749	4
79.611391611850323	4
79.638510189350001	4
79.665618915619916	4
79.692717833116362	4
79.719807024738586	4
79.74688659009125	4
79.773956663265324	4
79.801017408169912	4
79.828069014270426	4
79.855111686826405	4
79.88214563038737	4
79.909171074549249	4
79.936188267836641	4
79.96319745949323	4
79.990198897713796	4
80.017192837426578	4
80.044179528376574	4
80.071159220290824	4
80.098132150622959	4
80.125098537121943	4
80.152058608113592	4
80.179012574397987	4
80.20596066677976	4
80.232903119575923	4
80.259840172789268	4
80.286772079713714	4
80.313699128677456	4
80.340621617223107	4
80.367539855402029	4
80.394454159758027	4
80.421364871417254	4
80.448272355592394	4
80.475176979285848	4
80.50207911808225	4
80.528979156895673	4
80.555877487844654	4
80.582774485740615	4
80.609670506297292	4
80.636565916468996	4
80.663461049095318	4
80.690356240434255	4
80.717251795515224	4
80.744148016988902	4
80.771045195839875	4
80.79794363858521	4
80.824843628354941	4
80.85174545258937	4
80.878649399978244	4
80.905555773435765	4
80.93246488897212	4
80.959377064195934	4
80.98629263079728	4
81.013211929348103	4
81.040135297260775	4
81.067063082235947	4
81.093995633461446	4
81.120933288943945	4
81.147876386081037	4
81.174825243945577	4
81.201780154164055	4
81.228741399887014	4
81.255709256464087	4
81.28268397788122	4
81.309665797395866	4
81.336654929528223	4
81.363651571649967	4
81.390655909929464	4
81.417668115315294	4
81.444688353928001	4
81.471716785568589	4
81.498753563586448	4
81.525798848139971	4
81.552852796363396	4
81.579915566603034	4
81.606987318123728	4
81.634068216657937	4
81.661158426651184	4
81.688258102740221	4
81.715367392574962	4
81.742486431721773	4
81.769615335802143	4
81.796754198958411	4
81.823903086800513	4
81.85106204675337	4
81.878231101588227	4
81.905410251538001	4
81.932599471123041	4
81.959798706848318	4
81.987007890082225	4
82.014226930420591	4
82.041455726328394	4
82.068694173199816	4
82.095942161212704	4
82.123199569115712	4
82.15046628303574	4
82.1777421820576	4
82.205027144104434	4
82.232321050599325	4
82.259623776968084	4
82.286935189009839	4
82.314255167094927	4
82.34158356273997	4
82.368920197890134	4
82.396264865277217	4
82.42361732450162	4
82.450977313384826	4
82.478344559122306	4
82.505718758753588	4
82.533099587613791	4
82.560486706162663	4
82.587879761239478	4
82.615278400045312	4
82.642682263192043	4
82.670090985799945	4
82.697504217144285	4
82.724921600171669	4
82.752342798173416	4
82.779767481557059	4
82.807195318003693	4
82.834625985821631	4
82.862059169331076	4
82.889494535429762	4
82.916931732986669	4
82.944370413950054	4
82.971810243662858	4
82.99925087506972	4
83.0266919307508	4
83.054133032090405	4
83.08157379215541	4
83.109013800427874	4
83.136452631708877	4
83.163889860857367	4
83.191325064599951	4
83.218757830094276	4
83.246187740342961	4
83.273614388116101	4
83.301037388353421	4
83.328456381027493	4
83.355871023348996	4
83.383280987571737	4
83.410685964967783	4
83.438085662216039	4
83.465479823510435	4
83.492868204369856	4
83.520250531757029	4
83.54762655815486	4
83.574996012389221	4
83.60235861371639	4
83.629714089326484	4
83.657062149313006	4
83.684402506518637	4
83.711734873856784	4
83.739058973904136	4
83.766374538266362	4
83.793681310344112	4
83.820979071647855	4
83.848267641329613	4
83.875546831175299	4
83.902816484828861	4
83.930076470384861	4
83.957326685837089	4
83.98456705314814	4
84.011797540725681	4
84.039018127752357	4
84.066228800243493	4
84.093429567185993	4
84.120620451420436	4
84.147801456959613	4
84.174972594202288	4
84.202133891248607	4
84.22928535892008	4
84.256427024261697	4
84.283558900540783	4
84.310681001801498	4
84.337793358204138	4
84.364896000751415	4
84.391988987670771	4
84.419072389945441	4
84.446146298763367	4
84.473210836318273	4
84.500266150438804	4
84.527312410430127	4
84.554349793089315	4
84.58137849741837	4
84.608398747178597	4
84.635410789653179	4
84.662414873524014	4
84.689411265112867	4
84.716400234099609	4
84.743382056401018	4
84.770357004536748	4
84.79732533667331	4
84.824287305322954	4
84.851243158289066	4
84.878193143903985	4
84.905137513632098	4
84.932076508251313	4
84.959010367950015	4
84.985939366787974	4
85.012863775219898	4
85.03978387575647	4
85.066699947571621	4
85.093612294864883	4
85.120521247048544	4
85.147427142063435	4
85.174330330398334	4
85.201231179847312	4
85.228130069360489	4
85.255027386441824	4
85.281923492843958	4
85.308818773182367	4
85.335713597036047	4
85.362608324535771	4
85.389503308635895	4
85.416398883757267	4
85.443295367031709	4
85.470193080009238	4
85.497092331736567	4
85.523993423404477	4
85.550896636057146	4
85.577802256930809	4
85.604710588245908	4
85.631621923097555	4
85.658536558694792	4
85.685454803552759	4
85.712376970532446	4
85.739303375342587	4
85.766234343495199	4
85.793170201895308	4
85.820111282600934	4
85.847057911347036	4
85.874010391702782	4
85.900969023200901	4
85.927934104138387	4
85.954905926689733	4
85.981884758067423	4
86.008870847867115	4
86.035864425152823	4
86.062865704916447	4
86.089874877967404	4
86.116892123405265	4
86.14391760330588	4
86.170951466492269	4
86.197993860924285	4
86.225044922833064	4
86.252104785573309	4
86.27917358170113	4
86.306251444103424	4
86.333338515759223	4
86.360434930832781	4
86.387540823123871	4
86.414656324643801	4
86.441781553684478	4
86.468916616816799	4
86.49606160728915	4
86.523216591232526	4
86.550381629391865	4
86.577556757668148	4
86.604741983611959	4
86.631937291592735	4
86.659142639727463	4
86.686357961503589	4
86.713583171004672	4
86.740818164070902	4
86.768062831568798	4
86.795317045156125	4
86.822580668070032	4
86.849853558534164	4
86.877135568479034	4
86.904426550364121	4
86.931726356456366	4
86.959034829975323	4
86.98635183400161	4
87.013677230348733	4
87.041010835611985	4
87.068352468358171	4
87.095701902774437	4
87.123058905330694	4
87.150423227678274	4
87.17779460660509	4
87.205172749662452	4
87.232557351425626	4
87.25994808533504	4
87.287344608277976	4
87.314746579022625	4
87.342153635181361	4
87.369565416581835	4
87.396981552036621	4
87.424401686552628	4
87.451825461189983	4
87.479252513217943	4
87.506682507883212	4
87.53411509303443	4
87.561549916187801	4
87.588986618294385	4
87.616424848723824	4
87.643864259490314	4
87.671304519819074	4
87.698745269927144	4
87.726186143522511	4
87.753626782367306	4
87.781066813784705	4
87.80850583789136	4
87.835943449197671	4
87.86337925017223	4
87.89081284061308	4
87.918243812652648	4
87.945671759866812	4
87.973096279077637	4
88.000516995314825	4
88.027933542577017	4
88.055345561612711	4
88.082752719173826	4
88.110154687705673	4
88.137551174785088	4
88.164941908666904	4
88.192326611978672	4
88.219705016380217	4
88.247076861635975	4
88.274441871135494	4
88.301799778985469	4
88.329150316707242	4
88.356493222139932	4
88.383828229072336	4
88.41115508286876	4
88.438473534802853	4
88.465783341721462	4
88.4930842880527	4
88.520376196813316	4
88.547658878139373	4
88.57493216290051	4
88.602195894016788	4
88.629449946994882	4
88.656694207353951	4
88.683928604660323	4
88.711153099681297	4
88.738367645886015	4
88.765572222121946	4
88.792766836214938	4
88.81995148705083	4
88.847126178476913	4
88.874290939618305	4
88.901445798948146	4
88.928590788743961	4
88.955725946364623	4
88.982851307943449	4
89.009966920527461	4
89.037072841194856	4
89.064169135261963	4
89.091255885666669	4
89.118333186528034	4
89.14540115076781	4
89.172459913752562	4
89.199509628695594	4
89.226550459159043	4
89.253582569186108	4
89.280606151426298	4
89.30762142949564	4
89.334628627010318	4
89.361627982466288	4
89.388619749488697	4
89.415604195627537	4
89.442581590696378	4
89.469552202435565	4
89.496516286163043	4
89.523474111685886	4
89.550425939691834	4
89.577372043800239	4
89.604312686034703	4
89.631248127856054	4
89.658178651840188	4
89.685104546293303	4
89.712026101774839	4
89.738943603960152	4
89.765857343649145	4
89.79276763378563	4
89.819674797713546	4
89.846579165407888	4
89.873481072441336	4
89.9003808828855	4
89.927278962520703	4
89.954175662014904	4
89.981071337162206	4
90.007966358335466	4
90.034861075452184	4
90.061755853041376	4
90.088651027595958	4
90.115546936210734	4
90.142443912870803	4
90.169342301406616	4
90.196242416194153	4
90.22314456735532	4
90.250049062044184	4
90.2769562053914	4
90.30386630956545	4
90.330779677958617	4
90.357696618895716	4
90.384617434407616	4
90.411542427436004	4
90.438471908717943	4
90.465406185483786	4
90.492345565594007	4
90.519290360313974	4
90.54624086626103	4
90.573197364431152	4
90.600160141128541	4
90.627129487309645	4
90.654105674612225	4
90.681088965264749	4
90.708079606147152	4
90.73507783036635	4
90.762083855202732	4
90.789097881874824	4
90.816120100914617	4
90.843150684526861	4
90.8701897938125	4
90.897237582750435	4
90.924294189145897	4
90.951359750356843	4
90.97843439361155	4
91.005518251226675	4
91.032611445500265	4
91.059714093101618	4
91.086826310441353	4
91.113948200946638	4
91.14107985990438	4
91.168221370753216	4
91.195372792096535	4
91.222534185903697	4
91.249705589801465	4
91.276887026190877	4
91.304078498403157	4
91.331279984785112	4
91.358491447296004	4
91.385712825945902	4
91.412944039419585	4
91.440185000415383	4
91.467435600029717	4
91.494695717189458	4
91.521965218725029	4
91.549243960538661	4
91.576531791408485	4
91.603828555759648	4
91.631134088719733	4
91.658448225379161	4
91.685770814736259	4
91.713101667187502	4
91.740440588829273	4
91.767787351029185	4
91.7951417151274	4
91.822503425659036	4
91.849872228452483	4
91.877247844234276	4
91.904629977842603	4
91.932018322569263	4
91.959412556470951	4
91.986812359934859	4
92.014217391751671	4
92.041627305685722	4
92.06904175700717	4
92.096460393182852	4
92.123882858942764	4
92.151308802369357	4
92.178737876270077	4
92.20616971567128	4
92.233603961357588	4
92.261040247673108	4
92.288478199653525	4
92.315917439759261	4
92.343357623224762	4
92.370798380786155	4
92.398239338825746	4
92.425680133048417	4
92.45312039536276	4
92.480559738072273	4
92.507997762620036	4
92.535434085673543	4
92.562868320505842	4
92.590300080803459	4
92.617728974870488	4
92.645154615585909	4
92.672576630899428	4
92.699994662448162	4
92.727408357085807	4
92.754817369201689	4
92.782221364617399	4
92.809620032002741	4
92.837013082540395	4
92.864400232710253	4
92.891781184907643	4
92.919155665249477	4
92.946523382410902	4
92.973884051818459	4
93.001237400037169	4
93.02858315213328	4
93.05592104120619	4
93.083250809710592	4
93.110572215873276	4
93.137885026779173	4
93.16518902696744	4
93.192484040231506	4
93.219769904537955	4
93.247046459393459	4
93.274313553544943	4
93.301571065164495	4
93.328818882358703	4
93.356056917845919	4
93.38328512070197	4
93.410503437461941	4
93.43771182469952	4
93.464910271500884	4
93.492098764298646	4
93.519277283060106	4
93.546445829473811	4
93.573604427255319	4
93.600753091888123	4
93.627891857914051	4
93.65502075780779	4
93.682139835291622	4
93.709249155149976	4
93.736348780741125	4
93.763438808996995	4
93.79051933992082	4
93.817590497340518	4
93.84465242570721	4
93.871705286000093	4
93.898749246830235	4
93.92578447432507	4
93.952811159757957	4
93.979829510062984	4
94.006839742975288	4
94.03384208098413	4
94.060836764930059	4
94.087824037752057	4
94.114804156563267	4
94.141777375062304	4
94.168743938995988	4
94.195704106339022	4
94.222658126577372	4
94.2496062656368	4
94.276548794877215	4
94.303485984841316	4
94.33041811007503	4
94.357345476111846	4
94.384268384507692	4
94.411187139802621	4
94.438102042043568	4
94.465013409037766	4
94.491921575587114	4
94.518826874842347	4
94.545729644457438	4
94.572630231847043	4
94.599528996315527	4
94.626426290664554	4
94.653322452665321	4
94.680217842254137	4
94.707112796632899	4
94.734007666367006	4
94.760902779781773	4
94.787798471603452	4
94.814695063901624	4
94.841592896542465	4
94.868492288256547	4
94.895393560262619	4
94.922297022849406	4
94.949202994162349	4
94.976111802701269	4
95.003023763450898	4
95.02993919645418	4
95.056858421087043	4
95.083781750289631	4
95.110709497487576	4
95.137641978378497	4
95.164579497265521	4
95.191522362082139	4
95.21847086944679	4
95.245425292748735	4
95.272385908486584	4
95.299352991944147	4
95.326326807346575	4
95.353307608850301	4
95.380295636689226	4
95.407291121204224	4
95.434294283733493	4
95.461305329193209	4
95.488324453306646	4
95.515351842658774	4
95.542387669988443	4
95.569432106054677	4
95.596485307856582	4
95.623547426781101	4
95.650618605154307	4
95.677698981310911	4
95.704788693814749	4
95.731887864703864	4
95.758996610147321	4
95.786115036295286	4
95.813243236038062	4
95.840381285790173	4
95.867529243743149	4
95.894687157755342	4
95.921855060156886	4
95.949032969923834	4
95.976220886062976	4
96.003418786623314	4
96.030626636175128	4
96.057844377582612	4
96.085071939939454	4
96.112309243942931	4
96.13955620149089	4
96.166812702854514	4
96.194078634566125	4
96.221353869672399	4
96.24863826954234	4
96.275931692897743	4
96.303233988262335	4
96.330544989119971	4
96.357864543096483	4
96.385192479638562	4
96.412528593010521	4
96.439872664812114	4
96.467224443162948	4
96.494583667522988	4
96.521950072067867	4
96.549323372183693	4
96.576703268043673	4
96.604089448981597	4
96.631481593440654	4
96.658879377739353	4
96.68628247342275	4
96.713690540352019	4
96.741103247190139	4
96.768520244999166	4
96.795941200161735	4
96.823365772599388	4
96.85079361421441	4
96.8782243857151	4
96.905657742178221	4
96.933093319169643	4
96.960530736924824	4
96.987969619737612	4
97.015409606190161	4
97.042850333249746	4
97.070291415896278	4
97.097732472951179	4
97.12517312427785	4
97.152612979015544	4
97.180051629781431	4
97.207488681667485	4
97.234923738756507	4
97.262356420441023	4
97.289786337988318	4
97.317213105119677	4
97.344636352372035	4
97.37205573055364	4
97.399470895416115	4
97.426881508884023	4
97.454287248625036	4
97.481687798191359	4
97.509082872560256	4
97.536472197456163	4
97.563855469891735	4
97.591232412785189	4
97.618602733936555	4
97.645966135564848	4
97.673322333374458	4
97.700671036391299	4
97.728011964818677	4
97.755344846006267	4
97.782669422976568	4
97.809985452593736	4
97.837292706231906	4
97.864590989345118	4
97.891880148300373	4
97.919160015798127	4
97.946430450472249	4
97.97369132756441	4
98.000942545846257	4
98.028184015619416	4
98.055415687344876	4
98.082637521869174	4
98.109849476630075	4
98.137051528845447	4
98.164243675950402	4
98.191425895965907	4
98.218598174713406	4
98.245760524137012	4
98.272912945463872	4
98.300055461066478	4
98.327188091355552	4
98.354310863301677	4
98.381423825550584	4
98.408527033643324	4
98.435620569650141	4
98.462704530205087	4
98.489779030939246	4
98.516844213045459	4
98.543900239721225	4
98.570947289366941	4
98.597985540173227	4
98.625015182254486	4
98.652036426302928	4
98.679049501130194	4
98.706054631295601	4
98.733052055277312	4
98.760042015071832	4
98.787024762769363	4
98.814000548318248	4
98.840969615316297	4
98.86793220419878	4
98.894888560913685	4
98.921838937348042	4
98.948783596898537	4
98.975722797338648	4
99.002656798248154	4
99.029585897397908	4
99.056510391127276	4
99.083430585895869	4
99.110346781824418	4
99.1372592976536	4
99.164168469803485	4
99.19107464036091	4
99.217978157971658	4
99.24487937880555	4
99.271778666462851	4
99.298676390014251	4
99.325572889027342	4
99.352468516697769	4
99.379363624765716	4
99.406258549774947	4
99.433153631357001	4
99.460049189952585	4
99.486945539646882	4
99.513843004754548	4
99.540741905371419	4
99.567642554340054	4
99.594545253937696	4
99.621450311032177	4
99.648358053887591	4
99.675268800568404	4
99.702182868337147	4
99.729100582676821	4
99.756022266721345	4
99.782948241934562	4
99.80987883533902	4
99.836814364543272	4
99.86375514763877	4
99.890701494646208	4
99.917653688520645	4
99.944612007040206	4
99.971576723603121	4
99.998548112016223	4
