0.024	6
0.0528	7
0.0862606	10
0.125128	10
0.169257	11
0.218869	12
0.273171	13
0.325704	14
0.373669	14
0.40383	11
0.421777	8
0.435733	7
0.447997	6
0.459781	6
0.471779	5
0.484391	4
0.498056	4
0.513239	4
0.53014	5
0.548964	5
0.569917	5
0.593208	6
0.617996	6
0.643921	6
0.670632	7
0.697639	7
0.724866	7
0.752173	7
0.779356	8
0.806193	8
0.832471	8
0.858024	7
0.882707	7
0.906486	7
0.929324	7
0.951237	7
0.9723	7
0.99258	7
1.01213	6
1.031012	6
1.049116	6
1.066489	6
1.083235	6
1.099324	6
1.1147476	5
1.1296628	5
1.1441652	5
1.1583116	5
1.1721651	5
1.18577095	5
1.19916686	5
1.21238437	4
1.22545795	4
1.2384245	4
1.251323079	4
1.264184157	4
1.276954227	4
1.289646455	4
1.302319089	4
1.3150184784	4
1.3277688522	4
1.3406250765	4
1.3536323327	4
1.3668211867	4
1.38018842719	4
1.39374930858	4
1.40751047587	4
1.42147874312	4
1.43566557108	4
1.450087092032	4
1.464770553767	4
1.479744775282	4
1.494804779353	4
1.509960598672	4
1.525252171863	4
1.540740256193	4
1.556484138618	4
1.572533173406	4
1.588929520354	4
1.6057025946898	4
1.6228757539971	4
1.6404723602838	4
1.6582284377412	4
1.6760599125884	4
1.69396678150646	4
1.71197844348881	4
1.73015220394345	4
1.74855083297174	4
1.76724126318455	4
1.786283989999224	4
1.805728845773882	4
1.825610146017024	4
1.845946762825949	4
1.866747471822035	4
1.887804164862	4
1.90893825839988	4
1.930173477225854	4
1.95154080643381	4
1.973041224778299	4
1.9946945750489	4
2.01657197233988	4
2.038752344450196	4
2.061319321153867	4
2.084355442231686	4
2.107938234691545	4
2.132126866833351	4
2.156966120069324	4
2.182491912963918	4
2.208468389450884	4
2.234687640255339	4
2.261224182982648	4
2.288075861960236	4
2.315329088969746	4
2.343066154301482	4
2.371368617282477	4
2.40032201796344	5
2.430029889719319	5
2.460615847352175	5
2.49202415133385	5
2.523807474619791	5
2.556056493732907	6
2.588910513767553	6
2.62250912508284	7
2.656992156801682	7
2.692445327330892	8
2.727742219237327	8
2.760786599840222	8
2.791138963450424	8
2.81848263002794	8
2.84287605998398	8
2.864599264686932	7
2.884082748559093	7
2.90181308517528	7
2.918260873850179	7
2.933846318055475	6
2.948929599914182	6
2.963813415109446	6
2.978729651555876	6
2.993790141762874	5
3.009213599345333	5
3.025184781407873	5
3.041874230311283	5
3.059434161958773	5
3.07800041848503	5
3.097685581296058	5
3.118571794981006	5
3.140694448567968	5
3.164042036078223	6
3.18851422155125	6
3.213929040292155	6
3.239895037480379	6
3.266120244795836	7
3.292280207331182	7
3.318085690083423	7
3.343288891521302	7
3.36770856560489	7
3.391236838577335	7
3.413843766839656	7
3.435568013842022	7
3.456502663372534	7
3.476775175959899	6
3.496544727877482	6
3.515966536132792	6
3.535197461023272	6
3.554387413320803	6
3.573620804063784	6
3.593016589414337	6
3.612702310566483	6
3.632793112529264	6
3.653389018213411	6
3.674570577090301	6
3.696400366613738	6
3.718911550114679	6
3.742108313394213	6
3.765957419917489	6
3.790389749328209	6
3.815251309341341	6
3.840353395162253	6
3.865544193776935	7
3.890653948388115	7
3.91554001274455	7
3.940085711966033	7
3.964207289092744	7
3.987856162841954	7
4.011017847752195	7
4.033708304867372	7
4.055971012408938	7
4.077870417726108	6
4.099494587998985	6
4.120933305846577	6
4.142275768822717	6
4.163612196746429	6
4.185002895029684	6
4.206516109407894	6
4.228230185397399	6
4.250213269712733	6
4.272522794348176	6
4.295200552478065	6
4.318271090030204	6
4.341739735814259	6
4.365590713260671	6
4.38978731275523	6
4.414256613355273	6
4.438892342388546	6
4.4636108565287	6
4.488327139750186	7
4.512948245339556	7
4.537405524577116	7
4.561646577069039	7
4.585638828298713	7
4.609368624260462	7
4.632840597751674	7
4.656075513583779	6
4.679118139896093	6
4.702011922575791	6
4.724806901604095	6
4.747556632391647	6
4.770319228795503	6
4.79312651429649	6
4.816027290948484	6
4.839068960138699	6
4.862293048836293	6
4.885731817785807	6
4.909406550689993	6
4.933326272168315	6
4.957481668191022	6
4.981857542610211	6
5.006424570306538	6
5.031143163084813	6
5.055944710928427	6
5.080779784351863	6
5.105600275340533	6
5.130362493085409	7
5.15501731576405	7
5.179539809561893	7
5.20391737671788	6
5.228161812716451	6
5.252281796386073	6
5.276294326556175	6
5.300223221434065	6
5.324098108150886	6
5.347951382455641	6
5.371800814719532	6
5.395679520083842	6
5.419622214909673	6
5.44366123269463	6
5.467823621344987	6
5.492130408481945	6
5.51659547568939	6
5.541224328754632	6
5.566014095447168	6
5.590953238255225	6
5.61602223575251	6
5.64119481824198	6
5.66643985566771	6
5.691723340230708	6
5.717002748731091	6
5.742245660339163	6
5.767428697838591	6
5.792535664249983	6
5.817558175575532	6
5.842495729428578	6
5.86735540500276	6
5.892150300693446	6
5.916887527818666	6
5.941589804883448	6
5.966283514835508	6
5.990996912774185	6
6.015758249092054	6
6.040594006044579	6
6.065527258038079	6
6.090576269284849	6
6.115753500303112	6
6.141064632125134	6
6.166507950098613	6
6.192074484546481	6
6.217748624555856	6
6.243509004542881	6
6.269330172916816	6
6.295184480239898	6
6.321044143865776	6
6.346883218711227	6
6.372679635802378	6
6.398416843353643	6
6.424085023397097	6
6.449681531233772	6
6.47521093827334	6
6.500684325690592	6
6.526118236901255	6
6.551533344981639	6
6.576952942739046	6
6.602401345440541	6
6.62790212485369	6
6.653476592822561	6
6.679142269145901	6
6.70491169304609	6
6.730791523010589	6
6.756782046149573	6
6.78287698719398	6
6.809063911574141	6
6.835325219014362	6
6.86163916653596	6
6.887981591829786	6
6.914327799648025	6
6.940654533303656	6
6.966941684952282	7
6.993147830477185	6
7.019294134692077	6
7.045378778954884	6
7.071406497934503	6
7.097385960284647	6
7.12333132787296	6
7.149260116766745	6
7.175192075768952	6
7.201147468684429	6
7.227145611476125	6
7.253203408975939	6
7.279334292106566	6
7.305547104854999	6
7.331845393494372	6
7.358227143712507	6
7.384685042571246	6
7.411206754684923	6
7.43777588575186	6
7.464373176644446	6
7.490978033593032	6
7.5175701513089	6
7.544131107476906	7
7.57061879094508	6
7.597054463007002	6
7.623434120467059	6
7.649759226845336	6
7.67603462353546	6
7.702270327813308	6
7.728479614978095	6
7.754678351049152	6
7.780883304859853	6
7.807111173160189	6
7.833377085521602	6
7.85969367930012	6
7.886070080294846	6
7.912511222288931	6
7.939017446584702	6
7.965584662217821	6
7.992204412544306	6
8.018864579904994	6
8.045550307298816	6
8.072245145058123	6
8.09893234979859	6
8.125596275251119	6
8.15222356271723	6
8.178804207537443	6
8.205332313285506	6
8.231806405610234	6
8.258229459825449	6
8.28460874553747	6
8.310954983464285	6
8.337281512199992	6
8.363603256726377	6
8.389935535223403	6
8.416292958708066	6
8.442688377771331	6
8.469131942932666	6
8.495630284613375	6
8.522186075940358	6
8.54879791761917	6
8.575460347328832	6
8.602164262888438	6
8.62889759492583	6
8.655646254815087	6
8.682395270690565	6
8.709129997712587	6
8.735837251110148	6
8.762506419260401	6
8.789130230773244	6
8.815705303266974	6
8.842232294005605	6
8.868715842063377	6
8.895164177753399	6
8.92158832024348	6
8.948001231699079	6
8.974416777984624	6
9.00084873079866	6
9.027309738250093	6
9.053810361565425	6
9.080358348867145	6
9.106957994711276	6
9.133609899932063	6
9.16031095467206	6
9.187054481414558	6
9.213830771128128	6
9.240627861784395	6
9.2674324378586	6
9.294230964582962	6
9.321010742577831	6
9.347760944447369	6
9.37447346713077	6
9.401143541523989	6
9.427770031271123	6
9.454355498971521	6
9.480905990542356	6
9.507430454277074	6
9.533940017540461	6
9.560447084351392	6
9.586964391019558	6
9.613504083063139	6
9.64007677804355	6
9.666690794178743	6
9.693351513775369	6
9.720060980060007	6
9.746817837643363	6
9.773617361831743	6
9.800451818686261	6
9.827311072662358	6
9.854183390201477	6
9.881056383424356	6
9.907918006974565	6
9.934757557285833	6
9.961566484923168	6
9.988339109003947	6
10.01507299457167	6
10.04176908956924	6
10.06843165011422	6
10.09506789393768	6
10.121687278284762	6
10.148300824962892	6
10.174920218430922	6
10.201556917928965	6
10.22822130930045	6
10.254921924560684	6
10.281664774359621	6
10.308452915828727	6
10.335286260985583	6
10.362161568805902	6
10.389072670788648	6
10.416010949235986	6
10.442966025665546	6
10.469926589433426	6
10.496881315427336	6
10.523819771934644	6
10.550733277346005	6
10.577615563647365	6
10.604463282714331	6
10.631276199051173	6
10.658057159031491	6
10.684811884256403	6
10.711548447972888	6
10.738276599408453	6
10.765006980473432	6
10.791750315192468	6
10.818516572106825	6
10.845314228942323	6
10.872149590405515	6
10.899026321539518	6
10.925945212219329	6
10.952904099597998	6
10.979897988977729	6
11.00691947672272	6
11.033959307276819	6
11.061007113766287	6
11.088052270029273	6
11.115084744132853	6
11.142095896726619	6
11.169079176132504	6
11.196030625620098	6
11.222949153979583	6
11.249836578411394	6
11.276697428327951	6
11.303538599877555	6
11.330368744083199	6
11.357197553771293	6
11.384034996525461	6
11.410890552953985	6
11.437772475434626	6
11.464687129921122	6
11.4916385267906	6
11.518628074565822	6
11.545654381399153	6
11.572713388134771	6
11.599798656337384	6
11.626901895403412	6
11.654013612321336	6
11.681123871745593	6
11.708223102187183	6
11.73530286042441	6
11.762356504862801	6
11.789379719288103	6
11.816370821816445	6
11.843330862242938	6
11.870263477552056	6
11.897174564763402	6
11.924071831825366	6
11.950964121751166	6
11.977860707732205	6
12.004770554541025	6
12.03170163513405	6
12.058660282308161	6
12.085650739632747	6
12.112674845173192	6
12.139731858545332	6
12.166818502999709	6
12.193929219366533	6
12.221056595106296	6
12.248191960568194	6
12.275326089954282	6
12.302449945849794	6
12.329555392571992	6
12.356635860558596	6
12.383686845304672	6
12.410706254088799	6
12.437694539318997	6
12.464654613222143	6
12.491591560910736	6
12.51851223515281	6
12.545424722267963	6
12.572337625191825	6
12.59925943424131	6
12.626197824608166	6
12.653159066035144	6
12.680147568840995	6
12.707165552292629	6
12.734212849355607	6
12.76128691988969	6
12.78838303258574	6
12.815494653983556	6
12.842613972579805	6
12.869732507473147	6
12.896841812214479	6
12.923934148232147	6
12.951003104777081	6
12.978044102318281	6
13.005054742573837	6
13.032034970173319	6
13.058987045811474	6
13.085915321539735	6
13.11282587961789	6
13.1397260774604	6
13.166623899950059	6
13.193527347062885	6
13.22044380564502	6
13.24737947349489	6
13.274338899835735	6
13.301324674313172	6
13.328337185612179	6
13.355374611644979	6
13.38243306028116	6
13.409506876278419	6
13.436589101911251	6
13.463672036037051	6
13.490747857563337	6
13.517809259026171	6
13.544850035201899	6
13.571865572696085	6
13.598853219771264	6
13.625812472064295	6
13.652744988442052	6
13.67965441437576	6
13.70654609199025	6
13.73342666089634	6
13.76030347958886	6
13.787184065302833	6
13.8140755093886	6
13.840983918040401	6
13.86791395550356	6
13.894868531923796	6
13.921848571219266	6
13.94885293763639	6
13.975878534334331	6
14.00292054979599	6
14.029972859866092	6
14.057028517251235	6
14.084080318119387	6
14.111121386987062	6
14.138145746086344	6
14.165148783948737	6
14.192127620431902	6
14.219081332804535	6
14.246011009053582	6
14.272919631129003	6
14.299811832606421	6
14.326693554814073	6
14.353571541079269	6
14.380452811559838	6
14.407344128646821	6
14.434251473804116	6
14.46117958996772	6
14.488131637858611	6
14.515108990883359	6
14.542111103031871	6
14.569135569370342	6
14.596178323492047	6
14.623233979530916	6
14.650296266281247	6
14.677358537985402	6
14.70441431437451	6
14.731457818014254	6
14.758484441154879	6
14.785491114384259	6
14.812476542636112	6
14.839441310479204	6
14.866387807811725	6
14.893320015832755	6
14.920243206432026	6
14.947163550334119	6
14.974087578013355	6
15.001021708185279	6
15.027971727298974	6
15.05494235323691	6
15.08193691670977	6
15.10895709477461	6
15.136002778199078	6
15.163072096134494	6
15.190161568192659	6
15.217266395200097	6
15.244380846402885	6
15.2714987250035	6
15.298613877546439	6
15.325720705705944	6
15.352814615094069	6
15.37989238417552	6
15.406952419334736	6
15.433994875373173	6
15.461021628220644	6
15.48803611807485	6
15.515043061551797	6
15.542048073906439	6
15.569057221482785	6
15.59607654777127	6
15.623111605240561	6
15.650167026540601	6
15.677246167086295	6
15.704350847698263	6
15.731481211756584	6
15.758635721359243	6
15.785811279869083	6
15.813003484499927	6
15.840206979342419	6
15.867415892985926	6
15.894624316426974	6
15.92182678398852	6
15.949018714296187	6
15.976196783790085	6
16.003359181592437	6
16.03050574101497	6
16.057637944867874	6
16.084758786460718	6
16.111872511209622	6
16.138984275249395	6
16.166099725780274	6
16.193224542058726	6
16.22036399455153	6
16.247522523970336	6
16.274703395855756	6
16.301908430690048	6
16.32913786123796	6
16.356390306811811	6
16.383662886301714	6
16.410951435767608	6
16.438250849386552	6
16.465555477699073	6
16.492859592283349	6
16.520157848180677	6
16.547445709596904	6
16.574719803458532	6
16.60197818929246	6
16.629220484796548	6
16.656447886808973	6
16.683663049299099	6
16.710869867306602	6
16.738073130787125	6
16.765278086614984	6
16.79249006211073	6
16.81971401093222	6
16.846954132678118	6
16.87421354673106	6
16.901494008380215	6
16.928795753665444	6
16.956117491599059	6
16.983456471609117	6
17.010808722040135	6
17.038169337956358	6
17.065532883610114	6
17.092893824868501	6
17.120246971152284	6
17.147587880972694	6
17.174913215179739	6
17.202220984525596	6
17.229510692352974	6
17.256783366929252	6
17.284041431350232	6
17.311288465456766	6
17.338528923057336	6
17.365767739951657	6
17.393009942450838	6
17.420260230621604	6
17.447522626096898	6
17.47480013711035	6
17.502094453147855	6
17.529405844537841	6
17.55673311253819	6
17.584073684977287	6
17.611423810930432	6
17.638778849868391	6
17.666133636375182	6
17.693482898672471	6
17.720821680415405	6
17.748145716052409	6
17.775451787954573	6
17.802737949084516	6
17.830003668625128	6
17.857249848919256	6
17.884478731988182	6
17.911693693807852	6
17.93889895722889	6
17.966099240356783	6
17.993299367192662	6
18.02050387754683	6
18.047716658259326	6
18.074940630339658	6
18.102177515200772	6
18.12942769591513	6
18.156690174987798	6
18.183962650674765	6
18.211241699677835	6
18.238523051209455	6
18.265801915989353	6
18.293073390577867	6
18.320332851354934	6
18.347576310523632	6
18.374800726726402	6
18.402004251405401	6
18.429186365281392	6
18.456347899529622	6
18.483490947796874	6
18.510618700432211	6
18.537735165066561	6
18.564844841052846	6
18.591952363779999	6
18.619062140825651	6
18.646178004284724	6
18.673302910606637	6
18.700438705797975	6
18.72758600057902	6
18.754744120117934	6
18.781911164476	6
18.809084156897242	6
18.836259304281345	6
18.863432296539578	6
18.890598662739016	6
18.917754144803233	6
18.944895034579968	6
18.97201847083651	6
18.999122680290963	6
19.026207109604094	6
19.05327246153994	6
19.080320639952177	6
19.107354585522231	6
19.134378061998262	6
19.161395338287917	6
19.188410874120706	6
19.215428956937728	6
19.242453386973192	6
19.269487200011817	6
19.296532437492782	6
19.323589990351767	6
19.350659552783704	6
19.37773966019747	6
19.404827818284222	6
19.431920721013384	6
19.459014521899945	6
19.486105161336869	6
19.513188706916619	6
19.540261694425521	6
19.567321372599437	6
19.594365976103138	6
19.621394846139637	6
19.648408512808174	6
19.675408626230954	6
19.702397838597356	6
19.729379602306324	6
19.756357911589426	6
19.783336988818267	6
19.81032096785237	6
19.83731359070104	6
19.864317933174508	6
19.891336175969681	6
19.918369446851582	6
19.945417755532262	6
19.972480014580967	6
19.999554131723443	6
20.026637193646298	6
20.05372572708194	6
20.08081598614184	6
20.10790426749351	6
20.134987221165549	6
20.162062135295852	6
20.189127162458025	6
20.216181478388215	6
20.243225345039768	6
20.270260106738107	6
20.297288081131807	6
20.324312379566717	6
20.351336672866264	6
20.378364906162016	6
20.405401004876911	6
20.432448572599842	6
20.459510616242937	6
20.486589330886353	6
20.513685937197994	6
20.540800596077528	6
20.567932405648378	6
20.595079485528505	6
20.622239139902835	6
20.649408075915147	6
20.676582689391179	6
20.703759357828428	6
20.730934740835341	6
20.758106058051808	6
20.785271316253127	6
20.81242947400473	6
20.839580521689072	6
20.866725483201606	6
20.893866338417002	6
20.921005846507196	6
20.948147334759195	6
20.975294433140231	6
21.002450779191324	6
21.029619734152238	6
21.056804115981194	6
21.084005982764204	6
21.111226459904731	6
21.138465660222742	6
21.165722668252066	6
21.192995608378773	6
21.220281795439643	6
21.24757794888313	6
21.274880449856525	6
21.302185639962129	6
21.329490106354555	6
21.356790955567501	6
21.384086037433246	6
21.41137411041624	6
21.438654931143585	6
21.465929263396589	6
21.493198809655222	6
21.520466009360749	6
21.547733851653962	6
21.575005620278699	6
21.602284617210408	6
21.629573886039136	6
21.656875965250048	6
21.684192680396556	6
21.711524974761733	6
21.738872811886527	6
21.7662351706565	6
21.793610124479624	6
21.820994953867292	6
21.848386375393435	6
21.875780777368746	6
21.903174506805449	6
21.930564148770337	6
21.957946764742154	6
21.985320144730995	6
22.012682923688356	6
22.040034680267048	6
22.067375978734848	6
22.094708267631734	6
22.122033746084558	6
22.149355153564809	6
22.17667554349638	6
22.20399800343057	6
22.231325386157895	6
22.258660071054582	6
22.286003754092636	6
22.313357305721748	6
22.340720684307847	6
22.368092905023524	6
22.39547207117932	6
22.42285555952385	6
22.45024017659426	6
22.477622427156181	6
22.504998767586361	6
22.532365886119571	6
22.55972094372294	6
22.587061800069172	6
22.614387153521722	6
22.64169662923873	6
22.668990783579027	6
22.696271033379908	6
22.723539523041186	6
22.750798932293488	6
22.778052243468974	6
22.805302491792887	6
22.8325524920708	6
22.859804621527068	6
22.887060616236706	6
22.914321420628266	6
22.941587105254833	6
22.968856841045461	6
22.99612897315453	6
23.023401150115589	6
23.050670502493734	6
23.077933860033479	6
23.105188023207823	6
23.132430000581255	6
23.159657251998357	6
23.186867871570417	6
23.214060748686208	6
23.241235643356379	6
23.268393194475255	6
23.295534855457664	6
23.322662783885356	6
23.349779656348375	6
23.37688844477039	6
23.403992191935732	6
23.431093764897863	6
23.45819564115201	6
23.485299719365528	6
23.512407167400557	6
23.539518333934332	6
23.566632737527755	6
23.593749127266342	6
23.620865578906749	6
23.647979666519564	6
23.675088659802238	6
23.702189759234098	6
23.72928032342616	6
23.756358086010131	6
23.783421366741372	6
23.810469192076493	6
23.837501388311686	6
23.864518603448246	6
23.891522267848796	6
23.918514476537915	6
23.945497832767476	6
23.972475252173577	6
23.999449752956448	6
24.026424227278127	6
24.053401238665323	6
24.080382826496727	6
24.107370379301116	6
24.134364552361767	6
24.161365222245884	6
24.188371516675012	6
24.215381905481525	6
24.242394346765668	6
24.269406476472888	6
24.296415804301898	6
24.323419950791777	6
24.350416844402837	6
24.377404897877373	6
24.404383158365295	6
24.431351398020499	6
24.458310134849082	6
24.485260634245208	6
24.512204794904903	6
24.539145024053127	6
24.566084071371762	6
24.593024824765138	6
24.619970104127773	6
24.646922452470591	6
24.673883968934732	6
24.700856158500905	6
24.727839847448628	6
24.754835124792972	6
24.78184135794784	6
24.808857272348359	6
24.835881067489332	6
24.862910579883945	6
24.889943480092644	6
24.916977473097877	6
24.944010499935111	6
24.971040919854836	6
24.998067647193043	6
25.025090271440686	6
25.052109089299975	6
25.079125095952843	6
25.106139914133308	6
25.133155673491455	6
25.160174867153611	6
25.187200153209982	6
25.214234162711968	6
25.241279301756901	6
25.268337577538155	6
25.295410451773513	6
25.32249873800756	6
25.349602544455678	6
25.376721276360708	6
25.403853698158279	6
25.430998043737087	6
25.458152155141569	6
25.485313677126832	6
25.51248024817377	6
25.539649698693093	6
25.566820227399802	6
25.593990556182053	6
25.621160025160155	6
25.648328646546215	6
25.675497113539922	6
25.702666740277699	6
25.729839342016486	6
25.757017094274872	6
25.784202358942188	6
25.811397490911443	6
25.838604645616201	6
25.865825600283092	6
25.893061614742269	6
25.920313322194268	6
25.947580680694788	6
25.97486295684314	6
26.002158777759895	6
26.02946624182038	6
26.056783069446716	6
26.084106761513684	6
26.1114348059746	6
26.138764856023005	6
26.166094925111686	6
26.19342353787513	6
26.220749835601882	6
26.248073614324987	6
26.275395294210401	6
26.3027158963116	6
26.330036926146835	6
26.357360254405894	6
26.38468794149524	6
26.412022042418609	6
26.439364421124971	6
26.466716605780203	6
26.494079622048968	6
26.521453905317365	6
26.548839232342669	6
26.576234724446032	6
26.603638909657811	6
26.631049811649515	6
26.658465080452114	6
26.68588214935933	6
26.713298452163706	6
26.740711589528392	6
26.768119509307752	6
26.795520639645694	6
26.822914010425755	6
26.850299276484805	6
26.877676730275944	6
26.905047263419185	6
26.932412244397003	6
26.959773398183401	6
26.987132629388721	6
27.01449185676913	6
27.041852839723642	6
27.069217002401579	6
27.096585300917386	6
27.123958139048348	6
27.151335330081597	6
27.178716028051404	6
27.206098809051564	6
27.233481765724516	6
27.260862647969713	6
27.288239011415129	6
27.315608407465511	6
27.342968563487464	6
27.37031754347338	6
27.397653883702016	6
27.424976706382417	6
27.452285765558397	6
27.479581432860776	6
27.506864644267502	6
27.534136819325134	6
27.561399729601224	6
27.588655338510932	6
27.615905622502499	6
27.643152414387302	6
27.67039722976396	6
27.69764115569151	6
27.724884744761049	6
27.752127974249341	6
27.779370236792094	6
27.806610382793302	6
27.83384679801943	6
27.861077546016947	6
27.888300529353774	6
27.915513635066887	6
27.942714905423109	6
27.969902705029881	6
27.997075829804128	6
28.024233628916193	6
28.051376031634341	6
28.078503566867337	6
28.105617298161942	6
28.132718752111547	6
28.159809801626661	6
28.186892503702396	6
28.21396893580236	6
28.241041058998299	6
28.268110571359745	6
28.295178778409955	6
28.322246495108953	6
28.349313987866459	6
28.376380990914779	6
28.40344671361024	6
28.430509941559205	6
28.45756913148437	6
28.484622560565636	6
28.511668450555469	6
28.538705165360845	6
28.565731315420074	6
28.592745915269841	6
28.619748462412218	6
28.646738978457652	6
28.67371803667827	6
28.700686734162385	6
28.727646607128246	6
28.754599518240674	6
28.781547547520113	6
28.808492820450702	6
28.835437361118817	6
28.862382980591512	6
28.889331157150181	6
28.916282909285815	6
28.943238762464514	6
28.970198720631178	6
28.997162302958813	6
29.024128575621468	6
29.051096328446516	6
29.078064094584125	6
29.105030326194317	6
29.131993551067808	6
29.158952520104027	6
29.185906299831579	6
29.21285438242478	6
29.239796764221374	6
29.266733923561382	6
29.29366683338197	6
29.320596898953013	6
29.347525851336659	6
29.374455649820071	6
29.401388331776833	6
29.42832588948832	6
29.455270121002911	6
29.48222251093388	6
29.509184146508478	6
29.53615565005893	6
29.563137155864556	6
29.59012831577526	6
29.617128351529889	6
29.644136133761947	6
29.671150294376851	6
29.698169353325419	6
29.725191854927939	6
29.752216503702694	6
29.779242285942249	6
29.806268558923371	6
29.833295129321804	6
29.8603222748314	6
29.887350738438677	6
29.914381673875585	6
29.941416578273824	6
29.968457175689057	6
29.995505294336287	6
30.022562746578291	6
30.049631175713465	6
30.076711948606263	6
30.103806056154774	6
30.13091404462552	6
30.158035983410034	6
30.185171464845197	6
30.212319640604456	6
30.2394793074814	6
30.266649004920101	6
30.293827138856759	6
30.321012109730972	6
30.348202450342288	6
30.375396943566987	6
30.402594718102865	6
30.429795322619306	6
30.456998760614013	6
30.484205480771372	6
30.511416345473627	6
30.538632544749568	6
30.565855509501773	6
30.593086779677012	6
30.620327881009313	6
30.64758018612206	6
30.674844806271977	6
30.702122496390043	6
30.729413570030886	6
30.756717883097533	6
30.784034817099485	6
30.811363327334895	6
30.838702011865248	6
30.866049208167528	6
30.893403134313996	6
30.920761992015539	6
30.948124104316072	6
30.975488035354871	6
31.002852678697963	6
31.030217325277359	6
31.057581717919167	6
31.084946023646214	6
31.112310826602574	6
31.139677036208241	6
31.167045811377346	6
31.194418430268598	6
31.221796164254052	6
31.249180144269499	6
31.276571256339835	6
31.30397004256757	6
31.331376651924892	6
31.358790766077217	6
31.386211627846127	6
31.413638039979499	6
31.441068501990003	6
31.468501262625526	6
31.495934443158269	6
31.523366180576364	6
31.550794737141572	6
31.578218614735707	6
31.605636621607889	6
31.633047992661623	6
31.660452393561584	6
31.687849933139379	6
31.71524110987173	6
31.74262675166997	6
31.770007924799412	6
31.797385812633777	6
31.824761615644206	6
31.852136406811209	6
31.879511029686739	6
31.906886029433227	6
31.934261585037305	6
31.961637407891629	6
31.989012806949901	6
32.016386685092733	6
32.043757639083665	6
32.071124026811354	6
32.098484105571835	6
32.12583613659109	6
32.153178513619316	6
32.180509866640101	6
32.207829191271131	6
32.235135870277666	6
32.262429716193672	6
32.289710964938358	6
32.316980246157925	6
32.344238514689586	6
32.371486967492622	6
32.398726917635166	6
32.425959693334825	6
32.453186528278458	6
32.480408447783212	6
32.50762617641287	6
32.534840077508463	6
32.562050123825017	6
32.589255891209561	6
32.616456604315829	6
32.643651173844589	6
32.670838290806905	6
32.698016560705184	6
32.725184589355841	6
32.752341099814345	6
32.779485060387564	6
32.80661572524707	6
32.833732725817086	6
32.860836087169844	6
32.887926252729471	6
32.915004034174174	6
32.942070542595694	6
32.96912711974408	6
32.99617524584	6
33.023216419035407	6
33.050252057584174	6
33.077283398625603	6
33.104311408105595	6
33.131336716800107	6
33.158359598411472	6
33.185379953252706	6
33.212397345939813	6
33.2394110474375	6
33.266420106738479	6
33.293423458942605	6
33.320420023574748	6
33.347408796958675	6
33.374388969121121	6
33.401359989834575	6
33.428321651142788	6
33.455274091706364	6
33.482217818324656	6
33.509153699824658	6
33.536082899115605	6
33.563006801355833	6
33.589926940274083	6
33.616844885453531	6
33.643762127421056	6
33.670680020413826	6
33.697599683934477	6
33.72452192736057	6
33.751447233162942	6
33.778375740777548	6
33.805307222460819	6
33.832241175181807	6
33.85917687017907	6
33.88611343571705	6
33.913049936073264	6
33.939985502135215	6
33.966919397329576	6
33.993851114346811	6
34.020780419843227	6
34.047707415052592	6
34.074632550960615	6
34.10155658972571	6
34.128480584603807	6
34.155405817707233	6
34.182333715641924	6
34.20926576984202	6
34.236203424050814	6
34.263147985363616	6
34.290100553549742	6
34.317061950544186	6
34.34403268795181	6
34.371012939764633	6
34.39800254643918	6
34.425001050996322	6
34.452007752601169	6
34.479021787638708	6
34.50604221300339	6
34.533068101508164	6
34.560098625767374	6
34.587133143490348	6
34.614171274844068	6
34.641212936181546	6
34.668258355822225	6
34.695308075271548	6
34.722362919150811	6
34.749423942365375	6
34.776492354012859	6
34.803569425049865	6
34.830656404170085	6
34.857754425404764	6
34.884864428515314	6
34.911987087241918	6
34.939122759770861	6
34.966271475163701	6
34.993432937050201	6
35.020606540936249	6
35.047791436062056	6
35.074986595691776	6
35.102190890201925	6
35.129403189134308	6
35.15662244831892	6
35.183847790709336	6
35.211078583979813	6
35.238314466840777	6
35.265555390607837	6
35.292801605480371	6
35.320053638734208	6
35.347312240900621	6
35.374578319998207	6
35.40185284566126	6
35.42913677497701	6
35.456430958964916	6
35.483736070655468	6
35.511052531752249	6
35.538380433288147	6
35.565719542559854	6
35.593069299756756	6
35.620428855728292	6
35.647797108421052	6
35.675172785184429	6
35.702554524385206	6
35.729940959742237	6
35.757330813587281	6
35.784722966400366	6
35.812116546716254	6
35.839510955042272	6
35.866905901989426	6
35.894301416626881	6
35.921697796707761	6
35.949095562773955	6
35.976495385476099	6
36.003898010273339	6
36.031304184838618	6
36.058714547034739	6
36.086129549369382	6
36.113549381596023	6
36.140973995553168	6
36.168403009972764	6
36.195835742889201	6
36.223271245933525	6
36.250708349759712	6
36.278145715771849	6
36.305581904852602	6
36.333015511143692	6
36.360445209307628	6
36.387869854237145	6
36.415288536578039	6
36.442700637111635	6
36.47010583930301	6
36.497504128836191	6
36.524895765980602	6
36.55228124526564	6
36.579661220993451	6
36.607036433173128	6
36.634407622737406	6
36.66177547078388	6
36.689140459160683	6
36.716502849787737	6
36.743862637783359	6
36.771219523173549	6
36.798572913898767	6
36.825921963564426	6
36.853265615079593	6
36.880602676000372	6
36.907931882761496	6
36.93525201287747	6
36.962561962096103	6
36.989860792442606	6
37.017147803839819	6
37.044422577646863	6
37.071684995009001	6
37.098935238651968	6
37.126173762767216	6
37.153401264189398	6
37.180618590054983	6
37.207826674980588	6
37.235026456184237	6
37.262218796202795	6
37.289404405291187	6
37.316583792253219	6
37.343757217511609	6
37.370924654902865	6
37.398085829060513	6
37.425240223872613	6
37.452387125387901	6
37.479525698673918	6
37.506655036569889	6
37.533774251015537	6
37.560882544937883	6
37.587979277989199	6
37.615064041623256	6
37.642136686232625	6
37.669197339542087	6
37.696246390826289	6
37.723284512712624	6
37.750312571610657	6
37.777331592101191	6
37.804342691358976	6
37.831347001114615	6
37.85834558911877	6
37.885339397147469	6
37.912329172468262	6
37.93931544519824	6
37.966298488386471	6
37.993278322522521	6
38.020254738945304	6
38.047227337607367	6
38.074195567112866	6
38.101158808776269	6
38.128116440179681	6
38.155067905521733	6
38.182012763650434	6
38.208950759002654	6
38.235881879665548	6
38.26280636022927	6
38.28972468509911	6
38.316637584509081	6
38.343545983540558	6
38.370450962581202	6
38.39735368692196	6
38.424255353216907	6
38.451157112957084	6
38.478060019829172	6
38.504964923834301	6
38.531872493576337	6
38.558783151342013	6
38.585697077319189	6
38.612614224822515	6
38.639534359932526	6
38.666457072199051	6
38.693381857687974	6
38.720308185832167	6
38.747235563710433	6
38.774163599307805	6
38.801092047978962	6
38.828020857858078	6
38.854950205559987	6
38.881880499167067	6
38.908812365692818	6
38.935746630957212	6
38.962684271965735	6
38.989626353415858	6
39.016573964051716	6
39.043528165551571	6
39.070489937060131	6
39.097460104638536	6
39.124439295040787	6
39.151427908037071	6
39.178426108329084	6
39.20543382698721	6
39.232450786462792	6
39.259476541203455	6
39.286510529002463	6
39.313552131259733	6
39.340600748996245	6
39.367655848756314	6
39.394717025761558	6
39.421784050746382	6
39.448856895836371	6
39.475935759879142	6
39.503021048275478	6
39.530113356687352	6
39.557213426478754	6
39.584322097913102	6
39.611440249090009	6
39.638568727223266	6
39.665708285229812	6
39.692859541915524	6
39.720022918801433	6
39.747198617225401	6
39.774386607799372	6
39.801586617924649	6
39.828798166609225	6
39.856020596167617	6
39.883253130418545	6
39.910494929387085	6
39.937745149073393	6
39.965003006591331	6
39.992267841624503	6
40.019539149432056	6
40.046816624656707	6
40.074100173590075	6
40.101389904063346	6
40.128686105774278	6
40.15598924098353	6
40.183299873746876	6
40.210618572148107	6
40.237945884629816	6
40.265282249865358	6
40.292627982839363	6
40.319983210982514	6
40.34734784690616	6
40.37472157548428	6
40.402103862128286	6
40.429493967882749	6
40.456890995484407	6
40.484293925713068	6
40.511701693588165	6
40.539113235388555	6
40.566527551209788	6
40.593943782406761	6
40.621361224978571	6
40.648779382890943	6
40.676197958294765	6
40.703616857675222	6
40.731036166765996	6
40.758456123237679	6
40.785877044156358	6
40.813299309340067	6
40.84072330371702	6
40.868149312258332	6
40.895577504187152	6
40.923007881394859	6
40.950440248077172	6
40.977874184755493	6
41.005309061529708	6
41.032744083484495	6
41.060178293921474	6
41.087610637843127	6
41.11504001648386	6
41.142465363593885	6
41.169885690209298	6
41.197300131481001	6
41.224707996226499	6
41.252108795670608	6
41.279502261414635	6
41.306888341041869	6
41.334267172378347	6
41.361639036175397	6
41.389004318377509	6
41.416363444961	6
41.443716833627924	6
41.47106483328303	6
41.498407679753392	6
41.525745446511763	6
41.553078032721636	6
41.580405147283784	6
41.607726314431446	6
41.63504089895828	6
41.662348169033237	6
41.689647295068703	6
41.71693741940242	6
41.744217705623605	6
41.771487404469248	6
41.798745897717566	6
41.825992748599433	6
41.853227734900798	6
41.880450831936407	6
41.907662214308402	6
41.93486224999716	6
41.962051446828234	6
41.989230410606318	6
42.01639979626939	6
42.043560272249138	6
42.070712429066184	6
42.097856772745423	6
42.124993657478036	6
42.152123279914008	6
42.179245666976527	6
42.206360666613087	6
42.233467986785854	6
42.26056720834206	6
42.287657827429115	6
42.314739321844634	6
42.341811199105258	6
42.368873025812306	6
42.395924474508725	6
42.422965386296582	6
42.449995776541293	6
42.477015848142521	6
42.504025995514851	6
42.531026780672839	6
42.558018913517877	6
42.585003197763804	6
42.611980490595514	6
42.638951652718646	6
42.665917493666875	6
42.692878729716213	6
42.719835955864752	6
42.746789617108618	6
42.773739989247879	6
42.80068718495626	6
42.827631173972449	6
42.854571802100409	6
42.881508815261213	6
42.908441910328833	6
42.935370791853153	6
42.962295215127583	6
42.989215039275855	6
43.016130238326689	6
43.04304093909316	6
43.069947443683112	6
43.096850221403521	6
43.123749886237505	6
43.150647197913131	6
43.177543015676001	6
43.204438231266892	6
43.231333758789802	6
43.258230470699537	6
43.285129153152802	6
43.312030488558648	6
43.338935031921075	6
43.365843151236454	6
43.392755051843743	6
43.419670797645821	6
43.446590318222036	6
43.473513444538455	6
43.500439944565571	6
43.527369564955343	6
43.554302075481438	6
43.581237313183202	6
43.608175223683588	6
43.635115880379402	6
43.662059510485371	6
43.689006484245077	6
43.715957302290647	6
43.742912600779597	6
43.769873117033221	6
43.796839649236389	6
43.823813002988807	6
43.850793954844214	6
43.877783208619547	6
43.90478135885914	6
43.931788857081202	6
43.958805999443555	6
43.985832916667462	6
44.012869578204437	6
44.039915822349613	6
44.066971366565362	6
44.0940358534287	6
44.121108892094249	6
44.148190099141566	6
44.175279151598019	6
44.202375805516247	6
44.229479938009469	6
44.256591556856051	6
44.283710812368298	6
44.31083798808011	6
44.337973483095816	6
44.365117781966148	6
44.392271434920076	6
44.419435000804029	6
44.446609012277044	6
44.473793930138683	6
44.500990101808668	6
44.528197742040746	6
44.555416901955375	6
44.582647477770699	6
44.60988920554351	6
44.637141676919768	6
44.664404364381838	6
44.691676664077093	6
44.718957924411995	6
44.746247500368568	6
44.773544796239321	6
44.800849288559938	6
44.828160565542348	6
44.855478369465622	6
44.882802580370736	6
44.910133178984445	6
44.937470260037287	6
44.96481399169393	6
44.992164610564899	6
45.019522363658652	6
45.046887476227852	6
45.074260106157347	6
45.101640310838022	6
45.129028024978474	6
45.156423033621891	6
45.183824976329262	6
45.211233341219483	6
45.23864749256343	6
45.26606668891182	6
45.293490116854507	6
45.320916940162824	6
45.348346328909663	6
45.375777498950328	6
45.403209750030214	6
45.430642489092001	6
45.458075239937855	6
45.48550766824161	6
45.512939604486874	6
45.540370990044217	6
45.567801851241562	6
45.595232292602255	6
45.622662437018761	6
45.650092386421122	6
45.677522181750092	6
45.704951783814387	6
45.732381048234721	6
45.75980969110276	6
45.787237290140276	6
45.814663293252501	6
45.842087050490221	6
45.869507818602251	6
45.896924792499298	6
45.924337154332534	6
45.951744103704975	6
45.979144919913395	6
46.0065389824167	6
46.033925766074709	6
46.061304881968802	6
46.088676088453539	6
46.116039266868789	6
46.143394427098471	6
46.170741669689747	6
46.198081169909656	6
46.225413129821085	6
46.252737754465336	6
46.280055210352074	6
46.307365594629431	6
46.334668918608912	6
46.36196510819952	6
46.389253952818613	6
46.416535127925975	6
46.44380820287423	6
46.471072683288149	6
46.49832802041113	6
46.525573668126633	6
46.552809124639303	6
46.580033930750133	6
46.607247717117978	6
46.634450247293785	6
46.661641401922289	6
46.688821188961974	6
46.715989757921129	6
46.743147388718242	6
46.770294438652471	6
46.79743135634871	6
46.824558607458883	6
46.851676669500158	6
46.878785992423815	6
46.905886950506748	6
46.932979858228791	6
46.960064920621619	6
46.987142230055547	6
47.014211783515663	6
47.041273490236534	6
47.068327178663637	6
47.095372612185955	6
47.122409552288559	6
47.149437776049488	6
47.176457108126215	6
47.203467451174774	6
47.230468815293854	6
47.257461321988771	6
47.284445222355309	6
47.311420882933739	6
47.338388770506114	6
47.365349450647606	6
47.39230354321564	6
47.419251718571864	6
47.446194648109326	6
47.473132965928748	6
47.500067264667045	6
47.526998066934226	6
47.553925792698479	6
47.580850750353711	6
47.607773135016167	6
47.63469305425113	6
47.66161054036877	6
47.688525571502183	6
47.715438090245073	6
47.742348041414594	6
47.769255403585603	6
47.796160214154803	6
47.823062563694336	6
47.849962682278424	6
47.8768608770662	6
47.90375756579536	6
47.930653266242686	6
47.957548581687234	6
47.98444416423591	6
48.011340719207027	6
48.038238953014599	6
48.06513954771679	6
48.092043119984908	6
48.118950223049431	6
48.145861332324401	6
48.172776795770332	6
48.199696867907974	6
48.226621698629756	6
48.253551349909117	6
48.280485811815709	6
48.307425036909656	6
48.334368955934181	6
48.36131751618921	6
48.388270698155551	6
48.415228526938812	6
48.442191125736827	6
48.469158718378551	6
48.496131619722505	6
48.523110229554796	6
48.550095027999184	6
48.577086552032412	6
48.604085372080149	6
48.63109206064901	6
48.658107167367312	6
48.685131188977586	6
48.712164545969465	6
48.73920757106977	6
48.766260484557797	6
48.793323400205352	6
48.820396323519816	6
48.84747917097976	6
48.874571785692211	6
48.901673950932604	6
48.928785426526403	6
48.955905973838277	6
48.983035379107079	6
49.010173473018341	6
49.037320156911107	6
49.064475411695987	6
49.091639307565281	6
49.118811998420149	6
49.145993706691222	6
49.173184703558803	6
49.200385292308312	6
49.227595775886876	6
49.254816434340853	6
49.282047499698528	6
49.309289135378258	6
49.336541402573395	6
49.363804264301329	6
49.391077568305931	6
49.41836105452267	6
49.445654372611926	6
49.472957094632605	6
49.500268723815665	6
49.527588754530932	6
49.554916688929616	6
49.582252037620968	6
49.609594347474079	6
49.636943216458803	6
49.664298319488346	6
49.691659426930833	6
49.719026387280927	6
49.746399116288053	6
49.773777588673333	6
49.801161812700862	6
49.828551812844495	6
49.855947595250313	6
49.883349129822086	6
49.910756323426895	6
49.938168991408858	6
49.965586874105348	6
49.993009606303552	6
50.020436725297138	6
50.047867697128808	6
50.075301897756063	6
50.102738650314741	6
50.13017725413318	6
50.157617006675672	6
50.185057247392841	6
50.212497390455994	6
50.239936903713463	6
50.26737533494034	6
50.29481234200675	6
50.322247661244511	6
50.349681099125242	6
50.377112529866352	6
50.404541875564227	6
50.431969089366099	6
50.459394104429023	6
50.486816829900945	6
50.514237122221992	6
50.541654786476307	6
50.569069541027744	6
50.596481020175787	6
50.623888783918296	6
50.651292314987899	6
50.678691065691417	6
50.706084455143063	6
50.733471848716938	6
50.760852655675919	6
50.788226300927768	6
50.815592264352794	6
50.842950110488438	6
50.870299487469993	6
50.897640142373497	6
50.924971920201529	6
50.952294758850272	6
50.97960867227232	6
51.006913729381907	6
51.034210051788918	6
51.061497787774641	6
51.088777046815387	6
51.116047899935936	6
51.143310364429603	6
51.170564394595964	6
51.197809869881006	6
51.225046620599379	6
51.252274416276187	6
51.279492960348435	6
51.306701933434852	6
51.333901018077803	6
51.361089892226858	6
51.388268267997269	6
51.415435936876918	6
51.442592753052068	6
51.469738661571341	6
51.496873700344949	6
51.523997997154481	6
51.55111177391634	6
51.578215323618402	6
51.605308999308541	6
51.632393192587379	6
51.659468299869317	6
51.68653471807032	6
51.713592818238361	6
51.740642918763626	6
51.767685266650794	6
51.794720031853487	6
51.821747323397808	6
51.848767202764058	6
51.875779666550208	6
51.902784677411354	6
51.929782188974201	6
51.956772164833602	6
51.983754592352746	6
52.010729502725923	6
52.03769697968287	6
52.064657190502281	6
52.091610382891488	6
52.118556894546764	6
52.145497131066591	6
52.172431560410502	6
52.199360722505098	6
52.226285184863741	6
52.25320552606113	6
52.280122297357288	6
52.307036020514758	6
52.333947180895372	6
52.360856207259701	6
52.387763451348086	6
52.414669191492067	6
52.441573657639637	6
52.468477017707251	6
52.495379373971218	6
52.52228080874508	6
52.549181411951103	6
52.576081263466698	6
52.602980491736346	6
52.629879253850348	6
52.656777773115081	6
52.683676347417972	6
52.710575359282316	6
52.737475239999966	6
52.764376472778977	6
52.791279593179588	6
52.81818517061199	6
52.845093786668606	6
52.872006004852182	6
52.898922361471065	6
52.925843337056712	6
52.952769350597094	6
52.979700757139071	6
53.006637831953505	6
53.033580779873084	6
53.060529740281694	6
53.087484786577598	6
53.11444595024841	6
53.141413253328444	6
53.168386727455562	6
53.195366413423159	6
53.222352387302422	6
53.24934477165629	6
53.27634374737891	6
53.303349550858684	6
53.330362477265204	6
53.35738287205708	6
53.384411115666126	6
53.411447616493398	6
53.43849278569855	6
53.465547015886862	6
53.492610672686425	6
53.519684069472234	6
53.546767464749372	6
53.573861038499139	6
53.60096489503114	6
53.628079062346785	6
53.655203494707422	6
53.682338084226636	6
53.709482675858638	6
53.736637074865982	6
53.763801092478147	6
53.790974539767795	6
53.818157254547344	6
53.845349112247852	6
53.872550031881168	6
53.899759987808274	6
53.9269790010988	6
53.954207141253235	6
53.981444519532936	6
54.008691263623739	6
54.035947506510844	6
54.06321336587996	6
54.090488923587628	6
54.117774215303491	6
54.145069215632816	6
54.17237382129683	6
54.199687856232373	6
54.227011087897573	6
54.25434319300382	6
54.281683781565469	6
54.309032399836006	6
54.336388561582964	6
54.363751773286687	6
54.391121558308697	6
54.4184974589962	6
54.445879056072954	6
54.473265984931444	6
54.500657936297337	6
54.528054667466563	6
54.555455983543027	6
54.582861730112811	6
54.610271792149661	6
54.63768606503838	6
54.665104434793342	6
54.692526773768918	6
54.719952914228735	6
54.747382618863462	6
54.774815590574079	6
54.802251459548479	6
54.829689771241085	6
54.857130012316055	6
54.884571652926546	6
54.912014102101786	6
54.939456745384661	6
54.966898986991403	6
54.994340240566935	6
55.02177994990528	6
55.049217594718542	6
55.076652737994422	6
55.104085004129374	6
55.131514084348531	6
55.158939724582396	6
55.186361726742788	6
55.213779940376391	6
55.241194246910105	6
55.268604522158135	6
55.296010635280666	6
55.323412423311524	6
55.350809697646838	6
55.37820222508293	6
55.405589717132607	6
55.432971799045497	6
55.460348065608883	6
55.487718040286524	6
55.51508122719251	6
55.542437119408653	6
55.569785215132121	6
55.597125038625144	6
55.62445616638675	6
55.651778237683175	6
55.679090965220901	6
55.706394143072799	6
55.73368767340618	6
55.760971517273902	6
55.788245693763692	6
55.815510259611898	6
55.842765319722702	6
55.870010980983196	6
55.897247359820852	6
55.924474568509503	6
55.95169266814834	6
55.978901670082877	6
56.006101557418411	6
56.033292244521007	6
56.060473587162733	6
56.087645414941413	6
56.114807548333403	6
56.141959780710167	6
56.169101930645311	6
56.196233830955215	6
56.223355363808373	6
56.250466477104794	6
56.277567174488979	6
56.304657553364464	6
56.331737776753535	6
56.358808080678692	6
56.385868766838939	6
56.412920188488002	6
56.439962723803404	6
56.466996744046853	6
56.494022633400213	6
56.521040757043288	6
56.548051445374107	6
56.57505498141213	6
56.602051611225214	6
56.629041521307812	6
56.656024860704356	6
56.683001729883372	6
56.709972188683551	6
56.736936293430396	6
56.763894088286236	6
56.790845651129139	6
56.817791092512564	6
56.844730562016707	6
56.871664267289383	6
56.898592499021497	6
56.925515601659271	6
56.952433973614525	6
56.979348054414324	6
57.006258332244883	6
57.03316533383353	6
57.060069586551847	6
57.086971612520337	6
57.113871914863182	6
57.14077096988985	6
57.16766920251488	6
57.194566967212069	6
57.22146459060405	6
57.248362321809864	6
57.275260378218995	6
57.302158924759432	6
57.329058112331381	6
57.355958070412449	6
57.382858954873079	6
57.409760928022749	6
57.436664187535193	6
57.463568964812637	6
57.490475550402508	6
57.517384298620968	6
57.544295598170748	6
57.57120989101881	6
57.598127649437458	6
57.625049364283555	6
57.651975532107947	6
57.678906647649576	6
57.705843172135481	6
57.732785537138184	6
57.759734119928481	6
57.786689224630187	6
57.813651109468466	6
57.840619981352845	6
57.867595992033394	6
57.894579246299386	6
57.921569812835642	6
57.948567742200972	6
57.975573078225018	6
58.002585869694066	6
58.029606187248703	6
58.05663413181356	6
58.083669839568017	6
58.110713494796592	6
58.137765317453919	6
58.1648255662938	6
58.191894526480787	6
58.218972503979458	6
58.246059814414174	6
58.273156753692056	6
58.300263595121521	6
58.32738057222636	6
58.354507865723328	6
58.381645591036303	6
58.408793799049164	6
58.435952478800914	6
58.463121560935498	6
58.490300926491614	6
58.517490413065694	6
58.544689824854693	6
58.571898956047896	6
58.599117595299035	6
58.626345546850033	6
58.653582645289049	6
58.680828762006172	6
58.708083797229037	6
58.735347696024427	6
58.762620432769722	6
58.789902006584448	6
58.817192439399768	6
58.844491753994724	6
58.871799954626788	6
58.899117044208715	6
58.926442976913535	6
58.953777636219257	6
58.981120846281378	6
59.008472349724293	6
59.035831831234439	6
59.063198927743791	6
59.090573223672713	6
59.117954262796587	6
59.145341566410508	6
59.172734647761743	6
59.200133033196906	6
59.227536271068935	6
59.254943939175256	6
59.282355666376837	6
59.309771113198451	6
59.337190001491088	6
59.364612089956758	6
59.392037163143605	6
59.419465042564703	6
59.446895549198381	6
59.474328486487394	6
59.501763624384964	6
59.52920071253488	6
59.556639469959819	6
59.584079577206118	6
59.611520641848138	6
59.638962229658937	6
59.666403863853247	6
59.693845026512278	6
59.721285156472391	6
59.74872369668546	6
59.776160088805014	6
59.803593807499148	6
59.831024344403261	6
59.858451235652133	6
59.885874071274458	6
59.913292511656195	6
59.940706264766924	6
59.968115088852649	6
59.99551878950674	6
60.022917202145933	6
60.050310198944899	6
60.077697663588282	6
60.105079444435653	6
60.132455377989672	6
60.159825254920527	6
60.187188815422573	6
60.214545768225165	6
60.241895769880195	6
60.269238446104772	6
60.296573399267011	6
60.323900223007193	6
60.351218515555296	6
60.378527890994718	6
60.405828014268998	6
60.433118615266771	6
60.460399448238363	6
60.487670332527799	6
60.514931150231085	6
60.542181848473838	6
60.569422427036336	6
60.596652955651422	6
60.623873537935992	6
60.651084283915623	6
60.678285322156391	6
60.705476785239526	6
60.732658763701941	6
60.759831320403642	6
60.786994504796127	6
60.81414831257301	6
60.841292717133612	6
60.868427652536532	6
60.895553030133001	6
60.922668759769081	6
60.94977474773097	6
60.976870926333078	6
61.003957258563254	6
61.031033745708314	6
61.058100449429666	6
61.085157490782315	6
61.112205047469594	6
61.139243337065459	6
61.166272627609345	6
61.193293236948378	6
61.220305525276743	6
61.247309858341389	6
61.27430661351319	6
61.301296163517534	6
61.328278869917284	6
61.355255059537157	6
61.382225019990493	6
61.409188994461317	6
61.436147193054644	6
61.463099794409729	6
61.490046959388614	6
61.516988819582323	6
61.543925497289436	6
61.570857149989763	6
61.597783945224414	6
61.624706080037917	6
61.651623772596153	6
61.678537292164741	6
61.705446964636195	6
61.732353161313306	6
61.75925629383525	6
61.786156809149055	6
61.813055190268443	6
61.839951936612536	6
61.866847520490204	6
61.893742419215201	6
61.920637094033786	6
61.947531961092757	6
61.974427412496858	6
62.00132378163822	6
62.028221360931738	6
62.055120413920406	6
62.082021174858518	6
62.10892384484869	6
62.135828600160153	6
62.162735617621884	6
62.189645098762739	6
62.216557256173715	6
62.243472322102747	6
62.27039056837549	6
62.297312296109268	6
62.324237845332654	6
62.351167593043655	6
62.378101938244313	6
62.405041304733892	6
62.431986123704625	6
62.458936804788479	6
62.485893747823241	6
62.512857334459866	6
62.539827923736667	6
62.566805823953565	6
62.593791297237232	6
62.620784555353495	6
62.647785768497535	6
62.674795060230011	6
62.701812521125056	6
62.72883821593247	6
62.755872191937399	6
62.78291449993786	6
62.809965192821203	6
62.837024337247662	6
62.864092027361622	6
62.891168383371294	6
62.918253565325692	6
62.945347751477563	6
62.972451144130702	6
62.999563963147082	6
63.026686426449103	6
63.05381874547404	6
63.080961112066497	6
63.108113679113103	6
63.135276576937208	6
63.162449884528129	6
63.189633627588044	6
63.216827779523442	6
63.244032260219385	6
63.271246942520662	6
63.298471657842981	6
63.325706210403453	6
63.352950391906894	6
63.380203979177224	6
63.407466754592598	6
63.434738512403392	6
63.46201906361447	6
63.489308247476963	6
63.516605930954526	6
63.543912000000603	6
63.571226379390644	6
63.59854902113932	6
63.625879839326217	6
63.653218756193191	6
63.680565643439095	6
63.707920354378679	6
63.735282706184655	6
63.762652480794188	6
63.790029405551685	6
63.817413162424707	6
63.844803387557768	6
63.872199676737381	6
63.899601609083852	6
63.927008731912863	6
63.954420584613345	6
63.98183670821048	6
64.00925666464488	6
64.036680029520696	6
64.064106404970971	6
64.091535441144742	6
64.118966797649733	6
64.14640016197086	6
64.173835247481378	6
64.20127178030215	6
64.228709500670092	6
64.256148176035254	6
64.283587538485918	6
64.311027303745107	6
64.338467179893541	6
64.365906837121457	6
64.393345892936495	6
64.420783924297979	6
64.448220497696653	6
64.475655150046336	6
64.503087397139268	6
64.530516740553423	6
64.557942681249202	6
64.585364750543107	6
64.612782503907027	6
64.640195522152055	6
64.667603428018538	6
64.695005879053483	6
64.722402591637561	6
64.749793329803666	6
64.77717788239471	6
64.804556053186914	6
64.831927675671736	6
64.859292563520995	6
64.886650539760979	6
64.914001415363288	6
64.941344984843681	6
64.968681021072129	6
64.996009278204625	6
65.023329492974597	6
65.050641383410849	6
65.077944669229623	6
65.105239092212642	6
65.132524377972331	6
65.159800264241412	6
65.187066503559066	6
65.214322894385589	6
65.241569259389777	6
65.268805482976333	6
65.296031511279978	6
65.323247309753782	6
65.350452887053677	6
65.377648307370578	6
65.404833644942613	6
65.432008984164398	6
65.459174434302867	6
65.486330113325977	6
65.513476120039627	6
65.540612553443694	6
65.567739485561148	6
65.5948569739692	6
65.621965065751098	6
65.649063786863294	6
65.676153166509053	6
65.703233225200918	6
65.730303992816602	6
65.757365517410847	6
65.784417865979307	6
65.811461129862295	6
65.838495412266241	6
65.865520864434941	6
65.892537689464262	6
65.919546116723993	6
65.946546411517815	6
65.973538877200966	6
66.000523842818183	6
66.027501654624743	6
66.054472662171449	6
66.081437200261504	6
66.108395611277146	6
66.135348207507292	6
66.16229529857705	6
66.189237168041089	6
66.216174076474417	6
66.243106272571652	6
66.270033998846571	6
66.296957483835342	6
66.323876942826914	6
66.350792586956459	6
66.377704644594786	6
66.404613370275257	6
66.431519034251721	6
66.458421930849156	6
66.485322394268209	6
66.512220793343644	6
66.539117504787015	6
66.566012921961033	6
66.592907476724946	6
66.619801587284087	6
66.64669568977196	6
66.673590197602238	6
66.700485519340347	6
66.727382044383802	6
66.754280159958512	6
66.781180205544871	6
66.808082494822671	6
66.834987314949686	6
66.861894936718869	6
66.88880561585465	6
66.915719587566741	6
66.942637090536564	6
66.969558355047752	6
66.996483614514744	6
67.02341312125111	6
67.0503471405695	6
67.077285954808815	6
67.104229866761671	6
67.131179192541296	6
67.158134247028713	6
67.185095368494132	6
67.212062909491195	6
67.239037215689109	6
67.266018621097089	6
67.293007444048712	6
67.320003976735237	6
67.347008484016129	6
67.374021194350249	6
67.401042307288265	6
67.42807198567165	6
67.455110359709778	6
67.482157537282589	6
67.509213598622878	6
67.536278612811969	6
67.563352638005782	6
67.590435739117183	6
67.61752798295592	6
67.644629443326167	6
67.671740206864513	6
67.698860371552641	6
67.72599004608945	6
67.753129344726503	6
67.780278378482421	6
67.807437266492599	6
67.834606117332555	6
67.861785026563155	6
67.888974067005321	6
67.91617327657471	6
67.943382667048098	6
67.970602208757427	6
67.997831833098388	6
68.025071445092195	6
68.052320910385944	6
68.079580061778657	6
68.10684871354141	6
68.134126656192024	6
68.161413671421613	6
68.188709540260945	6
68.216014043314033	6
68.243326967775758	6
68.270648133715909	6
68.297977354093874	6
68.325314443326675	6
68.352659210264392	6
68.380011460769111	6
68.407370999466082	6
68.434737638195514	6
68.462111168362526	6
68.489491362039544	6
68.51687796988773	6
68.544270716595861	6
68.571669309307183	6
68.59907342141986	6
68.626482696606033	6
68.653896764290934	6
68.681315224419009	6
68.708737669277838	6
68.736163685787744	6
68.76359285303225	6
68.791024746406393	6
68.818458959509584	6
68.845895083026107	6
68.873332709521307	6
68.900771454295821	6
68.928210980655024	6
68.955650956019255	6
68.983091048113153	6
69.010530947909785	6
69.037970352538068	6
69.065408939283259	6
69.092846378834139	6
69.120282335561058	6
69.147716464274779	6
69.175148405684681	6
69.202577777013232	6
69.230004181081839	6
69.257427215327169	6
69.284846475493737	6
69.31226155378242	6
69.33967204230332	6
69.367077543563596	6
69.394477676542039	6
69.421872100025723	6
69.449260491528833	6
69.476642523110556	6
69.504017913734231	6
69.531386384729501	6
69.558747674912709	6
69.586101554788527	6
69.613447801668968	6
69.64078620786087	6
69.668116577042468	6
69.69543872475478	6
69.722752468935482	6
69.75005762847502	6
69.777354044200777	6
69.804641567026508	6
69.831920018229738	6
69.859189222590956	6
69.886449010754859	6
69.913699218493008	6
69.940939694330353	6
69.968170321877423	6
69.995390989538166	6
70.022601602714431	6
70.049802103882925	6
70.076992457471391	6
70.104172635553439	6
70.131342643009987	6
70.158502525082795	6
70.185652335391168	6
70.212792158811936	6
70.239922083817405	6
70.267042209551562	6
70.294152654189261	6
70.321253528490331	6
70.348344964619741	6
70.375427086822469	6
70.402500022139407	6
70.429563904288102	6
70.456618868044075	6
70.483665046457048	6
70.510702560057453	6
70.537731540658783	6
70.564752134083236	6
70.591764503883255	6
70.618768819354912	6
70.645765280913466	6
70.672754104405541	6
70.699735534171865	6
70.726709830183225	6
70.753677259101863	6
70.780638109673305	6
70.807592677614906	6
70.834541279186368	6
70.861484240645723	6
70.888421883543757	6
70.915354525295299	6
70.942282510979197	6
70.969206165269767	6
70.996125805577492	6
71.023041727326856	6
71.049954227523344	6
71.076863609044267	6
71.103770162827118	6
71.130674176590148	6
71.157575945214717	6
71.184475771982491	6
71.211373966423253	6
71.238270823355066	6
71.265166676641954	6
71.292061852531717	6
71.318956697888723	6
71.345851563895806	6
71.372746815325925	6
71.39964280804061	6
71.42653992569474	6
71.453438541792607	6
71.480339032314632	6
71.507241750429444	6
71.53414705357352	6
71.561055295439289	6
71.587966808070334	6
71.614881909537672	6
71.641800909451263	6
71.668724095648173	6
71.6956517455246	6
71.722584128017985	6
71.749521504552533	6
71.776464133254507	6
71.803412266466793	6
71.830366140456803	6
71.857326000411945	6
71.88429210457123	6
71.911264719030015	6
71.93824411076028	6
71.965230545056826	6
71.992224286813482	6
72.019225603657887	6
72.046234748807919	6
72.07325196971513	6
72.100277497170339	6
72.127311547389354	6
72.154354322619398	6
72.181405997569286	6
72.208466729098944	6
72.235536651127674	6
72.262615879622871	6
72.289704521969313	6
72.316802661592192	6
72.343910369529496	6
72.371027707848114	6
72.398154724439649	6
72.425291459603784	6
72.452437947825572	6
72.479594214802034	6
72.506760295124607	6
72.533936218158203	6
72.561122006029933	6
72.588317673282504	6
72.615523227173995	6
72.642738659991949	6
72.669963950946013	6
72.697199064929436	6
72.724443956237494	6
72.751698548650666	6
72.778962747226046	6
72.806236432252632	6
72.833519460126396	6
72.860811668557204	6
72.888112875506593	6
72.915422875766339	6
72.942741470892756	6
72.970068455135376	6
72.997403575498467	6
73.02474658455894	6
73.052097201340899	6
73.079455151230746	6
73.106820162420775	6
73.134191963815454	6
73.161570276716162	6
73.188954825270088	6
73.216345330009375	6
73.243741507862808	6
73.271143080694713	6
73.298549753824531	6
73.325961231708959	6
73.353377192709303	6
73.380797323558127	6
73.408221288081492	6
73.435648729407532	6
73.463079296015479	6
73.490512606436212	6
73.517948261132432	6
73.545385840412976	6
73.57282492829755	6
73.600265113796056	6
73.62770600222504	6
73.655147180798636	6
73.682588246107201	6
73.710028816287249	6
73.737468512754631	6
73.764906948861068	6
73.792343753562932	6
73.819778572254094	6
73.847211065334932	6
73.874640887356918	6
73.902067697192209	6
73.929491155642054	6
73.956910939047418	6
73.984326721196155	6
74.01173816542638	6
74.039144943263523	6
74.066546714756285	6
74.093943160836986	6
74.121333966619275	6
74.148718794046474	6
74.176097314252118	6
74.203469200778471	6
74.230834118884616	6
74.258191753360634	6
74.285541797986241	6
74.312883969569967	6
74.340217999739153	6
74.367543647710804	6
74.394860698676894	6
74.422168955951705	6
74.449468261335625	6
74.476758501868105	6
74.504039549112321	6
74.531311291647256	6
74.558573626099147	6
74.585826465525514	6
74.613069718578359	6
74.640303322499491	6
74.667527225011312	6
74.694741351328375	6
74.72194563902174	6
74.749140044245706	6
74.776324505914587	6
74.803498968817649	6
74.830663408351612	6
74.857817802543394	6
74.884962151164913	6
74.912096468582988	6
74.939220787831459	6
74.966335170338027	6
74.9934396984263	6
75.020534482033426	6
75.047619655142498	6
75.074695369351261	6
75.10176179857028	6
75.128819134770509	6
75.155867581078212	6
75.182907334639751	6
75.209938583271821	6
75.236961528036787	6
75.263976384654825	6
75.29098335285498	6
75.317982634778247	6
75.344974435019296	6
75.371958969108505	6
75.398936449738613	6
75.425907089779486	6
75.452871100203097	6
75.479828712236269	6
75.50678016668158	6
75.533725729487585	6
75.560665671127595	6
75.587600272618204	6
75.614529855764459	6
75.641454752880634	6
75.668375306396754	6
75.695291853676721	6
75.722204739774682	6
75.749114325394117	6
75.776020970685721	6
75.802925031396157	6
75.82982685408993	6
75.85672679719049	6
75.883625209052482	6
75.910522404610873	6
75.937418700727136	6
75.964314414659853	6
75.991209845277339	6
76.018105305711742	6
76.045001088679967	6
76.071897492434445	6
76.098794827306165	6
76.125693419866394	6
76.152593589831483	6
76.179495660892073	6
76.206399968961364	6
76.233306864105501	6
76.260216705317632	6
76.287129843207424	6
76.314046635554206	6
76.340967428854853	6
76.367892565099609	6
76.394822380873165	6
76.421757195512484	6
76.448697317137771	6
76.475643040648905	6
76.502594632170656	6
76.529552338553657	6
76.556516398445154	6
76.583487054827231	6
76.610464529109009	6
76.63744903696174	6
76.664440785241254	6
76.691439979853044	6
76.718446821427847	6
76.745461509788626	6
76.772484246282062	6
76.799515226999887	6
76.82655465050351	6
76.85360271143044	6
76.880659595472181	6
76.907725486766452	6
76.934800557853663	6
76.961884977617601	6
76.988978895269184	6
77.016082443317174	6
77.043195737373168	6
77.07031886818919	6
77.097451904675609	6
77.124594895487732	6
77.151747855178286	6
77.178910797973302	6
77.206083712976096	6
77.233266575769193	6
77.260459349805402	6
77.287661985203741	6
77.314874425975219	6
77.34209660698771	6
77.36932845784122	6
77.396569913107655	6
77.42382089690669	6
77.451081328981076	6
77.478351120913217	6
77.505630174947157	6
77.532918383465855	6
77.560215626839451	6
77.587521766483675	6
77.614836654977935	6
77.642160143868793	6
77.669492028601198	6
77.696832090462991	6
77.724180064467063	6
77.751535668626374	6
77.77889860413184	6
77.806268568192252	6
77.83364523671932	6
77.861028276582971	6
77.888417353076264	6
77.915812127174021	6
77.943212277126179	6
77.970617471652176	6
77.998027386742223	6
78.025441709074755	6
78.052860128772394	6
78.080282335013919	6
78.107708017866287	6
78.135136877630373	6
78.162568585406973	6
78.190002804248607	6
78.217439184304467	6
78.244877353705547	6
78.27231692811624	6
78.299757538117518	6
78.327198779082551	6
78.354640237363711	6
78.382081506205481	6
78.409522172427216	6
78.436961805063333	6
78.464399966183976	6
78.491836249994449	6
78.519270255831756	6
78.546701593252507	6
78.574129884120836	6
78.601554762709029	6
78.62897589142041	6
78.656392953276438	6
78.683805638337745	6
78.711213647789151	6
78.738616687493945	6
78.766014484636813	6
78.793406774776599	6
78.820793287351009	6
78.848173729403527	6
78.875547817240047	6
78.902915236886756	6
78.930275671588134	6
78.957628811798614	6
78.98497433841257	6
79.012311943862557	6
79.039641330812373	6
79.066962225385126	6
79.094274369766154	6
79.121577539683273	6
79.148871563692012	6
79.176156284088549	6
79.203431563882205	6
79.230697283124869	6
79.257953360651968	6
79.28519972628547	6
79.312436338096404	6
79.339663187237463	6
79.366880252894319	6
79.394087517801893	6
79.421284986528178	6
79.448472647138516	6
79.475650471861201	6
79.502818444791146	6
79.529976559677735	6
79.557124796838465	6
79.584263149610749	6
79.611391611850323	6
79.638510189350001	6
79.665618915619916	6
79.692717833116362	6
79.719807024738586	6
79.74688659009125	6
79.773956663265324	6
79.801017408169912	6
79.828069014270426	6
79.855111686826405	6
79.88214563038737	6
79.909171074549249	6
79.936188267836641	6
79.96319745949323	6
79.990198897713796	6
80.017192837426578	6
80.044179528376574	6
80.071159220290824	6
80.098132150622959	6
80.125098537121943	6
80.152058608113592	6
80.179012574397987	6
80.20596066677976	6
80.232903119575923	6
80.259840172789268	6
80.286772079713714	6
80.313699128677456	6
80.340621617223107	6
80.367539855402029	6
80.394454159758027	6
80.421364871417254	6
80.448272355592394	6
80.475176979285848	6
80.50207911808225	6
80.528979156895673	6
80.555877487844654	6
80.582774485740615	6
80.609670506297292	6
80.636565916468996	6
80.663461049095318	6
80.690356240434255	6
80.717251795515224	6
80.744148016988902	6
80.771045195839875	6
80.79794363858521	6
80.824843628354941	6
80.85174545258937	6
80.878649399978244	6
80.905555773435765	6
80.93246488897212	6
80.959377064195934	6
80.98629263079728	6
81.013211929348103	6
81.040135297260775	6
81.067063082235947	6
81.093995633461446	6
81.120933288943945	6
81.147876386081037	6
81.174825243945577	6
81.201780154164055	6
81.228741399887014	6
81.255709256464087	6
81.28268397788122	6
81.309665797395866	6
81.336654929528223	6
81.363651571649967	6
81.390655909929464	6
81.417668115315294	6
81.444688353928001	6
81.471716785568589	6
81.498753563586448	6
81.525798848139971	6
81.552852796363396	6
81.579915566603034	6
81.606987318123728	6
81.634068216657937	6
81.661158426651184	6
81.688258102740221	6
81.715367392574962	6
81.742486431721773	6
81.769615335802143	6
81.796754198958411	6
81.823903086800513	6
81.85106204675337	6
81.878231101588227	6
81.905410251538001	6
81.932599471123041	6
81.959798706848318	6
81.987007890082225	6
82.014226930420591	6
82.041455726328394	6
82.068694173199816	6
82.095942161212704	6
82.123199569115712	6
82.15046628303574	6
82.1777421820576	6
82.205027144104434	6
82.232321050599325	6
82.259623776968084	6
82.286935189009839	6
82.314255167094927	6
82.34158356273997	6
82.368920197890134	6
82.396264865277217	6
82.42361732450162	6
82.450977313384826	6
82.478344559122306	6
82.505718758753588	6
82.533099587613791	6
82.560486706162663	6
82.587879761239478	6
82.615278400045312	6
82.642682263192043	6
82.670090985799945	6
82.697504217144285	6
82.724921600171669	6
82.752342798173416	6
82.779767481557059	6
82.807195318003693	6
82.834625985821631	6
82.862059169331076	6
82.889494535429762	6
82.916931732986669	6
82.944370413950054	6
82.971810243662858	6
82.99925087506972	6
83.0266919307508	6
83.054133032090405	6
83.08157379215541	6
83.109013800427874	6
83.136452631708877	6
83.163889860857367	6
83.191325064599951	6
83.218757830094276	6
83.246187740342961	6
83.273614388116101	6
83.301037388353421	6
83.328456381027493	6
83.355871023348996	6
83.383280987571737	6
83.410685964967783	6
83.438085662216039	6
83.465479823510435	6
83.492868204369856	6
83.520250531757029	6
83.54762655815486	6
83.574996012389221	6
83.60235861371639	6
83.629714089326484	6
83.657062149313006	6
83.684402506518637	6
83.711734873856784	6
83.739058973904136	6
83.766374538266362	6
83.793681310344112	6
83.820979071647855	6
83.848267641329613	6
83.875546831175299	6
83.902816484828861	6
83.930076470384861	6
83.957326685837089	6
83.98456705314814	6
84.011797540725681	6
84.039018127752357	6
84.066228800243493	6
84.093429567185993	6
84.120620451420436	6
84.147801456959613	6
84.174972594202288	6
84.202133891248607	6
84.22928535892008	6
84.256427024261697	6
84.283558900540783	6
84.310681001801498	6
84.337793358204138	6
84.364896000751415	6
84.391988987670771	6
84.419072389945441	6
84.446146298763367	6
84.473210836318273	6
84.500266150438804	6
84.527312410430127	6
84.554349793089315	6
84.58137849741837	6
84.608398747178597	6
84.635410789653179	6
84.662414873524014	6
84.689411265112867	6
84.716400234099609	6
84.743382056401018	6
84.770357004536748	6
84.79732533667331	6
84.824287305322954	6
84.851243158289066	6
84.878193143903985	6
84.905137513632098	6
84.932076508251313	6
84.959010367950015	6
84.985939366787974	6
85.012863775219898	6
85.03978387575647	6
85.066699947571621	6
85.093612294864883	6
85.120521247048544	6
85.147427142063435	6
85.174330330398334	6
85.201231179847312	6
85.228130069360489	6
85.255027386441824	6
85.281923492843958	6
85.308818773182367	6
85.335713597036047	6
85.362608324535771	6
85.389503308635895	6
85.416398883757267	6
85.443295367031709	6
85.470193080009238	6
85.497092331736567	6
85.523993423404477	6
85.550896636057146	6
85.577802256930809	6
85.604710588245908	6
85.631621923097555	6
85.658536558694792	6
85.685454803552759	6
85.712376970532446	6
85.739303375342587	6
85.766234343495199	6
85.793170201895308	6
85.820111282600934	6
85.847057911347036	6
85.874010391702782	6
85.900969023200901	6
85.927934104138387	6
85.954905926689733	6
85.981884758067423	6
86.008870847867115	6
86.035864425152823	6
86.062865704916447	6
86.089874877967404	6
86.116892123405265	6
86.14391760330588	6
86.170951466492269	6
86.197993860924285	6
86.225044922833064	6
86.252104785573309	6
86.27917358170113	6
86.306251444103424	6
86.333338515759223	6
86.360434930832781	6
86.387540823123871	6
86.414656324643801	6
86.441781553684478	6
86.468916616816799	6
86.49606160728915	6
86.523216591232526	6
86.550381629391865	6
86.577556757668148	6
86.604741983611959	6
86.631937291592735	6
86.659142639727463	6
86.686357961503589	6
86.713583171004672	6
86.740818164070902	6
86.768062831568798	6
86.795317045156125	6
86.822580668070032	6
86.849853558534164	6
86.877135568479034	6
86.904426550364121	6
86.931726356456366	6
86.959034829975323	6
86.98635183400161	6
87.013677230348733	6
87.041010835611985	6
87.068352468358171	6
87.095701902774437	6
87.123058905330694	6
87.150423227678274	6
87.17779460660509	6
87.205172749662452	6
87.232557351425626	6
87.25994808533504	6
87.287344608277976	6
87.314746579022625	6
87.342153635181361	6
87.369565416581835	6
87.396981552036621	6
87.424401686552628	6
87.451825461189983	6
87.479252513217943	6
87.506682507883212	6
87.53411509303443	6
87.561549916187801	6
87.588986618294385	6
87.616424848723824	6
87.643864259490314	6
87.671304519819074	6
87.698745269927144	6
87.726186143522511	6
87.753626782367306	6
87.781066813784705	6
87.80850583789136	6
87.835943449197671	6
87.86337925017223	6
87.89081284061308	6
87.918243812652648	6
87.945671759866812	6
87.973096279077637	6
88.000516995314825	6
88.027933542577017	6
88.055345561612711	6
88.082752719173826	6
88.110154687705673	6
88.137551174785088	6
88.164941908666904	6
88.192326611978672	6
88.219705016380217	6
88.247076861635975	6
88.274441871135494	6
88.301799778985469	6
88.329150316707242	6
88.356493222139932	6
88.383828229072336	6
88.41115508286876	6
88.438473534802853	6
88.465783341721462	6
88.4930842880527	6
88.520376196813316	6
88.547658878139373	6
88.57493216290051	6
88.602195894016788	6
88.629449946994882	6
88.656694207353951	6
88.683928604660323	6
88.711153099681297	6
88.738367645886015	6
88.765572222121946	6
88.792766836214938	6
88.81995148705083	6
88.847126178476913	6
88.874290939618305	6
88.901445798948146	6
88.928590788743961	6
88.955725946364623	6
88.982851307943449	6
89.009966920527461	6
89.037072841194856	6
89.064169135261963	6
89.091255885666669	6
89.118333186528034	6
89.14540115076781	6
89.172459913752562	6
89.199509628695594	6
89.226550459159043	6
89.253582569186108	6
89.280606151426298	6
89.30762142949564	6
89.334628627010318	6
89.361627982466288	6
89.388619749488697	6
89.415604195627537	6
89.442581590696378	6
89.469552202435565	6
89.496516286163043	6
89.523474111685886	6
89.550425939691834	6
89.577372043800239	6
89.604312686034703	6
89.631248127856054	6
89.658178651840188	6
89.685104546293303	6
89.712026101774839	6
89.738943603960152	6
89.765857343649145	6
89.79276763378563	6
89.819674797713546	6
89.846579165407888	6
89.873481072441336	6
89.9003808828855	6
89.927278962520703	6
89.954175662014904	6
89.981071337162206	6
90.007966358335466	6
90.034861075452184	6
90.061755853041376	6
90.088651027595958	6
90.115546936210734	6
90.142443912870803	6
90.169342301406616	6
90.196242416194153	6
90.22314456735532	6
90.250049062044184	6
90.2769562053914	6
90.30386630956545	6
90.330779677958617	6
90.357696618895716	6
90.384617434407616	6
90.411542427436004	6
90.438471908717943	6
90.465406185483786	6
90.492345565594007	6
90.519290360313974	6
90.54624086626103	6
90.573197364431152	6
90.600160141128541	6
90.627129487309645	6
90.654105674612225	6
90.681088965264749	6
90.708079606147152	6
90.73507783036635	6
90.762083855202732	6
90.789097881874824	6
90.816120100914617	6
90.843150684526861	6
90.8701897938125	6
90.897237582750435	6
90.924294189145897	6
90.951359750356843	6
90.97843439361155	6
91.005518251226675	6
91.032611445500265	6
91.059714093101618	6
91.086826310441353	6
91.113948200946638	6
91.14107985990438	6
91.168221370753216	6
91.195372792096535	6
91.222534185903697	6
91.249705589801465	6
91.276887026190877	6
91.304078498403157	6
91.331279984785112	6
91.358491447296004	6
91.385712825945902	6
91.412944039419585	6
91.440185000415383	6
91.467435600029717	6
91.494695717189458	6
91.521965218725029	6
91.549243960538661	6
91.576531791408485	6
91.603828555759648	6
91.631134088719733	6
91.658448225379161	6
91.685770814736259	6
91.713101667187502	6
91.740440588829273	6
91.767787351029185	6
91.7951417151274	6
91.822503425659036	6
91.849872228452483	6
91.877247844234276	6
91.904629977842603	6
91.932018322569263	6
91.959412556470951	6
91.986812359934859	6
92.014217391751671	6
92.041627305685722	6
92.06904175700717	6
92.096460393182852	6
92.123882858942764	6
92.151308802369357	6
92.178737876270077	6
92.20616971567128	6
92.233603961357588	6
92.261040247673108	6
92.288478199653525	6
92.315917439759261	6
92.343357623224762	6
92.370798380786155	6
92.398239338825746	6
92.425680133048417	6
92.45312039536276	6
92.480559738072273	6
92.507997762620036	6
92.535434085673543	6
92.562868320505842	6
92.590300080803459	6
92.617728974870488	6
92.645154615585909	6
92.672576630899428	6
92.699994662448162	6
92.727408357085807	6
92.754817369201689	6
92.782221364617399	6
92.809620032002741	6
92.837013082540395	6
92.864400232710253	6
92.891781184907643	6
92.919155665249477	6
92.946523382410902	6
92.973884051818459	6
93.001237400037169	6
93.02858315213328	6
93.05592104120619	6
93.083250809710592	6
93.110572215873276	6
93.137885026779173	6
93.16518902696744	6
93.192484040231506	6
93.219769904537955	6
93.247046459393459	6
93.274313553544943	6
93.301571065164495	6
93.328818882358703	6
93.356056917845919	6
93.38328512070197	6
93.410503437461941	6
93.43771182469952	6
93.464910271500884	6
93.492098764298646	6
93.519277283060106	6
93.546445829473811	6
93.573604427255319	6
93.600753091888123	6
93.627891857914051	6
93.65502075780779	6
93.682139835291622	6
93.709249155149976	6
93.736348780741125	6
93.763438808996995	6
93.79051933992082	6
93.817590497340518	6
93.84465242570721	6
93.871705286000093	6
93.898749246830235	6
93.92578447432507	6
93.952811159757957	6
93.979829510062984	6
94.006839742975288	6
94.03384208098413	6
94.060836764930059	6
94.087824037752057	6
94.114804156563267	6
94.141777375062304	6
94.168743938995988	6
94.195704106339022	6
94.222658126577372	6
94.2496062656368	6
94.276548794877215	6
94.303485984841316	6
94.33041811007503	6
94.357345476111846	6
94.384268384507692	6
94.411187139802621	6
94.438102042043568	6
94.465013409037766	6
94.491921575587114	6
94.518826874842347	6
94.545729644457438	6
94.572630231847043	6
94.599528996315527	6
94.626426290664554	6
94.653322452665321	6
94.680217842254137	6
94.707112796632899	6
94.734007666367006	6
94.760902779781773	6
94.787798471603452	6
94.814695063901624	6
94.841592896542465	6
94.868492288256547	6
94.895393560262619	6
94.922297022849406	6
94.949202994162349	6
94.976111802701269	6
95.003023763450898	6
95.02993919645418	6
95.056858421087043	6
95.083781750289631	6
95.110709497487576	6
95.137641978378497	6
95.164579497265521	6
95.191522362082139	6
95.21847086944679	6
95.245425292748735	6
95.272385908486584	6
95.299352991944147	6
95.326326807346575	6
95.353307608850301	6
95.380295636689226	6
95.407291121204224	6
95.434294283733493	6
95.461305329193209	6
95.488324453306646	6
95.515351842658774	6
95.542387669988443	6
95.569432106054677	6
95.596485307856582	6
95.623547426781101	6
95.650618605154307	6
95.677698981310911	6
95.704788693814749	6
95.731887864703864	6
95.758996610147321	6
95.786115036295286	6
95.813243236038062	6
95.840381285790173	6
95.867529243743149	6
95.894687157755342	6
95.921855060156886	6
95.949032969923834	6
95.976220886062976	6
96.003418786623314	6
96.030626636175128	6
96.057844377582612	6
96.085071939939454	6
96.112309243942931	6
96.13955620149089	6
96.166812702854514	6
96.194078634566125	6
96.221353869672399	6
96.24863826954234	6
96.275931692897743	6
96.303233988262335	6
96.330544989119971	6
96.357864543096483	6
96.385192479638562	6
96.412528593010521	6
96.439872664812114	6
96.467224443162948	6
96.494583667522988	6
96.521950072067867	6
96.549323372183693	6
96.576703268043673	6
96.604089448981597	6
96.631481593440654	6
96.658879377739353	6
96.68628247342275	6
96.713690540352019	6
96.741103247190139	6
96.768520244999166	6
96.795941200161735	6
96.823365772599388	6
96.85079361421441	6
96.8782243857151	6
96.905657742178221	6
96.933093319169643	6
96.960530736924824	6
96.987969619737612	6
97.015409606190161	6
97.042850333249746	6
97.070291415896278	6
97.097732472951179	6
97.12517312427785	6
97.152612979015544	6
97.180051629781431	6
97.207488681667485	6
97.234923738756507	6
97.262356420441023	6
97.289786337988318	6
97.317213105119677	6
97.344636352372035	6
97.37205573055364	6
97.399470895416115	6
97.426881508884023	6
97.454287248625036	6
97.481687798191359	6
97.509082872560256	6
97.536472197456163	6
97.563855469891735	6
97.591232412785189	6
97.618602733936555	6
97.645966135564848	6
97.673322333374458	6
97.700671036391299	6
97.728011964818677	6
97.755344846006267	6
97.782669422976568	6
97.809985452593736	6
97.837292706231906	6
97.864590989345118	6
97.891880148300373	6
97.919160015798127	6
97.946430450472249	6
97.97369132756441	6
98.000942545846257	6
98.028184015619416	6
98.055415687344876	6
98.082637521869174	6
98.109849476630075	6
98.137051528845447	6
98.164243675950402	6
98.191425895965907	6
98.218598174713406	6
98.245760524137012	6
98.272912945463872	6
98.300055461066478	6
98.327188091355552	6
98.354310863301677	6
98.381423825550584	6
98.408527033643324	6
98.435620569650141	6
98.462704530205087	6
98.489779030939246	6
98.516844213045459	6
98.543900239721225	6
98.570947289366941	6
98.597985540173227	6
98.625015182254486	6
98.652036426302928	6
98.679049501130194	6
98.706054631295601	6
98.733052055277312	6
98.760042015071832	6
98.787024762769363	6
98.814000548318248	6
98.840969615316297	6
98.86793220419878	6
98.894888560913685	6
98.921838937348042	6
98.948783596898537	6
98.975722797338648	6
99.002656798248154	6
99.029585897397908	6
99.056510391127276	6
99.083430585895869	6
99.110346781824418	6
99.1372592976536	6
99.164168469803485	6
99.19107464036091	6
99.217978157971658	6
99.24487937880555	6
99.271778666462851	6
99.298676390014251	6
99.325572889027342	6
99.352468516697769	6
99.379363624765716	6
99.406258549774947	6
99.433153631357001	6
99.460049189952585	6
99.486945539646882	6
99.513843004754548	6
99.540741905371419	6
99.567642554340054	6
99.594545253937696	6
99.621450311032177	6
99.648358053887591	6
99.675268800568404	6
99.702182868337147	6
99.729100582676821	6
99.756022266721345	6
99.782948241934562	6
99.80987883533902	6
99.836814364543272	6
99.86375514763877	6
99.890701494646208	6
99.917653688520645	6
99.944612007040206	6
99.971576723603121	6
99.998548112016223	6
