0.024	3
0.0528	9
0.0862606	11
0.125128	11
0.169257	12
0.218869	13
0.273171	14
0.325704	15
0.373669	15
0.40383	12
0.421777	9
0.435733	8
0.447997	7
0.459781	6
0.471779	5
0.484391	5
0.498056	5
0.513239	5
0.53014	6
0.548964	6
0.569917	6
0.593208	7
0.617996	7
0.643921	8
0.670632	8
0.697639	8
0.724866	8
0.752173	8
0.779356	8
0.806193	9
0.832471	9
0.858024	8
0.882707	8
0.906486	8
0.929324	8
0.951237	8
0.9723	8
0.99258	8
1.01213	7
1.031012	7
1.049116	7
1.066489	7
1.083235	7
1.099324	7
1.1147476	6
1.1296628	6
1.1441652	6
1.1583116	6
1.1721651	6
1.18577095	5
1.19916686	5
1.21238437	5
1.22545795	5
1.2384245	5
1.251323079	5
1.264184157	5
1.276954227	5
1.289646455	5
1.302319089	5
1.3150184784	4
1.3277688522	4
1.3406250765	4
1.3536323327	4
1.3668211867	4
1.38018842719	4
1.39374930858	4
1.40751047587	4
1.42147874312	4
1.43566557108	4
1.450087092032	4
1.464770553767	4
1.479744775282	4
1.494804779353	5
1.509960598672	4
1.525252171863	4
1.540740256193	4
1.556484138618	4
1.572533173406	5
1.588929520354	5
1.6057025946898	5
1.6228757539971	5
1.6404723602838	5
1.6582284377412	5
1.6760599125884	5
1.69396678150646	5
1.71197844348881	5
1.73015220394345	5
1.74855083297174	5
1.76724126318455	5
1.786283989999224	5
1.805728845773882	5
1.825610146017024	5
1.845946762825949	5
1.866747471822035	5
1.887804164862	5
1.90893825839988	5
1.930173477225854	5
1.95154080643381	5
1.973041224778299	5
1.9946945750489	5
2.01657197233988	5
2.038752344450196	5
2.061319321153867	5
2.084355442231686	5
2.107938234691545	5
2.132126866833351	5
2.156966120069324	5
2.182491912963918	5
2.208468389450884	5
2.234687640255339	5
2.261224182982648	5
2.288075861960236	5
2.315329088969746	5
2.343066154301482	5
2.371368617282477	5
2.40032201796344	5
2.430029889719319	5
2.460615847352175	6
2.49202415133385	6
2.523807474619791	6
2.556056493732907	6
2.588910513767553	7
2.62250912508284	7
2.656992156801682	8
2.692445327330892	8
2.727742219237327	9
2.760786599840222	9
2.791138963450424	9
2.81848263002794	9
2.84287605998398	8
2.864599264686932	8
2.884082748559093	7
2.90181308517528	7
2.918260873850179	6
2.933846318055475	6
2.948929599914182	6
2.963813415109446	5
2.978729651555876	5
2.993790141762874	5
3.009213599345333	5
3.025184781407873	5
3.041874230311283	5
3.059434161958773	5
3.07800041848503	5
3.097685581296058	5
3.118571794981006	6
3.140694448567968	6
3.164042036078223	6
3.18851422155125	6
3.213929040292155	7
3.239895037480379	7
3.266120244795836	7
3.292280207331182	7
3.318085690083423	7
3.343288891521302	7
3.36770856560489	7
3.391236838577335	7
3.413843766839656	7
3.435568013842022	7
3.456502663372534	7
3.476775175959899	6
3.496544727877482	6
3.515966536132792	6
3.535197461023272	6
3.554387413320803	6
3.573620804063784	6
3.593016589414337	6
3.612702310566483	6
3.632793112529264	6
3.653389018213411	6
3.674570577090301	6
3.696400366613738	6
3.718911550114679	6
3.742108313394213	6
3.765957419917489	6
3.790389749328209	6
3.815251309341341	7
3.840353395162253	7
3.865544193776935	7
3.890653948388115	7
3.91554001274455	7
3.940085711966033	7
3.964207289092744	7
3.987856162841954	7
4.011017847752195	7
4.033708304867372	7
4.055971012408938	7
4.077870417726108	7
4.099494587998985	6
4.120933305846577	6
4.142275768822717	6
4.163612196746429	6
4.185002895029684	6
4.206516109407894	6
4.228230185397399	6
4.250213269712733	6
4.272522794348176	6
4.295200552478065	6
4.318271090030204	6
4.341739735814259	6
4.365590713260671	6
4.38978731275523	7
4.414256613355273	7
4.438892342388546	7
4.4636108565287	7
4.488327139750186	7
4.512948245339556	7
4.537405524577116	7
4.561646577069039	7
4.585638828298713	7
4.609368624260462	7
4.632840597751674	7
4.656075513583779	7
4.679118139896093	7
4.702011922575791	7
4.724806901604095	7
4.747556632391647	6
4.770319228795503	6
4.79312651429649	6
4.816027290948484	6
4.839068960138699	6
4.862293048836293	6
4.885731817785807	6
4.909406550689993	6
4.933326272168315	7
4.957481668191022	7
4.981857542610211	7
5.006424570306538	7
5.031143163084813	7
5.055944710928427	7
5.080779784351863	7
5.105600275340533	7
5.130362493085409	7
5.15501731576405	7
5.179539809561893	7
5.20391737671788	7
5.228161812716451	7
5.252281796386073	7
5.276294326556175	7
5.300223221434065	7
5.324098108150886	7
5.347951382455641	7
5.371800814719532	7
5.395679520083842	7
5.419622214909673	7
5.44366123269463	7
5.467823621344987	7
5.492130408481945	7
5.51659547568939	7
5.541224328754632	7
5.566014095447168	7
5.590953238255225	7
5.61602223575251	7
5.64119481824198	7
5.66643985566771	7
5.691723340230708	7
5.717002748731091	7
5.742245660339163	7
5.767428697838591	7
5.792535664249983	7
5.817558175575532	7
5.842495729428578	7
5.86735540500276	7
5.892150300693446	7
5.916887527818666	7
5.941589804883448	7
5.966283514835508	7
5.990996912774185	7
6.015758249092054	7
6.040594006044579	7
6.065527258038079	7
6.090576269284849	7
6.115753500303112	7
6.141064632125134	7
6.166507950098613	7
6.192074484546481	7
6.217748624555856	7
6.243509004542881	7
6.269330172916816	7
6.295184480239898	7
6.321044143865776	7
6.346883218711227	7
6.372679635802378	7
6.398416843353643	7
6.424085023397097	7
6.449681531233772	7
6.47521093827334	7
6.500684325690592	7
6.526118236901255	7
6.551533344981639	7
6.576952942739046	7
6.602401345440541	7
6.62790212485369	7
6.653476592822561	7
6.679142269145901	7
6.70491169304609	7
6.730791523010589	7
6.756782046149573	7
6.78287698719398	7
6.809063911574141	7
6.835325219014362	7
6.86163916653596	7
6.887981591829786	7
6.914327799648025	7
6.940654533303656	7
6.966941684952282	7
6.993147830477185	7
7.019294134692077	7
7.045378778954884	7
7.071406497934503	7
7.097385960284647	7
7.12333132787296	7
7.149260116766745	7
7.175192075768952	7
7.201147468684429	7
7.227145611476125	7
7.253203408975939	7
7.279334292106566	7
7.305547104854999	7
7.331845393494372	7
7.358227143712507	7
7.384685042571246	7
7.411206754684923	7
7.43777588575186	7
7.464373176644446	7
7.490978033593032	7
7.5175701513089	7
7.544131107476906	7
7.57061879094508	7
7.597054463007002	7
7.623434120467059	7
7.649759226845336	7
7.67603462353546	7
7.702270327813308	7
7.728479614978095	7
7.754678351049152	7
7.780883304859853	7
7.807111173160189	7
7.833377085521602	7
7.85969367930012	7
7.886070080294846	7
7.912511222288931	7
7.939017446584702	7
7.965584662217821	7
7.992204412544306	7
8.018864579904994	7
8.045550307298816	7
8.072245145058123	7
8.09893234979859	7
8.125596275251119	7
8.15222356271723	7
8.178804207537443	7
8.205332313285506	7
8.231806405610234	7
8.258229459825449	7
8.28460874553747	7
8.310954983464285	7
8.337281512199992	7
8.363603256726377	7
8.389935535223403	7
8.416292958708066	7
8.442688377771331	7
8.469131942932666	7
8.495630284613375	7
8.522186075940358	7
8.54879791761917	7
8.575460347328832	7
8.602164262888438	7
8.62889759492583	7
8.655646254815087	7
8.682395270690565	7
8.709129997712587	7
8.735837251110148	7
8.762506419260401	7
8.789130230773244	7
8.815705303266974	7
8.842232294005605	7
8.868715842063377	7
8.895164177753399	7
8.92158832024348	7
8.948001231699079	7
8.974416777984624	7
9.00084873079866	7
9.027309738250093	7
9.053810361565425	7
9.080358348867145	7
9.106957994711276	7
9.133609899932063	7
9.16031095467206	7
9.187054481414558	7
9.213830771128128	7
9.240627861784395	7
9.2674324378586	7
9.294230964582962	7
9.321010742577831	7
9.347760944447369	7
9.37447346713077	7
9.401143541523989	7
9.427770031271123	7
9.454355498971521	7
9.480905990542356	7
9.507430454277074	7
9.533940017540461	7
9.560447084351392	7
9.586964391019558	7
9.613504083063139	7
9.64007677804355	7
9.666690794178743	7
9.693351513775369	7
9.720060980060007	7
9.746817837643363	7
9.773617361831743	7
9.800451818686261	7
9.827311072662358	7
9.854183390201477	7
9.881056383424356	7
9.907918006974565	7
9.934757557285833	7
9.961566484923168	7
9.988339109003947	7
10.01507299457167	7
10.04176908956924	7
10.06843165011422	7
10.09506789393768	7
10.121687278284762	7
10.148300824962892	7
10.174920218430922	7
10.201556917928965	7
10.22822130930045	7
10.254921924560684	7
10.281664774359621	7
10.308452915828727	7
10.335286260985583	7
10.362161568805902	7
10.389072670788648	7
10.416010949235986	7
10.442966025665546	7
10.469926589433426	7
10.496881315427336	7
10.523819771934644	7
10.550733277346005	7
10.577615563647365	7
10.604463282714331	7
10.631276199051173	7
10.658057159031491	7
10.684811884256403	7
10.711548447972888	7
10.738276599408453	7
10.765006980473432	7
10.791750315192468	7
10.818516572106825	7
10.845314228942323	7
10.872149590405515	7
10.899026321539518	7
10.925945212219329	7
10.952904099597998	7
10.979897988977729	7
11.00691947672272	7
11.033959307276819	7
11.061007113766287	7
11.088052270029273	7
11.115084744132853	7
11.142095896726619	7
11.169079176132504	7
11.196030625620098	7
11.222949153979583	7
11.249836578411394	7
11.276697428327951	7
11.303538599877555	7
11.330368744083199	7
11.357197553771293	7
11.384034996525461	7
11.410890552953985	7
11.437772475434626	7
11.464687129921122	7
11.4916385267906	7
11.518628074565822	7
11.545654381399153	7
11.572713388134771	7
11.599798656337384	7
11.626901895403412	7
11.654013612321336	7
11.681123871745593	7
11.708223102187183	7
11.73530286042441	7
11.762356504862801	7
11.789379719288103	7
11.816370821816445	7
11.843330862242938	7
11.870263477552056	7
11.897174564763402	7
11.924071831825366	7
11.950964121751166	7
11.977860707732205	7
12.004770554541025	7
12.03170163513405	7
12.058660282308161	7
12.085650739632747	7
12.112674845173192	7
12.139731858545332	7
12.166818502999709	7
12.193929219366533	7
12.221056595106296	7
12.248191960568194	7
12.275326089954282	7
12.302449945849794	7
12.329555392571992	7
12.356635860558596	7
12.383686845304672	7
12.410706254088799	7
12.437694539318997	7
12.464654613222143	7
12.491591560910736	7
12.51851223515281	7
12.545424722267963	7
12.572337625191825	7
12.59925943424131	7
12.626197824608166	7
12.653159066035144	7
12.680147568840995	7
12.707165552292629	7
12.734212849355607	7
12.76128691988969	7
12.78838303258574	7
12.815494653983556	7
12.842613972579805	7
12.869732507473147	7
12.896841812214479	7
12.923934148232147	7
12.951003104777081	7
12.978044102318281	7
13.005054742573837	7
13.032034970173319	7
13.058987045811474	7
13.085915321539735	7
13.11282587961789	7
13.1397260774604	7
13.166623899950059	7
13.193527347062885	7
13.22044380564502	7
13.24737947349489	7
13.274338899835735	7
13.301324674313172	7
13.328337185612179	7
13.355374611644979	7
13.38243306028116	7
13.409506876278419	7
13.436589101911251	7
13.463672036037051	7
13.490747857563337	7
13.517809259026171	7
13.544850035201899	7
13.571865572696085	7
13.598853219771264	7
13.625812472064295	7
13.652744988442052	7
13.67965441437576	7
13.70654609199025	7
13.73342666089634	7
13.76030347958886	7
13.787184065302833	7
13.8140755093886	7
13.840983918040401	7
13.86791395550356	7
13.894868531923796	7
13.921848571219266	7
13.94885293763639	7
13.975878534334331	7
14.00292054979599	7
14.029972859866092	7
14.057028517251235	7
14.084080318119387	7
14.111121386987062	7
14.138145746086344	7
14.165148783948737	7
14.192127620431902	7
14.219081332804535	7
14.246011009053582	7
14.272919631129003	7
14.299811832606421	7
14.326693554814073	7
14.353571541079269	7
14.380452811559838	7
14.407344128646821	7
14.434251473804116	7
14.46117958996772	7
14.488131637858611	7
14.515108990883359	7
14.542111103031871	7
14.569135569370342	7
14.596178323492047	7
14.623233979530916	7
14.650296266281247	7
14.677358537985402	7
14.70441431437451	7
14.731457818014254	7
14.758484441154879	7
14.785491114384259	7
14.812476542636112	7
14.839441310479204	7
14.866387807811725	7
14.893320015832755	7
14.920243206432026	7
14.947163550334119	7
14.974087578013355	7
15.001021708185279	7
15.027971727298974	7
15.05494235323691	7
15.08193691670977	7
15.10895709477461	7
15.136002778199078	7
15.163072096134494	7
15.190161568192659	7
15.217266395200097	7
15.244380846402885	7
15.2714987250035	7
15.298613877546439	7
15.325720705705944	7
15.352814615094069	7
15.37989238417552	7
15.406952419334736	7
15.433994875373173	7
15.461021628220644	7
15.48803611807485	7
15.515043061551797	7
15.542048073906439	7
15.569057221482785	7
15.59607654777127	7
15.623111605240561	7
15.650167026540601	7
15.677246167086295	7
15.704350847698263	7
15.731481211756584	7
15.758635721359243	7
15.785811279869083	7
15.813003484499927	7
15.840206979342419	7
15.867415892985926	7
15.894624316426974	7
15.92182678398852	7
15.949018714296187	7
15.976196783790085	7
16.003359181592437	7
16.03050574101497	7
16.057637944867874	7
16.084758786460718	7
16.111872511209622	7
16.138984275249395	7
16.166099725780274	7
16.193224542058726	7
16.22036399455153	7
16.247522523970336	7
16.274703395855756	7
16.301908430690048	7
16.32913786123796	7
16.356390306811811	7
16.383662886301714	7
16.410951435767608	7
16.438250849386552	7
16.465555477699073	7
16.492859592283349	7
16.520157848180677	7
16.547445709596904	7
16.574719803458532	7
16.60197818929246	7
16.629220484796548	7
16.656447886808973	7
16.683663049299099	7
16.710869867306602	7
16.738073130787125	7
16.765278086614984	7
16.79249006211073	7
16.81971401093222	7
16.846954132678118	7
16.87421354673106	7
16.901494008380215	7
16.928795753665444	7
16.956117491599059	7
16.983456471609117	7
17.010808722040135	7
17.038169337956358	7
17.065532883610114	7
17.092893824868501	7
17.120246971152284	7
17.147587880972694	7
17.174913215179739	7
17.202220984525596	7
17.229510692352974	7
17.256783366929252	7
17.284041431350232	7
17.311288465456766	7
17.338528923057336	7
17.365767739951657	7
17.393009942450838	7
17.420260230621604	7
17.447522626096898	7
17.47480013711035	7
17.502094453147855	7
17.529405844537841	7
17.55673311253819	7
17.584073684977287	7
17.611423810930432	7
17.638778849868391	7
17.666133636375182	7
17.693482898672471	7
17.720821680415405	7
17.748145716052409	7
17.775451787954573	7
17.802737949084516	7
17.830003668625128	7
17.857249848919256	7
17.884478731988182	7
17.911693693807852	7
17.93889895722889	7
17.966099240356783	7
17.993299367192662	7
18.02050387754683	7
18.047716658259326	7
18.074940630339658	7
18.102177515200772	7
18.12942769591513	7
18.156690174987798	7
18.183962650674765	7
18.211241699677835	7
18.238523051209455	7
18.265801915989353	7
18.293073390577867	7
18.320332851354934	7
18.347576310523632	7
18.374800726726402	7
18.402004251405401	7
18.429186365281392	7
18.456347899529622	7
18.483490947796874	7
18.510618700432211	7
18.537735165066561	7
18.564844841052846	7
18.591952363779999	7
18.619062140825651	7
18.646178004284724	7
18.673302910606637	7
18.700438705797975	7
18.72758600057902	7
18.754744120117934	7
18.781911164476	7
18.809084156897242	7
18.836259304281345	7
18.863432296539578	7
18.890598662739016	7
18.917754144803233	7
18.944895034579968	7
18.97201847083651	7
18.999122680290963	7
19.026207109604094	7
19.05327246153994	7
19.080320639952177	7
19.107354585522231	7
19.134378061998262	7
19.161395338287917	7
19.188410874120706	7
19.215428956937728	7
19.242453386973192	7
19.269487200011817	7
19.296532437492782	7
19.323589990351767	7
19.350659552783704	7
19.37773966019747	7
19.404827818284222	7
19.431920721013384	7
19.459014521899945	7
19.486105161336869	7
19.513188706916619	7
19.540261694425521	7
19.567321372599437	7
19.594365976103138	7
19.621394846139637	7
19.648408512808174	7
19.675408626230954	7
19.702397838597356	7
19.729379602306324	7
19.756357911589426	7
19.783336988818267	7
19.81032096785237	7
19.83731359070104	7
19.864317933174508	7
19.891336175969681	7
19.918369446851582	7
19.945417755532262	7
19.972480014580967	7
19.999554131723443	7
20.026637193646298	7
20.05372572708194	7
20.08081598614184	7
20.10790426749351	7
20.134987221165549	7
20.162062135295852	7
20.189127162458025	7
20.216181478388215	7
20.243225345039768	7
20.270260106738107	7
20.297288081131807	7
20.324312379566717	7
20.351336672866264	7
20.378364906162016	7
20.405401004876911	7
20.432448572599842	7
20.459510616242937	7
20.486589330886353	7
20.513685937197994	7
20.540800596077528	7
20.567932405648378	7
20.595079485528505	7
20.622239139902835	7
20.649408075915147	7
20.676582689391179	7
20.703759357828428	7
20.730934740835341	7
20.758106058051808	7
20.785271316253127	7
20.81242947400473	7
20.839580521689072	7
20.866725483201606	7
20.893866338417002	7
20.921005846507196	7
20.948147334759195	7
20.975294433140231	7
21.002450779191324	7
21.029619734152238	7
21.056804115981194	7
21.084005982764204	7
21.111226459904731	7
21.138465660222742	7
21.165722668252066	7
21.192995608378773	7
21.220281795439643	7
21.24757794888313	7
21.274880449856525	7
21.302185639962129	7
21.329490106354555	7
21.356790955567501	7
21.384086037433246	7
21.41137411041624	7
21.438654931143585	7
21.465929263396589	7
21.493198809655222	7
21.520466009360749	7
21.547733851653962	7
21.575005620278699	7
21.602284617210408	7
21.629573886039136	7
21.656875965250048	7
21.684192680396556	7
21.711524974761733	7
21.738872811886527	7
21.7662351706565	7
21.793610124479624	7
21.820994953867292	7
21.848386375393435	7
21.875780777368746	7
21.903174506805449	7
21.930564148770337	7
21.957946764742154	7
21.985320144730995	7
22.012682923688356	7
22.040034680267048	7
22.067375978734848	7
22.094708267631734	7
22.122033746084558	7
22.149355153564809	7
22.17667554349638	7
22.20399800343057	7
22.231325386157895	7
22.258660071054582	7
22.286003754092636	7
22.313357305721748	7
22.340720684307847	7
22.368092905023524	7
22.39547207117932	7
22.42285555952385	7
22.45024017659426	7
22.477622427156181	7
22.504998767586361	7
22.532365886119571	7
22.55972094372294	7
22.587061800069172	7
22.614387153521722	7
22.64169662923873	7
22.668990783579027	7
22.696271033379908	7
22.723539523041186	7
22.750798932293488	7
22.778052243468974	7
22.805302491792887	7
22.8325524920708	7
22.859804621527068	7
22.887060616236706	7
22.914321420628266	7
22.941587105254833	7
22.968856841045461	7
22.99612897315453	7
23.023401150115589	7
23.050670502493734	7
23.077933860033479	7
23.105188023207823	7
23.132430000581255	7
23.159657251998357	7
23.186867871570417	7
23.214060748686208	7
23.241235643356379	7
23.268393194475255	7
23.295534855457664	7
23.322662783885356	7
23.349779656348375	7
23.37688844477039	7
23.403992191935732	7
23.431093764897863	7
23.45819564115201	7
23.485299719365528	7
23.512407167400557	7
23.539518333934332	7
23.566632737527755	7
23.593749127266342	7
23.620865578906749	7
23.647979666519564	7
23.675088659802238	7
23.702189759234098	7
23.72928032342616	7
23.756358086010131	7
23.783421366741372	7
23.810469192076493	7
23.837501388311686	7
23.864518603448246	7
23.891522267848796	7
23.918514476537915	7
23.945497832767476	7
23.972475252173577	7
23.999449752956448	7
24.026424227278127	7
24.053401238665323	7
24.080382826496727	7
24.107370379301116	7
24.134364552361767	7
24.161365222245884	7
24.188371516675012	7
24.215381905481525	7
24.242394346765668	7
24.269406476472888	7
24.296415804301898	7
24.323419950791777	7
24.350416844402837	7
24.377404897877373	7
24.404383158365295	7
24.431351398020499	7
24.458310134849082	7
24.485260634245208	7
24.512204794904903	7
24.539145024053127	7
24.566084071371762	7
24.593024824765138	7
24.619970104127773	7
24.646922452470591	7
24.673883968934732	7
24.700856158500905	7
24.727839847448628	7
24.754835124792972	7
24.78184135794784	7
24.808857272348359	7
24.835881067489332	7
24.862910579883945	7
24.889943480092644	7
24.916977473097877	7
24.944010499935111	7
24.971040919854836	7
24.998067647193043	7
25.025090271440686	7
25.052109089299975	7
25.079125095952843	7
25.106139914133308	7
25.133155673491455	7
25.160174867153611	7
25.187200153209982	7
25.214234162711968	7
25.241279301756901	7
25.268337577538155	7
25.295410451773513	7
25.32249873800756	7
25.349602544455678	7
25.376721276360708	7
25.403853698158279	7
25.430998043737087	7
25.458152155141569	7
25.485313677126832	7
25.51248024817377	7
25.539649698693093	7
25.566820227399802	7
25.593990556182053	7
25.621160025160155	7
25.648328646546215	7
25.675497113539922	7
25.702666740277699	7
25.729839342016486	7
25.757017094274872	7
25.784202358942188	7
25.811397490911443	7
25.838604645616201	7
25.865825600283092	7
25.893061614742269	7
25.920313322194268	7
25.947580680694788	7
25.97486295684314	7
26.002158777759895	7
26.02946624182038	7
26.056783069446716	7
26.084106761513684	7
26.1114348059746	7
26.138764856023005	7
26.166094925111686	7
26.19342353787513	7
26.220749835601882	7
26.248073614324987	7
26.275395294210401	7
26.3027158963116	7
26.330036926146835	7
26.357360254405894	7
26.38468794149524	7
26.412022042418609	7
26.439364421124971	7
26.466716605780203	7
26.494079622048968	7
26.521453905317365	7
26.548839232342669	7
26.576234724446032	7
26.603638909657811	7
26.631049811649515	7
26.658465080452114	7
26.68588214935933	7
26.713298452163706	7
26.740711589528392	7
26.768119509307752	7
26.795520639645694	7
26.822914010425755	7
26.850299276484805	7
26.877676730275944	7
26.905047263419185	7
26.932412244397003	7
26.959773398183401	7
26.987132629388721	7
27.01449185676913	7
27.041852839723642	7
27.069217002401579	7
27.096585300917386	7
27.123958139048348	7
27.151335330081597	7
27.178716028051404	7
27.206098809051564	7
27.233481765724516	7
27.260862647969713	7
27.288239011415129	7
27.315608407465511	7
27.342968563487464	7
27.37031754347338	7
27.397653883702016	7
27.424976706382417	7
27.452285765558397	7
27.479581432860776	7
27.506864644267502	7
27.534136819325134	7
27.561399729601224	7
27.588655338510932	7
27.615905622502499	7
27.643152414387302	7
27.67039722976396	7
27.69764115569151	7
27.724884744761049	7
27.752127974249341	7
27.779370236792094	7
27.806610382793302	7
27.83384679801943	7
27.861077546016947	7
27.888300529353774	7
27.915513635066887	7
27.942714905423109	7
27.969902705029881	7
27.997075829804128	7
28.024233628916193	7
28.051376031634341	7
28.078503566867337	7
28.105617298161942	7
28.132718752111547	7
28.159809801626661	7
28.186892503702396	7
28.21396893580236	7
28.241041058998299	7
28.268110571359745	7
28.295178778409955	7
28.322246495108953	7
28.349313987866459	7
28.376380990914779	7
28.40344671361024	7
28.430509941559205	7
28.45756913148437	7
28.484622560565636	7
28.511668450555469	7
28.538705165360845	7
28.565731315420074	7
28.592745915269841	7
28.619748462412218	7
28.646738978457652	7
28.67371803667827	7
28.700686734162385	7
28.727646607128246	7
28.754599518240674	7
28.781547547520113	7
28.808492820450702	7
28.835437361118817	7
28.862382980591512	7
28.889331157150181	7
28.916282909285815	7
28.943238762464514	7
28.970198720631178	7
28.997162302958813	7
29.024128575621468	7
29.051096328446516	7
29.078064094584125	7
29.105030326194317	7
29.131993551067808	7
29.158952520104027	7
29.185906299831579	7
29.21285438242478	7
29.239796764221374	7
29.266733923561382	7
29.29366683338197	7
29.320596898953013	7
29.347525851336659	7
29.374455649820071	7
29.401388331776833	7
29.42832588948832	7
29.455270121002911	7
29.48222251093388	7
29.509184146508478	7
29.53615565005893	7
29.563137155864556	7
29.59012831577526	7
29.617128351529889	7
29.644136133761947	7
29.671150294376851	7
29.698169353325419	7
29.725191854927939	7
29.752216503702694	7
29.779242285942249	7
29.806268558923371	7
29.833295129321804	7
29.8603222748314	7
29.887350738438677	7
29.914381673875585	7
29.941416578273824	7
29.968457175689057	7
29.995505294336287	7
30.022562746578291	7
30.049631175713465	7
30.076711948606263	7
30.103806056154774	7
30.13091404462552	7
30.158035983410034	7
30.185171464845197	7
30.212319640604456	7
30.2394793074814	7
30.266649004920101	7
30.293827138856759	7
30.321012109730972	7
30.348202450342288	7
30.375396943566987	7
30.402594718102865	7
30.429795322619306	7
30.456998760614013	7
30.484205480771372	7
30.511416345473627	7
30.538632544749568	7
30.565855509501773	7
30.593086779677012	7
30.620327881009313	7
30.64758018612206	7
30.674844806271977	7
30.702122496390043	7
30.729413570030886	7
30.756717883097533	7
30.784034817099485	7
30.811363327334895	7
30.838702011865248	7
30.866049208167528	7
30.893403134313996	7
30.920761992015539	7
30.948124104316072	7
30.975488035354871	7
31.002852678697963	7
31.030217325277359	7
31.057581717919167	7
31.084946023646214	7
31.112310826602574	7
31.139677036208241	7
31.167045811377346	7
31.194418430268598	7
31.221796164254052	7
31.249180144269499	7
31.276571256339835	7
31.30397004256757	7
31.331376651924892	7
31.358790766077217	7
31.386211627846127	7
31.413638039979499	7
31.441068501990003	7
31.468501262625526	7
31.495934443158269	7
31.523366180576364	7
31.550794737141572	7
31.578218614735707	7
31.605636621607889	7
31.633047992661623	7
31.660452393561584	7
31.687849933139379	7
31.71524110987173	7
31.74262675166997	7
31.770007924799412	7
31.797385812633777	7
31.824761615644206	7
31.852136406811209	7
31.879511029686739	7
31.906886029433227	7
31.934261585037305	7
31.961637407891629	7
31.989012806949901	7
32.016386685092733	7
32.043757639083665	7
32.071124026811354	7
32.098484105571835	7
32.12583613659109	7
32.153178513619316	7
32.180509866640101	7
32.207829191271131	7
32.235135870277666	7
32.262429716193672	7
32.289710964938358	7
32.316980246157925	7
32.344238514689586	7
32.371486967492622	7
32.398726917635166	7
32.425959693334825	7
32.453186528278458	7
32.480408447783212	7
32.50762617641287	7
32.534840077508463	7
32.562050123825017	7
32.589255891209561	7
32.616456604315829	7
32.643651173844589	7
32.670838290806905	7
32.698016560705184	7
32.725184589355841	7
32.752341099814345	7
32.779485060387564	7
32.80661572524707	7
32.833732725817086	7
32.860836087169844	7
32.887926252729471	7
32.915004034174174	7
32.942070542595694	7
32.96912711974408	7
32.99617524584	7
33.023216419035407	7
33.050252057584174	7
33.077283398625603	7
33.104311408105595	7
33.131336716800107	7
33.158359598411472	7
33.185379953252706	7
33.212397345939813	7
33.2394110474375	7
33.266420106738479	7
33.293423458942605	7
33.320420023574748	7
33.347408796958675	7
33.374388969121121	7
33.401359989834575	7
33.428321651142788	7
33.455274091706364	7
33.482217818324656	7
33.509153699824658	7
33.536082899115605	7
33.563006801355833	7
33.589926940274083	7
33.616844885453531	7
33.643762127421056	7
33.670680020413826	7
33.697599683934477	7
33.72452192736057	7
33.751447233162942	7
33.778375740777548	7
33.805307222460819	7
33.832241175181807	7
33.85917687017907	7
33.88611343571705	7
33.913049936073264	7
33.939985502135215	7
33.966919397329576	7
33.993851114346811	7
34.020780419843227	7
34.047707415052592	7
34.074632550960615	7
34.10155658972571	7
34.128480584603807	7
34.155405817707233	7
34.182333715641924	7
34.20926576984202	7
34.236203424050814	7
34.263147985363616	7
34.290100553549742	7
34.317061950544186	7
34.34403268795181	7
34.371012939764633	7
34.39800254643918	7
34.425001050996322	7
34.452007752601169	7
34.479021787638708	7
34.50604221300339	7
34.533068101508164	7
34.560098625767374	7
34.587133143490348	7
34.614171274844068	7
34.641212936181546	7
34.668258355822225	7
34.695308075271548	7
34.722362919150811	7
34.749423942365375	7
34.776492354012859	7
34.803569425049865	7
34.830656404170085	7
34.857754425404764	7
34.884864428515314	7
34.911987087241918	7
34.939122759770861	7
34.966271475163701	7
34.993432937050201	7
35.020606540936249	7
35.047791436062056	7
35.074986595691776	7
35.102190890201925	7
35.129403189134308	7
35.15662244831892	7
35.183847790709336	7
35.211078583979813	7
35.238314466840777	7
35.265555390607837	7
35.292801605480371	7
35.320053638734208	7
35.347312240900621	7
35.374578319998207	7
35.40185284566126	7
35.42913677497701	7
35.456430958964916	7
35.483736070655468	7
35.511052531752249	7
35.538380433288147	7
35.565719542559854	7
35.593069299756756	7
35.620428855728292	7
35.647797108421052	7
35.675172785184429	7
35.702554524385206	7
35.729940959742237	7
35.757330813587281	7
35.784722966400366	7
35.812116546716254	7
35.839510955042272	7
35.866905901989426	7
35.894301416626881	7
35.921697796707761	7
35.949095562773955	7
35.976495385476099	7
36.003898010273339	7
36.031304184838618	7
36.058714547034739	7
36.086129549369382	7
36.113549381596023	7
36.140973995553168	7
36.168403009972764	7
36.195835742889201	7
36.223271245933525	7
36.250708349759712	7
36.278145715771849	7
36.305581904852602	7
36.333015511143692	7
36.360445209307628	7
36.387869854237145	7
36.415288536578039	7
36.442700637111635	7
36.47010583930301	7
36.497504128836191	7
36.524895765980602	7
36.55228124526564	7
36.579661220993451	7
36.607036433173128	7
36.634407622737406	7
36.66177547078388	7
36.689140459160683	7
36.716502849787737	7
36.743862637783359	7
36.771219523173549	7
36.798572913898767	7
36.825921963564426	7
36.853265615079593	7
36.880602676000372	7
36.907931882761496	7
36.93525201287747	7
36.962561962096103	7
36.989860792442606	7
37.017147803839819	7
37.044422577646863	7
37.071684995009001	7
37.098935238651968	7
37.126173762767216	7
37.153401264189398	7
37.180618590054983	7
37.207826674980588	7
37.235026456184237	7
37.262218796202795	7
37.289404405291187	7
37.316583792253219	7
37.343757217511609	7
37.370924654902865	7
37.398085829060513	7
37.425240223872613	7
37.452387125387901	7
37.479525698673918	7
37.506655036569889	7
37.533774251015537	7
37.560882544937883	7
37.587979277989199	7
37.615064041623256	7
37.642136686232625	7
37.669197339542087	7
37.696246390826289	7
37.723284512712624	7
37.750312571610657	7
37.777331592101191	7
37.804342691358976	7
37.831347001114615	7
37.85834558911877	7
37.885339397147469	7
37.912329172468262	7
37.93931544519824	7
37.966298488386471	7
37.993278322522521	7
38.020254738945304	7
38.047227337607367	7
38.074195567112866	7
38.101158808776269	7
38.128116440179681	7
38.155067905521733	7
38.182012763650434	7
38.208950759002654	7
38.235881879665548	7
38.26280636022927	7
38.28972468509911	7
38.316637584509081	7
38.343545983540558	7
38.370450962581202	7
38.39735368692196	7
38.424255353216907	7
38.451157112957084	7
38.478060019829172	7
38.504964923834301	7
38.531872493576337	7
38.558783151342013	7
38.585697077319189	7
38.612614224822515	7
38.639534359932526	7
38.666457072199051	7
38.693381857687974	7
38.720308185832167	7
38.747235563710433	7
38.774163599307805	7
38.801092047978962	7
38.828020857858078	7
38.854950205559987	7
38.881880499167067	7
38.908812365692818	7
38.935746630957212	7
38.962684271965735	7
38.989626353415858	7
39.016573964051716	7
39.043528165551571	7
39.070489937060131	7
39.097460104638536	7
39.124439295040787	7
39.151427908037071	7
39.178426108329084	7
39.20543382698721	7
39.232450786462792	7
39.259476541203455	7
39.286510529002463	7
39.313552131259733	7
39.340600748996245	7
39.367655848756314	7
39.394717025761558	7
39.421784050746382	7
39.448856895836371	7
39.475935759879142	7
39.503021048275478	7
39.530113356687352	7
39.557213426478754	7
39.584322097913102	7
39.611440249090009	7
39.638568727223266	7
39.665708285229812	7
39.692859541915524	7
39.720022918801433	7
39.747198617225401	7
39.774386607799372	7
39.801586617924649	7
39.828798166609225	7
39.856020596167617	7
39.883253130418545	7
39.910494929387085	7
39.937745149073393	7
39.965003006591331	7
39.992267841624503	7
40.019539149432056	7
40.046816624656707	7
40.074100173590075	7
40.101389904063346	7
40.128686105774278	7
40.15598924098353	7
40.183299873746876	7
40.210618572148107	7
40.237945884629816	7
40.265282249865358	7
40.292627982839363	7
40.319983210982514	7
40.34734784690616	7
40.37472157548428	7
40.402103862128286	7
40.429493967882749	7
40.456890995484407	7
40.484293925713068	7
40.511701693588165	7
40.539113235388555	7
40.566527551209788	7
40.593943782406761	7
40.621361224978571	7
40.648779382890943	7
40.676197958294765	7
40.703616857675222	7
40.731036166765996	7
40.758456123237679	7
40.785877044156358	7
40.813299309340067	7
40.84072330371702	7
40.868149312258332	7
40.895577504187152	7
40.923007881394859	7
40.950440248077172	7
40.977874184755493	7
41.005309061529708	7
41.032744083484495	7
41.060178293921474	7
41.087610637843127	7
41.11504001648386	7
41.142465363593885	7
41.169885690209298	7
41.197300131481001	7
41.224707996226499	7
41.252108795670608	7
41.279502261414635	7
41.306888341041869	7
41.334267172378347	7
41.361639036175397	7
41.389004318377509	7
41.416363444961	7
41.443716833627924	7
41.47106483328303	7
41.498407679753392	7
41.525745446511763	7
41.553078032721636	7
41.580405147283784	7
41.607726314431446	7
41.63504089895828	7
41.662348169033237	7
41.689647295068703	7
41.71693741940242	7
41.744217705623605	7
41.771487404469248	7
41.798745897717566	7
41.825992748599433	7
41.853227734900798	7
41.880450831936407	7
41.907662214308402	7
41.93486224999716	7
41.962051446828234	7
41.989230410606318	7
42.01639979626939	7
42.043560272249138	7
42.070712429066184	7
42.097856772745423	7
42.124993657478036	7
42.152123279914008	7
42.179245666976527	7
42.206360666613087	7
42.233467986785854	7
42.26056720834206	7
42.287657827429115	7
42.314739321844634	7
42.341811199105258	7
42.368873025812306	7
42.395924474508725	7
42.422965386296582	7
42.449995776541293	7
42.477015848142521	7
42.504025995514851	7
42.531026780672839	7
42.558018913517877	7
42.585003197763804	7
42.611980490595514	7
42.638951652718646	7
42.665917493666875	7
42.692878729716213	7
42.719835955864752	7
42.746789617108618	7
42.773739989247879	7
42.80068718495626	7
42.827631173972449	7
42.854571802100409	7
42.881508815261213	7
42.908441910328833	7
42.935370791853153	7
42.962295215127583	7
42.989215039275855	7
43.016130238326689	7
43.04304093909316	7
43.069947443683112	7
43.096850221403521	7
43.123749886237505	7
43.150647197913131	7
43.177543015676001	7
43.204438231266892	7
43.231333758789802	7
43.258230470699537	7
43.285129153152802	7
43.312030488558648	7
43.338935031921075	7
43.365843151236454	7
43.392755051843743	7
43.419670797645821	7
43.446590318222036	7
43.473513444538455	7
43.500439944565571	7
43.527369564955343	7
43.554302075481438	7
43.581237313183202	7
43.608175223683588	7
43.635115880379402	7
43.662059510485371	7
43.689006484245077	7
43.715957302290647	7
43.742912600779597	7
43.769873117033221	7
43.796839649236389	7
43.823813002988807	7
43.850793954844214	7
43.877783208619547	7
43.90478135885914	7
43.931788857081202	7
43.958805999443555	7
43.985832916667462	7
44.012869578204437	7
44.039915822349613	7
44.066971366565362	7
44.0940358534287	7
44.121108892094249	7
44.148190099141566	7
44.175279151598019	7
44.202375805516247	7
44.229479938009469	7
44.256591556856051	7
44.283710812368298	7
44.31083798808011	7
44.337973483095816	7
44.365117781966148	7
44.392271434920076	7
44.419435000804029	7
44.446609012277044	7
44.473793930138683	7
44.500990101808668	7
44.528197742040746	7
44.555416901955375	7
44.582647477770699	7
44.60988920554351	7
44.637141676919768	7
44.664404364381838	7
44.691676664077093	7
44.718957924411995	7
44.746247500368568	7
44.773544796239321	7
44.800849288559938	7
44.828160565542348	7
44.855478369465622	7
44.882802580370736	7
44.910133178984445	7
44.937470260037287	7
44.96481399169393	7
44.992164610564899	7
45.019522363658652	7
45.046887476227852	7
45.074260106157347	7
45.101640310838022	7
45.129028024978474	7
45.156423033621891	7
45.183824976329262	7
45.211233341219483	7
45.23864749256343	7
45.26606668891182	7
45.293490116854507	7
45.320916940162824	7
45.348346328909663	7
45.375777498950328	7
45.403209750030214	7
45.430642489092001	7
45.458075239937855	7
45.48550766824161	7
45.512939604486874	7
45.540370990044217	7
45.567801851241562	7
45.595232292602255	7
45.622662437018761	7
45.650092386421122	7
45.677522181750092	7
45.704951783814387	7
45.732381048234721	7
45.75980969110276	7
45.787237290140276	7
45.814663293252501	7
45.842087050490221	7
45.869507818602251	7
45.896924792499298	7
45.924337154332534	7
45.951744103704975	7
45.979144919913395	7
46.0065389824167	7
46.033925766074709	7
46.061304881968802	7
46.088676088453539	7
46.116039266868789	7
46.143394427098471	7
46.170741669689747	7
46.198081169909656	7
46.225413129821085	7
46.252737754465336	7
46.280055210352074	7
46.307365594629431	7
46.334668918608912	7
46.36196510819952	7
46.389253952818613	7
46.416535127925975	7
46.44380820287423	7
46.471072683288149	7
46.49832802041113	7
46.525573668126633	7
46.552809124639303	7
46.580033930750133	7
46.607247717117978	7
46.634450247293785	7
46.661641401922289	7
46.688821188961974	7
46.715989757921129	7
46.743147388718242	7
46.770294438652471	7
46.79743135634871	7
46.824558607458883	7
46.851676669500158	7
46.878785992423815	7
46.905886950506748	7
46.932979858228791	7
46.960064920621619	7
46.987142230055547	7
47.014211783515663	7
47.041273490236534	7
47.068327178663637	7
47.095372612185955	7
47.122409552288559	7
47.149437776049488	7
47.176457108126215	7
47.203467451174774	7
47.230468815293854	7
47.257461321988771	7
47.284445222355309	7
47.311420882933739	7
47.338388770506114	7
47.365349450647606	7
47.39230354321564	7
47.419251718571864	7
47.446194648109326	7
47.473132965928748	7
47.500067264667045	7
47.526998066934226	7
47.553925792698479	7
47.580850750353711	7
47.607773135016167	7
47.63469305425113	7
47.66161054036877	7
47.688525571502183	7
47.715438090245073	7
47.742348041414594	7
47.769255403585603	7
47.796160214154803	7
47.823062563694336	7
47.849962682278424	7
47.8768608770662	7
47.90375756579536	7
47.930653266242686	7
47.957548581687234	7
47.98444416423591	7
48.011340719207027	7
48.038238953014599	7
48.06513954771679	7
48.092043119984908	7
48.118950223049431	7
48.145861332324401	7
48.172776795770332	7
48.199696867907974	7
48.226621698629756	7
48.253551349909117	7
48.280485811815709	7
48.307425036909656	7
48.334368955934181	7
48.36131751618921	7
48.388270698155551	7
48.415228526938812	7
48.442191125736827	7
48.469158718378551	7
48.496131619722505	7
48.523110229554796	7
48.550095027999184	7
48.577086552032412	7
48.604085372080149	7
48.63109206064901	7
48.658107167367312	7
48.685131188977586	7
48.712164545969465	7
48.73920757106977	7
48.766260484557797	7
48.793323400205352	7
48.820396323519816	7
48.84747917097976	7
48.874571785692211	7
48.901673950932604	7
48.928785426526403	7
48.955905973838277	7
48.983035379107079	7
49.010173473018341	7
49.037320156911107	7
49.064475411695987	7
49.091639307565281	7
49.118811998420149	7
49.145993706691222	7
49.173184703558803	7
49.200385292308312	7
49.227595775886876	7
49.254816434340853	7
49.282047499698528	7
49.309289135378258	7
49.336541402573395	7
49.363804264301329	7
49.391077568305931	7
49.41836105452267	7
49.445654372611926	7
49.472957094632605	7
49.500268723815665	7
49.527588754530932	7
49.554916688929616	7
49.582252037620968	7
49.609594347474079	7
49.636943216458803	7
49.664298319488346	7
49.691659426930833	7
49.719026387280927	7
49.746399116288053	7
49.773777588673333	7
49.801161812700862	7
49.828551812844495	7
49.855947595250313	7
49.883349129822086	7
49.910756323426895	7
49.938168991408858	7
49.965586874105348	7
49.993009606303552	7
50.020436725297138	7
50.047867697128808	7
50.075301897756063	7
50.102738650314741	7
50.13017725413318	7
50.157617006675672	7
50.185057247392841	7
50.212497390455994	7
50.239936903713463	7
50.26737533494034	7
50.29481234200675	7
50.322247661244511	7
50.349681099125242	7
50.377112529866352	7
50.404541875564227	7
50.431969089366099	7
50.459394104429023	7
50.486816829900945	7
50.514237122221992	7
50.541654786476307	7
50.569069541027744	7
50.596481020175787	7
50.623888783918296	7
50.651292314987899	7
50.678691065691417	7
50.706084455143063	7
50.733471848716938	7
50.760852655675919	7
50.788226300927768	7
50.815592264352794	7
50.842950110488438	7
50.870299487469993	7
50.897640142373497	7
50.924971920201529	7
50.952294758850272	7
50.97960867227232	7
51.006913729381907	7
51.034210051788918	7
51.061497787774641	7
51.088777046815387	7
51.116047899935936	7
51.143310364429603	7
51.170564394595964	7
51.197809869881006	7
51.225046620599379	7
51.252274416276187	7
51.279492960348435	7
51.306701933434852	7
51.333901018077803	7
51.361089892226858	7
51.388268267997269	7
51.415435936876918	7
51.442592753052068	7
51.469738661571341	7
51.496873700344949	7
51.523997997154481	7
51.55111177391634	7
51.578215323618402	7
51.605308999308541	7
51.632393192587379	7
51.659468299869317	7
51.68653471807032	7
51.713592818238361	7
51.740642918763626	7
51.767685266650794	7
51.794720031853487	7
51.821747323397808	7
51.848767202764058	7
51.875779666550208	7
51.902784677411354	7
51.929782188974201	7
51.956772164833602	7
51.983754592352746	7
52.010729502725923	7
52.03769697968287	7
52.064657190502281	7
52.091610382891488	7
52.118556894546764	7
52.145497131066591	7
52.172431560410502	7
52.199360722505098	7
52.226285184863741	7
52.25320552606113	7
52.280122297357288	7
52.307036020514758	7
52.333947180895372	7
52.360856207259701	7
52.387763451348086	7
52.414669191492067	7
52.441573657639637	7
52.468477017707251	7
52.495379373971218	7
52.52228080874508	7
52.549181411951103	7
52.576081263466698	7
52.602980491736346	7
52.629879253850348	7
52.656777773115081	7
52.683676347417972	7
52.710575359282316	7
52.737475239999966	7
52.764376472778977	7
52.791279593179588	7
52.81818517061199	7
52.845093786668606	7
52.872006004852182	7
52.898922361471065	7
52.925843337056712	7
52.952769350597094	7
52.979700757139071	7
53.006637831953505	7
53.033580779873084	7
53.060529740281694	7
53.087484786577598	7
53.11444595024841	7
53.141413253328444	7
53.168386727455562	7
53.195366413423159	7
53.222352387302422	7
53.24934477165629	7
53.27634374737891	7
53.303349550858684	7
53.330362477265204	7
53.35738287205708	7
53.384411115666126	7
53.411447616493398	7
53.43849278569855	7
53.465547015886862	7
53.492610672686425	7
53.519684069472234	7
53.546767464749372	7
53.573861038499139	7
53.60096489503114	7
53.628079062346785	7
53.655203494707422	7
53.682338084226636	7
53.709482675858638	7
53.736637074865982	7
53.763801092478147	7
53.790974539767795	7
53.818157254547344	7
53.845349112247852	7
53.872550031881168	7
53.899759987808274	7
53.9269790010988	7
53.954207141253235	7
53.981444519532936	7
54.008691263623739	7
54.035947506510844	7
54.06321336587996	7
54.090488923587628	7
54.117774215303491	7
54.145069215632816	7
54.17237382129683	7
54.199687856232373	7
54.227011087897573	7
54.25434319300382	7
54.281683781565469	7
54.309032399836006	7
54.336388561582964	7
54.363751773286687	7
54.391121558308697	7
54.4184974589962	7
54.445879056072954	7
54.473265984931444	7
54.500657936297337	7
54.528054667466563	7
54.555455983543027	7
54.582861730112811	7
54.610271792149661	7
54.63768606503838	7
54.665104434793342	7
54.692526773768918	7
54.719952914228735	7
54.747382618863462	7
54.774815590574079	7
54.802251459548479	7
54.829689771241085	7
54.857130012316055	7
54.884571652926546	7
54.912014102101786	7
54.939456745384661	7
54.966898986991403	7
54.994340240566935	7
55.02177994990528	7
55.049217594718542	7
55.076652737994422	7
55.104085004129374	7
55.131514084348531	7
55.158939724582396	7
55.186361726742788	7
55.213779940376391	7
55.241194246910105	7
55.268604522158135	7
55.296010635280666	7
55.323412423311524	7
55.350809697646838	7
55.37820222508293	7
55.405589717132607	7
55.432971799045497	7
55.460348065608883	7
55.487718040286524	7
55.51508122719251	7
55.542437119408653	7
55.569785215132121	7
55.597125038625144	7
55.62445616638675	7
55.651778237683175	7
55.679090965220901	7
55.706394143072799	7
55.73368767340618	7
55.760971517273902	7
55.788245693763692	7
55.815510259611898	7
55.842765319722702	7
55.870010980983196	7
55.897247359820852	7
55.924474568509503	7
55.95169266814834	7
55.978901670082877	7
56.006101557418411	7
56.033292244521007	7
56.060473587162733	7
56.087645414941413	7
56.114807548333403	7
56.141959780710167	7
56.169101930645311	7
56.196233830955215	7
56.223355363808373	7
56.250466477104794	7
56.277567174488979	7
56.304657553364464	7
56.331737776753535	7
56.358808080678692	7
56.385868766838939	7
56.412920188488002	7
56.439962723803404	7
56.466996744046853	7
56.494022633400213	7
56.521040757043288	7
56.548051445374107	7
56.57505498141213	7
56.602051611225214	7
56.629041521307812	7
56.656024860704356	7
56.683001729883372	7
56.709972188683551	7
56.736936293430396	7
56.763894088286236	7
56.790845651129139	7
56.817791092512564	7
56.844730562016707	7
56.871664267289383	7
56.898592499021497	7
56.925515601659271	7
56.952433973614525	7
56.979348054414324	7
57.006258332244883	7
57.03316533383353	7
57.060069586551847	7
57.086971612520337	7
57.113871914863182	7
57.14077096988985	7
57.16766920251488	7
57.194566967212069	7
57.22146459060405	7
57.248362321809864	7
57.275260378218995	7
57.302158924759432	7
57.329058112331381	7
57.355958070412449	7
57.382858954873079	7
57.409760928022749	7
57.436664187535193	7
57.463568964812637	7
57.490475550402508	7
57.517384298620968	7
57.544295598170748	7
57.57120989101881	7
57.598127649437458	7
57.625049364283555	7
57.651975532107947	7
57.678906647649576	7
57.705843172135481	7
57.732785537138184	7
57.759734119928481	7
57.786689224630187	7
57.813651109468466	7
57.840619981352845	7
57.867595992033394	7
57.894579246299386	7
57.921569812835642	7
57.948567742200972	7
57.975573078225018	7
58.002585869694066	7
58.029606187248703	7
58.05663413181356	7
58.083669839568017	7
58.110713494796592	7
58.137765317453919	7
58.1648255662938	7
58.191894526480787	7
58.218972503979458	7
58.246059814414174	7
58.273156753692056	7
58.300263595121521	7
58.32738057222636	7
58.354507865723328	7
58.381645591036303	7
58.408793799049164	7
58.435952478800914	7
58.463121560935498	7
58.490300926491614	7
58.517490413065694	7
58.544689824854693	7
58.571898956047896	7
58.599117595299035	7
58.626345546850033	7
58.653582645289049	7
58.680828762006172	7
58.708083797229037	7
58.735347696024427	7
58.762620432769722	7
58.789902006584448	7
58.817192439399768	7
58.844491753994724	7
58.871799954626788	7
58.899117044208715	7
58.926442976913535	7
58.953777636219257	7
58.981120846281378	7
59.008472349724293	7
59.035831831234439	7
59.063198927743791	7
59.090573223672713	7
59.117954262796587	7
59.145341566410508	7
59.172734647761743	7
59.200133033196906	7
59.227536271068935	7
59.254943939175256	7
59.282355666376837	7
59.309771113198451	7
59.337190001491088	7
59.364612089956758	7
59.392037163143605	7
59.419465042564703	7
59.446895549198381	7
59.474328486487394	7
59.501763624384964	7
59.52920071253488	7
59.556639469959819	7
59.584079577206118	7
59.611520641848138	7
59.638962229658937	7
59.666403863853247	7
59.693845026512278	7
59.721285156472391	7
59.74872369668546	7
59.776160088805014	7
59.803593807499148	7
59.831024344403261	7
59.858451235652133	7
59.885874071274458	7
59.913292511656195	7
59.940706264766924	7
59.968115088852649	7
59.99551878950674	7
60.022917202145933	7
60.050310198944899	7
60.077697663588282	7
60.105079444435653	7
60.132455377989672	7
60.159825254920527	7
60.187188815422573	7
60.214545768225165	7
60.241895769880195	7
60.269238446104772	7
60.296573399267011	7
60.323900223007193	7
60.351218515555296	7
60.378527890994718	7
60.405828014268998	7
60.433118615266771	7
60.460399448238363	7
60.487670332527799	7
60.514931150231085	7
60.542181848473838	7
60.569422427036336	7
60.596652955651422	7
60.623873537935992	7
60.651084283915623	7
60.678285322156391	7
60.705476785239526	7
60.732658763701941	7
60.759831320403642	7
60.786994504796127	7
60.81414831257301	7
60.841292717133612	7
60.868427652536532	7
60.895553030133001	7
60.922668759769081	7
60.94977474773097	7
60.976870926333078	7
61.003957258563254	7
61.031033745708314	7
61.058100449429666	7
61.085157490782315	7
61.112205047469594	7
61.139243337065459	7
61.166272627609345	7
61.193293236948378	7
61.220305525276743	7
61.247309858341389	7
61.27430661351319	7
61.301296163517534	7
61.328278869917284	7
61.355255059537157	7
61.382225019990493	7
61.409188994461317	7
61.436147193054644	7
61.463099794409729	7
61.490046959388614	7
61.516988819582323	7
61.543925497289436	7
61.570857149989763	7
61.597783945224414	7
61.624706080037917	7
61.651623772596153	7
61.678537292164741	7
61.705446964636195	7
61.732353161313306	7
61.75925629383525	7
61.786156809149055	7
61.813055190268443	7
61.839951936612536	7
61.866847520490204	7
61.893742419215201	7
61.920637094033786	7
61.947531961092757	7
61.974427412496858	7
62.00132378163822	7
62.028221360931738	7
62.055120413920406	7
62.082021174858518	7
62.10892384484869	7
62.135828600160153	7
62.162735617621884	7
62.189645098762739	7
62.216557256173715	7
62.243472322102747	7
62.27039056837549	7
62.297312296109268	7
62.324237845332654	7
62.351167593043655	7
62.378101938244313	7
62.405041304733892	7
62.431986123704625	7
62.458936804788479	7
62.485893747823241	7
62.512857334459866	7
62.539827923736667	7
62.566805823953565	7
62.593791297237232	7
62.620784555353495	7
62.647785768497535	7
62.674795060230011	7
62.701812521125056	7
62.72883821593247	7
62.755872191937399	7
62.78291449993786	7
62.809965192821203	7
62.837024337247662	7
62.864092027361622	7
62.891168383371294	7
62.918253565325692	7
62.945347751477563	7
62.972451144130702	7
62.999563963147082	7
63.026686426449103	7
63.05381874547404	7
63.080961112066497	7
63.108113679113103	7
63.135276576937208	7
63.162449884528129	7
63.189633627588044	7
63.216827779523442	7
63.244032260219385	7
63.271246942520662	7
63.298471657842981	7
63.325706210403453	7
63.352950391906894	7
63.380203979177224	7
63.407466754592598	7
63.434738512403392	7
63.46201906361447	7
63.489308247476963	7
63.516605930954526	7
63.543912000000603	7
63.571226379390644	7
63.59854902113932	7
63.625879839326217	7
63.653218756193191	7
63.680565643439095	7
63.707920354378679	7
63.735282706184655	7
63.762652480794188	7
63.790029405551685	7
63.817413162424707	7
63.844803387557768	7
63.872199676737381	7
63.899601609083852	7
63.927008731912863	7
63.954420584613345	7
63.98183670821048	7
64.00925666464488	7
64.036680029520696	7
64.064106404970971	7
64.091535441144742	7
64.118966797649733	7
64.14640016197086	7
64.173835247481378	7
64.20127178030215	7
64.228709500670092	7
64.256148176035254	7
64.283587538485918	7
64.311027303745107	7
64.338467179893541	7
64.365906837121457	7
64.393345892936495	7
64.420783924297979	7
64.448220497696653	7
64.475655150046336	7
64.503087397139268	7
64.530516740553423	7
64.557942681249202	7
64.585364750543107	7
64.612782503907027	7
64.640195522152055	7
64.667603428018538	7
64.695005879053483	7
64.722402591637561	7
64.749793329803666	7
64.77717788239471	7
64.804556053186914	7
64.831927675671736	7
64.859292563520995	7
64.886650539760979	7
64.914001415363288	7
64.941344984843681	7
64.968681021072129	7
64.996009278204625	7
65.023329492974597	7
65.050641383410849	7
65.077944669229623	7
65.105239092212642	7
65.132524377972331	7
65.159800264241412	7
65.187066503559066	7
65.214322894385589	7
65.241569259389777	7
65.268805482976333	7
65.296031511279978	7
65.323247309753782	7
65.350452887053677	7
65.377648307370578	7
65.404833644942613	7
65.432008984164398	7
65.459174434302867	7
65.486330113325977	7
65.513476120039627	7
65.540612553443694	7
65.567739485561148	7
65.5948569739692	7
65.621965065751098	7
65.649063786863294	7
65.676153166509053	7
65.703233225200918	7
65.730303992816602	7
65.757365517410847	7
65.784417865979307	7
65.811461129862295	7
65.838495412266241	7
65.865520864434941	7
65.892537689464262	7
65.919546116723993	7
65.946546411517815	7
65.973538877200966	7
66.000523842818183	7
66.027501654624743	7
66.054472662171449	7
66.081437200261504	7
66.108395611277146	7
66.135348207507292	7
66.16229529857705	7
66.189237168041089	7
66.216174076474417	7
66.243106272571652	7
66.270033998846571	7
66.296957483835342	7
66.323876942826914	7
66.350792586956459	7
66.377704644594786	7
66.404613370275257	7
66.431519034251721	7
66.458421930849156	7
66.485322394268209	7
66.512220793343644	7
66.539117504787015	7
66.566012921961033	7
66.592907476724946	7
66.619801587284087	7
66.64669568977196	7
66.673590197602238	7
66.700485519340347	7
66.727382044383802	7
66.754280159958512	7
66.781180205544871	7
66.808082494822671	7
66.834987314949686	7
66.861894936718869	7
66.88880561585465	7
66.915719587566741	7
66.942637090536564	7
66.969558355047752	7
66.996483614514744	7
67.02341312125111	7
67.0503471405695	7
67.077285954808815	7
67.104229866761671	7
67.131179192541296	7
67.158134247028713	7
67.185095368494132	7
67.212062909491195	7
67.239037215689109	7
67.266018621097089	7
67.293007444048712	7
67.320003976735237	7
67.347008484016129	7
67.374021194350249	7
67.401042307288265	7
67.42807198567165	7
67.455110359709778	7
67.482157537282589	7
67.509213598622878	7
67.536278612811969	7
67.563352638005782	7
67.590435739117183	7
67.61752798295592	7
67.644629443326167	7
67.671740206864513	7
67.698860371552641	7
67.72599004608945	7
67.753129344726503	7
67.780278378482421	7
67.807437266492599	7
67.834606117332555	7
67.861785026563155	7
67.888974067005321	7
67.91617327657471	7
67.943382667048098	7
67.970602208757427	7
67.997831833098388	7
68.025071445092195	7
68.052320910385944	7
68.079580061778657	7
68.10684871354141	7
68.134126656192024	7
68.161413671421613	7
68.188709540260945	7
68.216014043314033	7
68.243326967775758	7
68.270648133715909	7
68.297977354093874	7
68.325314443326675	7
68.352659210264392	7
68.380011460769111	7
68.407370999466082	7
68.434737638195514	7
68.462111168362526	7
68.489491362039544	7
68.51687796988773	7
68.544270716595861	7
68.571669309307183	7
68.59907342141986	7
68.626482696606033	7
68.653896764290934	7
68.681315224419009	7
68.708737669277838	7
68.736163685787744	7
68.76359285303225	7
68.791024746406393	7
68.818458959509584	7
68.845895083026107	7
68.873332709521307	7
68.900771454295821	7
68.928210980655024	7
68.955650956019255	7
68.983091048113153	7
69.010530947909785	7
69.037970352538068	7
69.065408939283259	7
69.092846378834139	7
69.120282335561058	7
69.147716464274779	7
69.175148405684681	7
69.202577777013232	7
69.230004181081839	7
69.257427215327169	7
69.284846475493737	7
69.31226155378242	7
69.33967204230332	7
69.367077543563596	7
69.394477676542039	7
69.421872100025723	7
69.449260491528833	7
69.476642523110556	7
69.504017913734231	7
69.531386384729501	7
69.558747674912709	7
69.586101554788527	7
69.613447801668968	7
69.64078620786087	7
69.668116577042468	7
69.69543872475478	7
69.722752468935482	7
69.75005762847502	7
69.777354044200777	7
69.804641567026508	7
69.831920018229738	7
69.859189222590956	7
69.886449010754859	7
69.913699218493008	7
69.940939694330353	7
69.968170321877423	7
69.995390989538166	7
70.022601602714431	7
70.049802103882925	7
70.076992457471391	7
70.104172635553439	7
70.131342643009987	7
70.158502525082795	7
70.185652335391168	7
70.212792158811936	7
70.239922083817405	7
70.267042209551562	7
70.294152654189261	7
70.321253528490331	7
70.348344964619741	7
70.375427086822469	7
70.402500022139407	7
70.429563904288102	7
70.456618868044075	7
70.483665046457048	7
70.510702560057453	7
70.537731540658783	7
70.564752134083236	7
70.591764503883255	7
70.618768819354912	7
70.645765280913466	7
70.672754104405541	7
70.699735534171865	7
70.726709830183225	7
70.753677259101863	7
70.780638109673305	7
70.807592677614906	7
70.834541279186368	7
70.861484240645723	7
70.888421883543757	7
70.915354525295299	7
70.942282510979197	7
70.969206165269767	7
70.996125805577492	7
71.023041727326856	7
71.049954227523344	7
71.076863609044267	7
71.103770162827118	7
71.130674176590148	7
71.157575945214717	7
71.184475771982491	7
71.211373966423253	7
71.238270823355066	7
71.265166676641954	7
71.292061852531717	7
71.318956697888723	7
71.345851563895806	7
71.372746815325925	7
71.39964280804061	7
71.42653992569474	7
71.453438541792607	7
71.480339032314632	7
71.507241750429444	7
71.53414705357352	7
71.561055295439289	7
71.587966808070334	7
71.614881909537672	7
71.641800909451263	7
71.668724095648173	7
71.6956517455246	7
71.722584128017985	7
71.749521504552533	7
71.776464133254507	7
71.803412266466793	7
71.830366140456803	7
71.857326000411945	7
71.88429210457123	7
71.911264719030015	7
71.93824411076028	7
71.965230545056826	7
71.992224286813482	7
72.019225603657887	7
72.046234748807919	7
72.07325196971513	7
72.100277497170339	7
72.127311547389354	7
72.154354322619398	7
72.181405997569286	7
72.208466729098944	7
72.235536651127674	7
72.262615879622871	7
72.289704521969313	7
72.316802661592192	7
72.343910369529496	7
72.371027707848114	7
72.398154724439649	7
72.425291459603784	7
72.452437947825572	7
72.479594214802034	7
72.506760295124607	7
72.533936218158203	7
72.561122006029933	7
72.588317673282504	7
72.615523227173995	7
72.642738659991949	7
72.669963950946013	7
72.697199064929436	7
72.724443956237494	7
72.751698548650666	7
72.778962747226046	7
72.806236432252632	7
72.833519460126396	7
72.860811668557204	7
72.888112875506593	7
72.915422875766339	7
72.942741470892756	7
72.970068455135376	7
72.997403575498467	7
73.02474658455894	7
73.052097201340899	7
73.079455151230746	7
73.106820162420775	7
73.134191963815454	7
73.161570276716162	7
73.188954825270088	7
73.216345330009375	7
73.243741507862808	7
73.271143080694713	7
73.298549753824531	7
73.325961231708959	7
73.353377192709303	7
73.380797323558127	7
73.408221288081492	7
73.435648729407532	7
73.463079296015479	7
73.490512606436212	7
73.517948261132432	7
73.545385840412976	7
73.57282492829755	7
73.600265113796056	7
73.62770600222504	7
73.655147180798636	7
73.682588246107201	7
73.710028816287249	7
73.737468512754631	7
73.764906948861068	7
73.792343753562932	7
73.819778572254094	7
73.847211065334932	7
73.874640887356918	7
73.902067697192209	7
73.929491155642054	7
73.956910939047418	7
73.984326721196155	7
74.01173816542638	7
74.039144943263523	7
74.066546714756285	7
74.093943160836986	7
74.121333966619275	7
74.148718794046474	7
74.176097314252118	7
74.203469200778471	7
74.230834118884616	7
74.258191753360634	7
74.285541797986241	7
74.312883969569967	7
74.340217999739153	7
74.367543647710804	7
74.394860698676894	7
74.422168955951705	7
74.449468261335625	7
74.476758501868105	7
74.504039549112321	7
74.531311291647256	7
74.558573626099147	7
74.585826465525514	7
74.613069718578359	7
74.640303322499491	7
74.667527225011312	7
74.694741351328375	7
74.72194563902174	7
74.749140044245706	7
74.776324505914587	7
74.803498968817649	7
74.830663408351612	7
74.857817802543394	7
74.884962151164913	7
74.912096468582988	7
74.939220787831459	7
74.966335170338027	7
74.9934396984263	7
75.020534482033426	7
75.047619655142498	7
75.074695369351261	7
75.10176179857028	7
75.128819134770509	7
75.155867581078212	7
75.182907334639751	7
75.209938583271821	7
75.236961528036787	7
75.263976384654825	7
75.29098335285498	7
75.317982634778247	7
75.344974435019296	7
75.371958969108505	7
75.398936449738613	7
75.425907089779486	7
75.452871100203097	7
75.479828712236269	7
75.50678016668158	7
75.533725729487585	7
75.560665671127595	7
75.587600272618204	7
75.614529855764459	7
75.641454752880634	7
75.668375306396754	7
75.695291853676721	7
75.722204739774682	7
75.749114325394117	7
75.776020970685721	7
75.802925031396157	7
75.82982685408993	7
75.85672679719049	7
75.883625209052482	7
75.910522404610873	7
75.937418700727136	7
75.964314414659853	7
75.991209845277339	7
76.018105305711742	7
76.045001088679967	7
76.071897492434445	7
76.098794827306165	7
76.125693419866394	7
76.152593589831483	7
76.179495660892073	7
76.206399968961364	7
76.233306864105501	7
76.260216705317632	7
76.287129843207424	7
76.314046635554206	7
76.340967428854853	7
76.367892565099609	7
76.394822380873165	7
76.421757195512484	7
76.448697317137771	7
76.475643040648905	7
76.502594632170656	7
76.529552338553657	7
76.556516398445154	7
76.583487054827231	7
76.610464529109009	7
76.63744903696174	7
76.664440785241254	7
76.691439979853044	7
76.718446821427847	7
76.745461509788626	7
76.772484246282062	7
76.799515226999887	7
76.82655465050351	7
76.85360271143044	7
76.880659595472181	7
76.907725486766452	7
76.934800557853663	7
76.961884977617601	7
76.988978895269184	7
77.016082443317174	7
77.043195737373168	7
77.07031886818919	7
77.097451904675609	7
77.124594895487732	7
77.151747855178286	7
77.178910797973302	7
77.206083712976096	7
77.233266575769193	7
77.260459349805402	7
77.287661985203741	7
77.314874425975219	7
77.34209660698771	7
77.36932845784122	7
77.396569913107655	7
77.42382089690669	7
77.451081328981076	7
77.478351120913217	7
77.505630174947157	7
77.532918383465855	7
77.560215626839451	7
77.587521766483675	7
77.614836654977935	7
77.642160143868793	7
77.669492028601198	7
77.696832090462991	7
77.724180064467063	7
77.751535668626374	7
77.77889860413184	7
77.806268568192252	7
77.83364523671932	7
77.861028276582971	7
77.888417353076264	7
77.915812127174021	7
77.943212277126179	7
77.970617471652176	7
77.998027386742223	7
78.025441709074755	7
78.052860128772394	7
78.080282335013919	7
78.107708017866287	7
78.135136877630373	7
78.162568585406973	7
78.190002804248607	7
78.217439184304467	7
78.244877353705547	7
78.27231692811624	7
78.299757538117518	7
78.327198779082551	7
78.354640237363711	7
78.382081506205481	7
78.409522172427216	7
78.436961805063333	7
78.464399966183976	7
78.491836249994449	7
78.519270255831756	7
78.546701593252507	7
78.574129884120836	7
78.601554762709029	7
78.62897589142041	7
78.656392953276438	7
78.683805638337745	7
78.711213647789151	7
78.738616687493945	7
78.766014484636813	7
78.793406774776599	7
78.820793287351009	7
78.848173729403527	7
78.875547817240047	7
78.902915236886756	7
78.930275671588134	7
78.957628811798614	7
78.98497433841257	7
79.012311943862557	7
79.039641330812373	7
79.066962225385126	7
79.094274369766154	7
79.121577539683273	7
79.148871563692012	7
79.176156284088549	7
79.203431563882205	7
79.230697283124869	7
79.257953360651968	7
79.28519972628547	7
79.312436338096404	7
79.339663187237463	7
79.366880252894319	7
79.394087517801893	7
79.421284986528178	7
79.448472647138516	7
79.475650471861201	7
79.502818444791146	7
79.529976559677735	7
79.557124796838465	7
79.584263149610749	7
79.611391611850323	7
79.638510189350001	7
79.665618915619916	7
79.692717833116362	7
79.719807024738586	7
79.74688659009125	7
79.773956663265324	7
79.801017408169912	7
79.828069014270426	7
79.855111686826405	7
79.88214563038737	7
79.909171074549249	7
79.936188267836641	7
79.96319745949323	7
79.990198897713796	7
80.017192837426578	7
80.044179528376574	7
80.071159220290824	7
80.098132150622959	7
80.125098537121943	7
80.152058608113592	7
80.179012574397987	7
80.20596066677976	7
80.232903119575923	7
80.259840172789268	7
80.286772079713714	7
80.313699128677456	7
80.340621617223107	7
80.367539855402029	7
80.394454159758027	7
80.421364871417254	7
80.448272355592394	7
80.475176979285848	7
80.50207911808225	7
80.528979156895673	7
80.555877487844654	7
80.582774485740615	7
80.609670506297292	7
80.636565916468996	7
80.663461049095318	7
80.690356240434255	7
80.717251795515224	7
80.744148016988902	7
80.771045195839875	7
80.79794363858521	7
80.824843628354941	7
80.85174545258937	7
80.878649399978244	7
80.905555773435765	7
80.93246488897212	7
80.959377064195934	7
80.98629263079728	7
81.013211929348103	7
81.040135297260775	7
81.067063082235947	7
81.093995633461446	7
81.120933288943945	7
81.147876386081037	7
81.174825243945577	7
81.201780154164055	7
81.228741399887014	7
81.255709256464087	7
81.28268397788122	7
81.309665797395866	7
81.336654929528223	7
81.363651571649967	7
81.390655909929464	7
81.417668115315294	7
81.444688353928001	7
81.471716785568589	7
81.498753563586448	7
81.525798848139971	7
81.552852796363396	7
81.579915566603034	7
81.606987318123728	7
81.634068216657937	7
81.661158426651184	7
81.688258102740221	7
81.715367392574962	7
81.742486431721773	7
81.769615335802143	7
81.796754198958411	7
81.823903086800513	7
81.85106204675337	7
81.878231101588227	7
81.905410251538001	7
81.932599471123041	7
81.959798706848318	7
81.987007890082225	7
82.014226930420591	7
82.041455726328394	7
82.068694173199816	7
82.095942161212704	7
82.123199569115712	7
82.15046628303574	7
82.1777421820576	7
82.205027144104434	7
82.232321050599325	7
82.259623776968084	7
82.286935189009839	7
82.314255167094927	7
82.34158356273997	7
82.368920197890134	7
82.396264865277217	7
82.42361732450162	7
82.450977313384826	7
82.478344559122306	7
82.505718758753588	7
82.533099587613791	7
82.560486706162663	7
82.587879761239478	7
82.615278400045312	7
82.642682263192043	7
82.670090985799945	7
82.697504217144285	7
82.724921600171669	7
82.752342798173416	7
82.779767481557059	7
82.807195318003693	7
82.834625985821631	7
82.862059169331076	7
82.889494535429762	7
82.916931732986669	7
82.944370413950054	7
82.971810243662858	7
82.99925087506972	7
83.0266919307508	7
83.054133032090405	7
83.08157379215541	7
83.109013800427874	7
83.136452631708877	7
83.163889860857367	7
83.191325064599951	7
83.218757830094276	7
83.246187740342961	7
83.273614388116101	7
83.301037388353421	7
83.328456381027493	7
83.355871023348996	7
83.383280987571737	7
83.410685964967783	7
83.438085662216039	7
83.465479823510435	7
83.492868204369856	7
83.520250531757029	7
83.54762655815486	7
83.574996012389221	7
83.60235861371639	7
83.629714089326484	7
83.657062149313006	7
83.684402506518637	7
83.711734873856784	7
83.739058973904136	7
83.766374538266362	7
83.793681310344112	7
83.820979071647855	7
83.848267641329613	7
83.875546831175299	7
83.902816484828861	7
83.930076470384861	7
83.957326685837089	7
83.98456705314814	7
84.011797540725681	7
84.039018127752357	7
84.066228800243493	7
84.093429567185993	7
84.120620451420436	7
84.147801456959613	7
84.174972594202288	7
84.202133891248607	7
84.22928535892008	7
84.256427024261697	7
84.283558900540783	7
84.310681001801498	7
84.337793358204138	7
84.364896000751415	7
84.391988987670771	7
84.419072389945441	7
84.446146298763367	7
84.473210836318273	7
84.500266150438804	7
84.527312410430127	7
84.554349793089315	7
84.58137849741837	7
84.608398747178597	7
84.635410789653179	7
84.662414873524014	7
84.689411265112867	7
84.716400234099609	7
84.743382056401018	7
84.770357004536748	7
84.79732533667331	7
84.824287305322954	7
84.851243158289066	7
84.878193143903985	7
84.905137513632098	7
84.932076508251313	7
84.959010367950015	7
84.985939366787974	7
85.012863775219898	7
85.03978387575647	7
85.066699947571621	7
85.093612294864883	7
85.120521247048544	7
85.147427142063435	7
85.174330330398334	7
85.201231179847312	7
85.228130069360489	7
85.255027386441824	7
85.281923492843958	7
85.308818773182367	7
85.335713597036047	7
85.362608324535771	7
85.389503308635895	7
85.416398883757267	7
85.443295367031709	7
85.470193080009238	7
85.497092331736567	7
85.523993423404477	7
85.550896636057146	7
85.577802256930809	7
85.604710588245908	7
85.631621923097555	7
85.658536558694792	7
85.685454803552759	7
85.712376970532446	7
85.739303375342587	7
85.766234343495199	7
85.793170201895308	7
85.820111282600934	7
85.847057911347036	7
85.874010391702782	7
85.900969023200901	7
85.927934104138387	7
85.954905926689733	7
85.981884758067423	7
86.008870847867115	7
86.035864425152823	7
86.062865704916447	7
86.089874877967404	7
86.116892123405265	7
86.14391760330588	7
86.170951466492269	7
86.197993860924285	7
86.225044922833064	7
86.252104785573309	7
86.27917358170113	7
86.306251444103424	7
86.333338515759223	7
86.360434930832781	7
86.387540823123871	7
86.414656324643801	7
86.441781553684478	7
86.468916616816799	7
86.49606160728915	7
86.523216591232526	7
86.550381629391865	7
86.577556757668148	7
86.604741983611959	7
86.631937291592735	7
86.659142639727463	7
86.686357961503589	7
86.713583171004672	7
86.740818164070902	7
86.768062831568798	7
86.795317045156125	7
86.822580668070032	7
86.849853558534164	7
86.877135568479034	7
86.904426550364121	7
86.931726356456366	7
86.959034829975323	7
86.98635183400161	7
87.013677230348733	7
87.041010835611985	7
87.068352468358171	7
87.095701902774437	7
87.123058905330694	7
87.150423227678274	7
87.17779460660509	7
87.205172749662452	7
87.232557351425626	7
87.25994808533504	7
87.287344608277976	7
87.314746579022625	7
87.342153635181361	7
87.369565416581835	7
87.396981552036621	7
87.424401686552628	7
87.451825461189983	7
87.479252513217943	7
87.506682507883212	7
87.53411509303443	7
87.561549916187801	7
87.588986618294385	7
87.616424848723824	7
87.643864259490314	7
87.671304519819074	7
87.698745269927144	7
87.726186143522511	7
87.753626782367306	7
87.781066813784705	7
87.80850583789136	7
87.835943449197671	7
87.86337925017223	7
87.89081284061308	7
87.918243812652648	7
87.945671759866812	7
87.973096279077637	7
88.000516995314825	7
88.027933542577017	7
88.055345561612711	7
88.082752719173826	7
88.110154687705673	7
88.137551174785088	7
88.164941908666904	7
88.192326611978672	7
88.219705016380217	7
88.247076861635975	7
88.274441871135494	7
88.301799778985469	7
88.329150316707242	7
88.356493222139932	7
88.383828229072336	7
88.41115508286876	7
88.438473534802853	7
88.465783341721462	7
88.4930842880527	7
88.520376196813316	7
88.547658878139373	7
88.57493216290051	7
88.602195894016788	7
88.629449946994882	7
88.656694207353951	7
88.683928604660323	7
88.711153099681297	7
88.738367645886015	7
88.765572222121946	7
88.792766836214938	7
88.81995148705083	7
88.847126178476913	7
88.874290939618305	7
88.901445798948146	7
88.928590788743961	7
88.955725946364623	7
88.982851307943449	7
89.009966920527461	7
89.037072841194856	7
89.064169135261963	7
89.091255885666669	7
89.118333186528034	7
89.14540115076781	7
89.172459913752562	7
89.199509628695594	7
89.226550459159043	7
89.253582569186108	7
89.280606151426298	7
89.30762142949564	7
89.334628627010318	7
89.361627982466288	7
89.388619749488697	7
89.415604195627537	7
89.442581590696378	7
89.469552202435565	7
89.496516286163043	7
89.523474111685886	7
89.550425939691834	7
89.577372043800239	7
89.604312686034703	7
89.631248127856054	7
89.658178651840188	7
89.685104546293303	7
89.712026101774839	7
89.738943603960152	7
89.765857343649145	7
89.79276763378563	7
89.819674797713546	7
89.846579165407888	7
89.873481072441336	7
89.9003808828855	7
89.927278962520703	7
89.954175662014904	7
89.981071337162206	7
90.007966358335466	7
90.034861075452184	7
90.061755853041376	7
90.088651027595958	7
90.115546936210734	7
90.142443912870803	7
90.169342301406616	7
90.196242416194153	7
90.22314456735532	7
90.250049062044184	7
90.2769562053914	7
90.30386630956545	7
90.330779677958617	7
90.357696618895716	7
90.384617434407616	7
90.411542427436004	7
90.438471908717943	7
90.465406185483786	7
90.492345565594007	7
90.519290360313974	7
90.54624086626103	7
90.573197364431152	7
90.600160141128541	7
90.627129487309645	7
90.654105674612225	7
90.681088965264749	7
90.708079606147152	7
90.73507783036635	7
90.762083855202732	7
90.789097881874824	7
90.816120100914617	7
90.843150684526861	7
90.8701897938125	7
90.897237582750435	7
90.924294189145897	7
90.951359750356843	7
90.97843439361155	7
91.005518251226675	7
91.032611445500265	7
91.059714093101618	7
91.086826310441353	7
91.113948200946638	7
91.14107985990438	7
91.168221370753216	7
91.195372792096535	7
91.222534185903697	7
91.249705589801465	7
91.276887026190877	7
91.304078498403157	7
91.331279984785112	7
91.358491447296004	7
91.385712825945902	7
91.412944039419585	7
91.440185000415383	7
91.467435600029717	7
91.494695717189458	7
91.521965218725029	7
91.549243960538661	7
91.576531791408485	7
91.603828555759648	7
91.631134088719733	7
91.658448225379161	7
91.685770814736259	7
91.713101667187502	7
91.740440588829273	7
91.767787351029185	7
91.7951417151274	7
91.822503425659036	7
91.849872228452483	7
91.877247844234276	7
91.904629977842603	7
91.932018322569263	7
91.959412556470951	7
91.986812359934859	7
92.014217391751671	7
92.041627305685722	7
92.06904175700717	7
92.096460393182852	7
92.123882858942764	7
92.151308802369357	7
92.178737876270077	7
92.20616971567128	7
92.233603961357588	7
92.261040247673108	7
92.288478199653525	7
92.315917439759261	7
92.343357623224762	7
92.370798380786155	7
92.398239338825746	7
92.425680133048417	7
92.45312039536276	7
92.480559738072273	7
92.507997762620036	7
92.535434085673543	7
92.562868320505842	7
92.590300080803459	7
92.617728974870488	7
92.645154615585909	7
92.672576630899428	7
92.699994662448162	7
92.727408357085807	7
92.754817369201689	7
92.782221364617399	7
92.809620032002741	7
92.837013082540395	7
92.864400232710253	7
92.891781184907643	7
92.919155665249477	7
92.946523382410902	7
92.973884051818459	7
93.001237400037169	7
93.02858315213328	7
93.05592104120619	7
93.083250809710592	7
93.110572215873276	7
93.137885026779173	7
93.16518902696744	7
93.192484040231506	7
93.219769904537955	7
93.247046459393459	7
93.274313553544943	7
93.301571065164495	7
93.328818882358703	7
93.356056917845919	7
93.38328512070197	7
93.410503437461941	7
93.43771182469952	7
93.464910271500884	7
93.492098764298646	7
93.519277283060106	7
93.546445829473811	7
93.573604427255319	7
93.600753091888123	7
93.627891857914051	7
93.65502075780779	7
93.682139835291622	7
93.709249155149976	7
93.736348780741125	7
93.763438808996995	7
93.79051933992082	7
93.817590497340518	7
93.84465242570721	7
93.871705286000093	7
93.898749246830235	7
93.92578447432507	7
93.952811159757957	7
93.979829510062984	7
94.006839742975288	7
94.03384208098413	7
94.060836764930059	7
94.087824037752057	7
94.114804156563267	7
94.141777375062304	7
94.168743938995988	7
94.195704106339022	7
94.222658126577372	7
94.2496062656368	7
94.276548794877215	7
94.303485984841316	7
94.33041811007503	7
94.357345476111846	7
94.384268384507692	7
94.411187139802621	7
94.438102042043568	7
94.465013409037766	7
94.491921575587114	7
94.518826874842347	7
94.545729644457438	7
94.572630231847043	7
94.599528996315527	7
94.626426290664554	7
94.653322452665321	7
94.680217842254137	7
94.707112796632899	7
94.734007666367006	7
94.760902779781773	7
94.787798471603452	7
94.814695063901624	7
94.841592896542465	7
94.868492288256547	7
94.895393560262619	7
94.922297022849406	7
94.949202994162349	7
94.976111802701269	7
95.003023763450898	7
95.02993919645418	7
95.056858421087043	7
95.083781750289631	7
95.110709497487576	7
95.137641978378497	7
95.164579497265521	7
95.191522362082139	7
95.21847086944679	7
95.245425292748735	7
95.272385908486584	7
95.299352991944147	7
95.326326807346575	7
95.353307608850301	7
95.380295636689226	7
95.407291121204224	7
95.434294283733493	7
95.461305329193209	7
95.488324453306646	7
95.515351842658774	7
95.542387669988443	7
95.569432106054677	7
95.596485307856582	7
95.623547426781101	7
95.650618605154307	7
95.677698981310911	7
95.704788693814749	7
95.731887864703864	7
95.758996610147321	7
95.786115036295286	7
95.813243236038062	7
95.840381285790173	7
95.867529243743149	7
95.894687157755342	7
95.921855060156886	7
95.949032969923834	7
95.976220886062976	7
96.003418786623314	7
96.030626636175128	7
96.057844377582612	7
96.085071939939454	7
96.112309243942931	7
96.13955620149089	7
96.166812702854514	7
96.194078634566125	7
96.221353869672399	7
96.24863826954234	7
96.275931692897743	7
96.303233988262335	7
96.330544989119971	7
96.357864543096483	7
96.385192479638562	7
96.412528593010521	7
96.439872664812114	7
96.467224443162948	7
96.494583667522988	7
96.521950072067867	7
96.549323372183693	7
96.576703268043673	7
96.604089448981597	7
96.631481593440654	7
96.658879377739353	7
96.68628247342275	7
96.713690540352019	7
96.741103247190139	7
96.768520244999166	7
96.795941200161735	7
96.823365772599388	7
96.85079361421441	7
96.8782243857151	7
96.905657742178221	7
96.933093319169643	7
96.960530736924824	7
96.987969619737612	7
97.015409606190161	7
97.042850333249746	7
97.070291415896278	7
97.097732472951179	7
97.12517312427785	7
97.152612979015544	7
97.180051629781431	7
97.207488681667485	7
97.234923738756507	7
97.262356420441023	7
97.289786337988318	7
97.317213105119677	7
97.344636352372035	7
97.37205573055364	7
97.399470895416115	7
97.426881508884023	7
97.454287248625036	7
97.481687798191359	7
97.509082872560256	7
97.536472197456163	7
97.563855469891735	7
97.591232412785189	7
97.618602733936555	7
97.645966135564848	7
97.673322333374458	7
97.700671036391299	7
97.728011964818677	7
97.755344846006267	7
97.782669422976568	7
97.809985452593736	7
97.837292706231906	7
97.864590989345118	7
97.891880148300373	7
97.919160015798127	7
97.946430450472249	7
97.97369132756441	7
98.000942545846257	7
98.028184015619416	7
98.055415687344876	7
98.082637521869174	7
98.109849476630075	7
98.137051528845447	7
98.164243675950402	7
98.191425895965907	7
98.218598174713406	7
98.245760524137012	7
98.272912945463872	7
98.300055461066478	7
98.327188091355552	7
98.354310863301677	7
98.381423825550584	7
98.408527033643324	7
98.435620569650141	7
98.462704530205087	7
98.489779030939246	7
98.516844213045459	7
98.543900239721225	7
98.570947289366941	7
98.597985540173227	7
98.625015182254486	7
98.652036426302928	7
98.679049501130194	7
98.706054631295601	7
98.733052055277312	7
98.760042015071832	7
98.787024762769363	7
98.814000548318248	7
98.840969615316297	7
98.86793220419878	7
98.894888560913685	7
98.921838937348042	7
98.948783596898537	7
98.975722797338648	7
99.002656798248154	7
99.029585897397908	7
99.056510391127276	7
99.083430585895869	7
99.110346781824418	7
99.1372592976536	7
99.164168469803485	7
99.19107464036091	7
99.217978157971658	7
99.24487937880555	7
99.271778666462851	7
99.298676390014251	7
99.325572889027342	7
99.352468516697769	7
99.379363624765716	7
99.406258549774947	7
99.433153631357001	7
99.460049189952585	7
99.486945539646882	7
99.513843004754548	7
99.540741905371419	7
99.567642554340054	7
99.594545253937696	7
99.621450311032177	7
99.648358053887591	7
99.675268800568404	7
99.702182868337147	7
99.729100582676821	7
99.756022266721345	7
99.782948241934562	7
99.80987883533902	7
99.836814364543272	7
99.86375514763877	7
99.890701494646208	7
99.917653688520645	7
99.944612007040206	7
99.971576723603121	7
99.998548112016223	7
