/*--------------------------------*- C++ -*----------------------------------*\
| =========                 |                                                 |
| \\      /  F ield         | OpenFOAM: The Open Source CFD Toolbox           |
|  \\    /   O peration     | Version:  2312                                  |
|   \\  /    A nd           | Website:  www.openfoam.com                      |
|    \\/     M anipulation  |                                                 |
\*---------------------------------------------------------------------------*/
FoamFile
{
    version     2.0;
    format      ascii;
    arch        "LSB;label=32;scalar=64";
    class       volScalarField;
    location    "300";
    object      omega;
}
// * * * * * * * * * * * * * * * * * * * * * * * * * * * * * * * * * * * * * //

dimensions      [0 0 -1 0 0 0 0];

internalField   nonuniform List<scalar> 
10720
(
36.5747
51.0766
61.3398
65.4577
63.3815
59.9537
57.262
55.4328
55.1702
56.3896
58.816
62.1834
66.1984
70.637
76.9333
89.3849
116.012
178.06
324.233
445.731
468.095
434.206
394.866
366.294
355.676
340.795
183.116
241.712
601.951
710.639
735.317
854.45
889.568
783.746
665.583
515.605
325.724
157.62
79.2012
23.2658
12.3618
9.29024
47.8687
15.7093
19.7153
24.5547
28.4443
31.2287
33.5826
36.3678
39.6349
43.0689
46.9968
55.1107
73.817
119.619
232.231
318.307
348.373
349.752
343.818
342.874
358.435
390.267
439.902
504.533
572.347
627.11
657.705
656.015
624.243
572.056
510.456
449.661
394.146
348.188
317.257
287.26
19.4529
22.1321
18.013
14.2436
10.6957
7.97762
6.21347
5.04292
4.26734
3.72808
3.32749
3.02358
2.77664
2.56685
2.39718
2.27135
2.21457
2.05482
2.94977
10.6313
28.4273
47.5439
66.2187
89.0881
120.957
169.036
201.99
380.211
369.257
161.803
124.76
181.377
187.36
188.182
226.63
222.869
165.405
89.2956
63.6195
7.6627
1.18905
0.980586
7.61532
3.93731
3.28152
3.17403
3.06039
2.98271
2.92877
2.85235
2.7443
2.59468
2.40294
2.14264
1.78353
1.26202
0.609762
0.00558066
67.7856
69.724
1.1334
5.32455
304.728
238.702
216.132
174.949
157.28
159.974
143.6
147.966
149.405
148.083
142.696
135.275
125.794
114.613
101.789
112.564
3.74887
4.10032
4.01758
3.95485
3.92292
3.91799
3.94512
3.9917
4.05071
4.11742
4.18931
4.26314
4.33638
4.40712
4.47887
4.55536
4.63388
4.70783
4.93965
4.51757
1.26541
10.1293
13.5069
18.4527
26.825
31.5223
93.0967
242.73
357.221
324.379
206.945
150
201.84
267.718
294.571
261.362
176.873
98.9473
37.4338
4.48043
3.51804
3.80778
4.27698
4.21274
4.1175
4.05459
4.03143
4.05426
4.11127
4.19047
4.28104
4.37722
4.47487
4.57485
4.67966
4.79121
4.91187
5.04544
5.19567
5.36494
5.55629
5.77463
6.03461
5.53618
5.39757
5.68459
6.47353
7.29953
7.26789
7.39594
9.23719
10.7445
11.8577
12.4327
12.1904
10.3175
3.6226
12.2252
4.06313
4.05678
4.02915
4.02584
4.01219
4.00364
4.00014
3.99808
4.00046
4.00915
4.02497
4.04788
4.07755
4.11424
4.15911
4.21369
4.27802
4.34993
4.43284
4.54199
4.31419
3.05454
0.226326
0.651444
0.0918083
2.32723e+06
5.15261e+07
3.34031e+07
1.31915e+07
3.51895e+06
319340
6009
136.615
119.158
132.79
116.2
87.435
66.5187
22.1935
4.19181
3.88065
3.87981
3.88735
3.886
3.90028
3.91243
3.92786
3.94638
3.96862
3.99584
4.02898
4.06903
4.11674
4.17205
4.23551
4.30802
4.39083
4.48584
4.59311
4.6926
4.7861
4.87928
4.97711
5.08601
5.21028
5.33959
5.4754
5.61794
5.75327
5.85434
5.94166
6.03175
6.11905
6.20703
6.25952
5.89441
4.30015
1.04376
3.86472
3.86639
3.87698
3.89098
3.90158
3.92353
3.94514
3.96839
3.99485
4.02417
4.05642
4.09211
4.13181
4.17645
4.22755
4.28722
4.35575
4.43244
4.51869
4.61746
4.73146
4.76298
4.45803
3.27037
0.461565
1.13751e+06
4.78639e+11
2.06332e+11
7.41879e+10
2.13788e+10
4.78081e+09
4.71568e+08
17858.1
1.06042e+07
50.7122
49.2599
60.6149
55.4142
23.6597
3.9011
3.90951
3.94108
3.90695
3.91139
3.92753
3.95072
3.97981
4.01266
4.04882
4.08893
4.13335
4.18239
4.23669
4.29673
4.36356
4.4383
4.5225
4.61749
4.70325
4.77531
4.83884
4.89729
4.95079
4.99996
5.05067
5.09576
5.12735
5.13943
5.14138
5.13181
5.10616
5.0642
4.99764
4.91661
4.80947
4.65497
4.46595
0.315751
3.82962
3.83777
3.87051
3.896
3.92363
3.9462
3.96487
3.98459
4.00687
4.03245
4.06191
4.09592
4.13514
4.18038
4.23276
4.29389
4.36401
4.44256
4.5319
4.63577
4.75649
4.8921
4.99515
4.94857
4.33075
1.07798e+06
2.17148e+11
2.1102e+11
1.25119e+11
5.18666e+10
1.67381e+10
4.16154e+09
8.38022e+08
2.17882e+08
9.04942e+07
1.13923e+07
721450
211098
30402.4
3.83527
3.92663
3.89875
3.90825
3.92483
3.94125
3.96057
3.98563
4.01656
4.05267
4.09367
4.13915
4.18893
4.24352
4.30347
4.36997
4.44435
4.52813
4.61741
4.68906
4.74846
4.80029
4.84769
4.89102
4.93594
4.98222
5.01727
5.0417
5.05025
5.03447
5.00125
4.95551
4.90546
4.84938
4.79913
4.75424
4.74785
4.87109
2.87761
3.81176
3.83619
3.86851
3.89241
3.91239
3.92411
3.93677
3.95242
3.97214
3.99695
4.02707
4.0625
4.10334
4.1503
4.20453
4.26749
4.33961
4.42075
4.51379
4.62424
4.7519
4.88303
4.99715
5.09794
5.10948
717730
9.58668e+10
1.57925e+11
1.37537e+11
7.81379e+10
3.32796e+10
1.18443e+10
4.22373e+09
1.67184e+09
1.04378e+09
3.3405e+08
7.10631e+07
2.97706e+07
6.08664e+06
3.87875
3.91196
3.8756
3.89876
3.90791
3.91703
3.93227
3.95587
3.98634
4.02193
4.06189
4.10568
4.15335
4.20578
4.26381
4.32882
4.40215
4.48512
4.55987
4.61955
4.66858
4.71107
4.7498
4.78794
4.83068
4.87172
4.89851
4.91541
4.91756
4.89975
4.86359
4.80987
4.74433
4.66418
4.58062
4.49221
4.43127
4.47272
3.91363
3.79945
3.82893
3.84234
3.85992
3.86721
3.8724
3.88212
3.89639
3.91625
3.94185
3.97244
4.00758
4.04736
4.09302
4.1461
4.20801
4.27947
4.361
4.45566
4.5693
4.70026
4.81531
4.92526
5.0336
5.12328
343453
4.12494e+10
1.02345e+11
1.23265e+11
9.26321e+10
5.01144e+10
2.26732e+10
1.04497e+10
5.72468e+09
3.68283e+09
1.77522e+09
6.56313e+08
2.88729e+08
7.53811e+07
3.8695
3.84289
3.85145
3.85885
3.85571
3.85922
3.87246
3.89467
3.92261
3.95467
3.99083
4.03091
4.07518
4.12458
4.17994
4.24251
4.31347
4.39201
4.4529
4.50112
4.54055
4.57466
4.6065
4.64368
4.6838
4.71621
4.73743
4.7489
4.7457
4.72674
4.69274
4.6433
4.582
4.5047
4.4198
4.32353
4.23819
4.17563
4.06918
3.79794
3.80002
3.80598
3.81247
3.81127
3.81415
3.82286
3.837
3.85666
3.88096
3.90896
3.94055
3.97635
4.01829
4.06827
4.12732
4.19627
4.2762
4.37045
4.48317
4.58923
4.6933
4.80137
4.90775
5.00096
153727
1.73384e+10
6.02495e+10
9.66208e+10
9.35005e+10
6.29451e+10
3.46419e+10
1.89019e+10
1.16196e+10
8.05228e+09
4.74136e+09
2.19759e+09
1.09406e+09
3.91263e+08
3.80773
3.7869
3.80891
3.79555
3.78742
3.78992
3.8019
3.82121
3.84513
3.87313
3.90586
3.94318
3.98517
4.0325
4.08577
4.14601
4.21352
4.27627
4.32501
4.36367
4.39531
4.42302
4.45258
4.4879
4.52225
4.54872
4.56529
4.57217
4.56572
4.54617
4.5136
4.46815
4.41237
4.342
4.26366
4.17328
4.08735
3.98212
3.99487
3.75298
3.74538
3.75005
3.74601
3.74215
3.74344
3.75033
3.7621
3.7779
3.7971
3.81961
3.84598
3.87723
3.91555
3.96276
4.01924
4.08565
4.16354
4.25577
4.34823
4.4352
4.52874
4.62829
4.73108
4.8268
66287.6
7.12252e+09
3.307e+10
6.85002e+10
8.34274e+10
6.88495e+10
4.51542e+10
2.82263e+10
1.88903e+10
1.37501e+10
9.11986e+09
4.86121e+09
2.68067e+09
1.33386e+09
3.73175
3.74311
3.73832
3.71843
3.71128
3.71217
3.71994
3.73404
3.75337
3.7781
3.80868
3.84454
3.88531
3.93137
3.98305
4.04067
4.09926
4.14495
4.1811
4.21052
4.23536
4.25864
4.28746
4.31978
4.34664
4.36705
4.37831
4.38093
4.37209
4.35283
4.32224
4.2813
4.23174
4.16937
4.09943
4.01839
3.93966
3.82603
3.86935
3.67173
3.67105
3.66746
3.65797
3.65233
3.65068
3.65409
3.66116
3.67132
3.68519
3.7035
3.7269
3.7561
3.79306
3.83927
3.89445
3.95905
4.03414
4.11335
4.18343
4.25732
4.33839
4.42511
4.52102
4.6175
27697.4
2.85802e+09
1.71505e+10
4.47111e+10
6.72506e+10
6.7123e+10
5.18184e+10
3.65895e+10
2.63872e+10
1.99254e+10
1.41813e+10
8.31976e+09
4.97663e+09
3.05247e+09
3.66719
3.67602
3.64462
3.62568
3.61744
3.61471
3.6181
3.62861
3.64574
3.66933
3.69915
3.73414
3.77368
3.81809
3.86683
3.91643
3.95585
3.98746
4.0134
4.03563
4.05591
4.07846
4.10474
4.12988
4.1495
4.16276
4.16797
4.16643
4.1556
4.13725
4.10915
4.0735
4.03132
3.97841
3.91872
3.84919
3.78126
3.67481
3.73369
3.58903
3.59213
3.58007
3.56902
3.56153
3.55777
3.55838
3.5621
3.56959
3.58217
3.60054
3.62465
3.65454
3.69185
3.73793
3.79173
3.8524
3.91345
3.9705
4.02643
4.08631
4.14902
4.22048
4.30479
4.39592
11219.1
1.11951e+09
8.46848e+09
2.72209e+10
4.97095e+10
5.92161e+10
5.32743e+10
4.21821e+10
3.26795e+10
2.5896e+10
1.93168e+10
1.22084e+10
7.83204e+09
5.49183e+09
3.59809
3.5728
3.54351
3.53041
3.52231
3.51929
3.5232
3.5348
3.55304
3.57719
3.6066
3.64013
3.67735
3.71722
3.75596
3.78736
3.81318
3.83484
3.85369
3.87125
3.8894
3.90943
3.92933
3.94548
3.95588
3.96089
3.96022
3.95485
3.94219
3.92396
3.89803
3.86658
3.83037
3.78546
3.73475
3.67546
3.61758
3.52233
3.59442
3.52079
3.5247
3.51117
3.50014
3.49194
3.48712
3.48594
3.48862
3.49674
3.51114
3.5316
3.55721
3.58751
3.62339
3.66561
3.71114
3.75297
3.79355
3.83705
3.88006
3.9213
3.96613
4.0216
4.09221
4.17401
4402.81
4.27705e+08
3.99924e+09
1.55898e+10
3.40551e+10
4.78062e+10
4.9638e+10
4.38385e+10
3.64763e+10
3.01472e+10
2.36566e+10
1.61346e+10
1.11084e+10
8.49703e+09
3.51565
3.47328
3.46663
3.46055
3.45228
3.45043
3.45687
3.47056
3.4896
3.51304
3.53924
3.56694
3.59598
3.6215
3.64281
3.66113
3.67711
3.69125
3.70452
3.71832
3.73261
3.74559
3.75602
3.76279
3.76507
3.76389
3.75914
3.75138
3.73815
3.71954
3.6957
3.6676
3.63601
3.59731
3.55369
3.50263
3.45259
3.36851
3.44946
3.46186
3.46382
3.45079
3.4382
3.42855
3.42184
3.4185
3.41988
3.42732
3.44064
3.45883
3.48041
3.50445
3.52949
3.55556
3.58062
3.60458
3.63113
3.66099
3.69
3.72007
3.75598
3.80334
3.86609
3.94174
1673.41
1.59187e+08
1.81132e+09
8.44625e+09
2.17925e+10
3.56322e+10
4.23001e+10
4.14657e+10
3.70552e+10
3.19322e+10
2.63718e+10
1.9476e+10
1.22816e+10
9.78857e+09
3.43485
3.40469
3.41298
3.4077
3.39792
3.39325
3.39622
3.40517
3.418
3.43385
3.44976
3.4646
3.47822
3.49064
3.502
3.51265
3.52268
3.53204
3.542
3.55216
3.56057
3.56721
3.57227
3.57482
3.57395
3.57059
3.56461
3.5564
3.54381
3.52593
3.50501
3.47942
3.45122
3.4172
3.37907
3.3345
3.29029
3.21675
3.29846
3.38975
3.37988
3.36385
3.34932
3.33933
3.33189
3.32767
3.32851
3.33437
3.34411
3.35644
3.36923
3.38097
3.39292
3.40715
3.42149
3.43468
3.44982
3.4685
3.4875
3.50831
3.53695
3.57782
3.6338
3.70321
616.3
5.76295e+07
7.87898e+08
4.34495e+09
1.30999e+10
2.4693e+10
3.32234e+10
3.59743e+10
3.45084e+10
3.11008e+10
2.69152e+10
1.68653e+10
1.44393e+09
8.31783e+07
3.3568
3.3444
3.34756
3.33245
3.3204
3.31347
3.31276
3.31588
3.32109
3.32768
3.33503
3.34239
3.34924
3.35555
3.36151
3.36765
3.37395
3.37998
3.38577
3.39157
3.39698
3.40157
3.40512
3.40661
3.40497
3.40098
3.39462
3.38632
3.37431
3.35736
3.33792
3.31368
3.28737
3.25623
3.22163
3.18136
3.14053
3.0755
3.14796
3.29563
3.27841
3.26223
3.24894
3.24072
3.23458
3.23285
3.23665
3.2431
3.25002
3.25661
3.26178
3.26521
3.26884
3.27473
3.28121
3.28719
3.29541
3.30713
3.31915
3.33105
3.34891
3.37804
3.42175
3.47921
220.516
2.02569e+07
3.29276e+08
2.12706e+09
7.4266e+09
1.59986e+10
2.42084e+10
2.88158e+10
2.96419e+10
2.80076e+10
2.49226e+10
2.17642e+08
1286.29
25.1626
3.27003
3.26446
3.25862
3.24014
3.22981
3.22634
3.22706
3.22904
3.23138
3.23413
3.23703
3.23975
3.24213
3.24427
3.24645
3.24889
3.25166
3.25475
3.25818
3.26188
3.26534
3.26805
3.26978
3.2696
3.26653
3.26132
3.25398
3.24493
3.23256
3.21554
3.19661
3.17309
3.14772
3.11824
3.08573
3.04809
3.00897
2.94987
3.00706
3.20632
3.19641
3.18415
3.17301
3.16646
3.16368
3.16464
3.16822
3.17126
3.17238
3.17193
3.17008
3.16727
3.16564
3.16699
3.16919
3.17062
3.1738
3.17997
3.18635
3.19142
3.19989
3.2167
3.24574
3.28732
77.434
6.898e+06
1.32163e+08
9.92191e+08
3.98139e+09
9.73116e+09
1.64528e+10
2.14395e+10
2.36176e+10
2.34223e+10
8.98365e+09
4867.59
23.0893
5.96356
3.19238
3.18343
3.17432
3.16221
3.15698
3.15595
3.15619
3.156
3.15546
3.15515
3.15501
3.1548
3.15446
3.15411
3.15397
3.1542
3.15467
3.15528
3.15602
3.15685
3.15739
3.1572
3.15618
3.15363
3.14861
3.14174
3.13307
3.12283
3.10974
3.09231
3.07273
3.04956
3.02495
2.99702
2.96646
2.93126
2.89384
2.83962
2.88179
3.14717
3.14418
3.13166
3.11973
3.11282
3.10958
3.10819
3.1068
3.10334
3.09787
3.09174
3.08552
3.07958
3.07553
3.0746
3.07431
3.07266
3.07197
3.07367
3.07534
3.07523
3.07759
3.08597
3.10343
3.13068
27.5331
2.27074e+06
5.09045e+07
4.41246e+08
2.02184e+09
5.57387e+09
1.04744e+10
1.48933e+10
1.75503e+10
1.82817e+10
1.07106e+10
34630.3
28.4599
36.9621
3.13776
3.11849
3.10944
3.10221
3.09818
3.09553
3.09267
3.08909
3.08543
3.08242
3.07993
3.07764
3.07548
3.07347
3.07172
3.07022
3.06881
3.06729
3.06566
3.06393
3.06183
3.05904
3.05555
3.05087
3.04414
3.03581
3.02593
3.01457
3.00084
2.98325
2.96257
2.93908
2.91461
2.88769
2.85871
2.82576
2.79032
2.74093
2.77118
3.10672
3.10397
3.08869
3.07485
3.06616
3.0596
3.05305
3.04544
3.03616
3.02628
3.0173
3.00948
3.00265
2.99783
2.99575
2.99377
2.98974
2.98591
2.98396
2.98172
2.97725
2.97506
2.9777
2.98709
3.00366
10.7349
721151
1.87971e+07
1.87117e+08
9.73791e+08
3.01361e+09
6.26835e+09
9.7025e+09
1.22258e+10
1.33986e+10
9.9178e+09
154388
5112.97
9.63962
3.09186
3.06402
3.05718
3.05102
3.04574
3.04018
3.03401
3.02743
3.02121
3.01594
3.01144
3.00734
3.00355
3.00005
2.99682
2.99381
2.99077
2.98754
2.98408
2.98042
2.97638
2.97167
2.96633
2.95997
2.95182
2.94228
2.93142
2.9191
2.90477
2.88705
2.86581
2.84205
2.81724
2.79056
2.76224
2.73062
2.69653
2.65109
2.67172
3.06928
3.06343
3.04602
3.03049
3.01936
3.00863
2.99719
2.98529
2.97314
2.96188
2.95253
2.94477
2.93792
2.9326
2.92933
2.92563
2.91937
2.91281
2.90785
2.90245
2.89438
2.88853
2.88691
2.89056
2.89954
5.25663
220614
6.65027e+06
7.56768e+07
4.45225e+08
1.54099e+09
3.53676e+09
5.95078e+09
8.02066e+09
9.26762e+09
8.16277e+09
526041
0.448089
5.92249
3.04349
3.01393
3.01025
3.00386
2.99676
2.989
2.98086
2.97256
2.96474
2.95783
2.95161
2.94582
2.94038
2.93526
2.93042
2.92581
2.92121
2.91647
2.91157
2.90653
2.90115
2.89513
2.88847
2.88085
2.87155
2.86094
2.84912
2.83588
2.8209
2.80287
2.78135
2.75761
2.73246
2.70575
2.67758
2.64655
2.61303
2.57021
2.58223
3.02665
3.01802
3.00012
2.98345
2.97007
2.95639
2.94256
2.92955
2.91749
2.907
2.89846
2.89107
2.88396
2.87762
2.87265
2.86691
2.85849
2.84957
2.84216
2.83436
2.8238
2.81504
2.81004
2.80933
2.81279
3.50386
64935.1
2.25333e+06
2.91977e+07
1.93437e+08
7.466e+08
1.88648e+09
3.44807e+09
4.97545e+09
6.07743e+09
6.03629e+09
1.44363e+06
33.0336
16.4351
2.99172
2.96572
2.96428
2.95734
2.94935
2.94119
2.93286
2.92426
2.91586
2.90798
2.90048
2.89324
2.88624
2.87948
2.873
2.86678
2.86067
2.85457
2.84848
2.8424
2.83609
2.82914
2.82146
2.81278
2.80242
2.79072
2.77785
2.76359
2.74776
2.72932
2.70757
2.68364
2.65809
2.63123
2.60303
2.57234
2.53912
2.49813
2.50238
2.97893
2.96999
2.95258
2.93511
2.92031
2.90581
2.89226
2.88049
2.87003
2.8609
2.85304
2.8455
2.83746
2.82951
2.82243
2.81453
2.80415
2.79334
2.78408
2.77449
2.76223
2.7513
2.7437
2.73967
2.73901
2.93257
18374.3
730886
1.07498e+07
7.99357e+07
3.43324e+08
9.53665e+08
1.89351e+09
2.9295e+09
3.79444e+09
4.13499e+09
3.38206e+06
113.149
7.74846
2.9402
2.91876
2.91793
2.91086
2.90341
2.89643
2.88912
2.88107
2.87273
2.86442
2.85607
2.84771
2.83944
2.83129
2.82339
2.81576
2.80834
2.80107
2.79397
2.787
2.77991
2.77218
2.7636
2.75387
2.74239
2.72948
2.71542
2.70001
2.68316
2.66417
2.64222
2.61787
2.59178
2.56464
2.53632
2.50587
2.47292
2.43346
2.43109
2.93099
2.92385
2.90682
2.88869
2.87352
2.85991
2.84806
2.83814
2.82919
2.82082
2.81285
2.80439
2.79487
2.78506
2.77585
2.766
2.75403
2.7418
2.73118
2.72027
2.70675
2.69421
2.68473
2.67832
2.67469
2.72451
4994.02
226922
3.77848e+06
3.14559e+07
1.50077e+08
4.57942e+08
9.88306e+08
1.64312e+09
2.26417e+09
2.66739e+09
6.99439e+06
1226.76
45.0658
2.8929
2.87395
2.87258
2.86616
2.86027
2.85505
2.84897
2.84154
2.83333
2.82471
2.81572
2.80653
2.79729
2.78811
2.77915
2.77047
2.76203
2.75382
2.74585
2.73808
2.73021
2.72167
2.71211
2.70126
2.68859
2.67437
2.65901
2.64234
2.62438
2.60469
2.58245
2.55755
2.53094
2.50357
2.4752
2.44504
2.41247
2.37449
2.36689
2.88725
2.88231
2.86504
2.84646
2.83174
2.81962
2.80939
2.80063
2.79214
2.78349
2.77452
2.76461
2.75348
2.74197
2.73102
2.71963
2.70649
2.69324
2.68162
2.66969
2.65517
2.64136
2.6305
2.62249
2.61687
2.62617
1303.63
67447.5
1.2682e+06
1.17973e+07
6.24373e+07
2.0934e+08
4.91492e+08
8.80373e+08
1.29501e+09
1.63959e+09
1.30618e+07
7020.83
268.448
2.85133
2.83232
2.83037
2.82528
2.82117
2.81728
2.81184
2.80452
2.79603
2.78685
2.77713
2.76714
2.7571
2.74716
2.73747
2.72809
2.71894
2.71
2.70129
2.69274
2.68404
2.67457
2.66392
2.65186
2.63794
2.62242
2.60575
2.58783
2.56877
2.54831
2.52568
2.5005
2.47355
2.44603
2.4177
2.38792
2.35589
2.31945
2.30811
2.84896
2.8453
2.82732
2.80862
2.79466
2.78359
2.774
2.7652
2.75601
2.74614
2.73565
2.7242
2.71174
2.69904
2.68689
2.67443
2.66047
2.64646
2.63399
2.62119
2.60582
2.59091
2.57893
2.5698
2.5629
2.56094
327.525
19185.7
406585
4.21801e+06
2.47521e+07
9.12059e+07
2.33352e+08
4.51636e+08
7.1171e+08
9.67172e+08
2.22684e+07
33133.1
1329.07
2.8145
2.79417
2.79231
2.7888
2.78597
2.78252
2.77684
2.76888
2.75952
2.74934
2.7386
2.72766
2.71683
2.70624
2.69601
2.68614
2.67649
2.66699
2.65763
2.64832
2.63873
2.62825
2.61645
2.60314
2.58802
2.57131
2.5535
2.53449
2.51444
2.49327
2.47027
2.44505
2.41784
2.39027
2.36207
2.33277
2.30144
2.26664
2.25289
2.81466
2.81103
2.79225
2.77365
2.76016
2.74922
2.73918
2.7293
2.71864
2.70715
2.69509
2.68239
2.66907
2.65574
2.64292
2.62976
2.61519
2.60051
2.58724
2.57363
2.55749
2.54155
2.52853
2.51849
2.51075
2.50568
80.2073
5222.14
124526
1.43911e+06
9.35464e+06
3.79241e+07
1.05898e+08
2.2207e+08
3.76434e+08
5.49573e+08
3.44401e+07
135274
36.0156
2.78023
2.75882
2.75767
2.75549
2.75315
2.7492
2.74248
2.73328
2.72259
2.71104
2.699
2.68696
2.67526
2.664
2.65329
2.64301
2.63297
2.62302
2.61308
2.60304
2.59256
2.58107
2.56813
2.55367
2.53749
2.51981
2.50112
2.48132
2.46052
2.43879
2.41551
2.39031
2.3631
2.33548
2.30746
2.27865
2.24809
2.21491
2.19975
2.78191
2.77736
2.75793
2.73938
2.72575
2.71404
2.70276
2.69131
2.679
2.66598
2.65267
2.63914
2.62542
2.61187
2.59873
2.5851
2.57
2.55467
2.54057
2.52617
2.50935
2.49246
2.47843
2.46752
2.45909
2.4531
20.2075
1360.9
36443.1
468939
3.37374e+06
1.50547e+07
4.59699e+07
1.04766e+08
1.91693e+08
3.01387e+08
4.68447e+07
469685
448.387
2.74638
2.72491
2.72457
2.72311
2.72046
2.71538
2.70715
2.69637
2.68413
2.67106
2.65764
2.64444
2.63183
2.6199
2.6087
2.59804
2.58763
2.57728
2.56682
2.5561
2.5448
2.53239
2.51847
2.50303
2.48604
2.4677
2.44845
2.42818
2.40693
2.38485
2.36141
2.33632
2.30925
2.28155
2.25366
2.22524
2.19539
2.16363
2.14763
2.74854
2.7428
2.72291
2.70405
2.68964
2.6766
2.66379
2.65083
2.63715
2.62301
2.60887
2.59485
2.58096
2.56739
2.55407
2.54004
2.52442
2.5084
2.49345
2.47829
2.46095
2.44326
2.42828
2.41649
2.40739
2.40095
6.27508
340.345
10199
146012
1.16222e+06
5.71308e+06
1.90999e+07
4.74371e+07
9.40162e+07
1.59597e+08
5.31527e+07
1.31636e+06
2854.2
2.71167
2.69098
2.69097
2.68951
2.68597
2.67942
2.66955
2.65718
2.64342
2.62892
2.61424
2.60001
2.58657
2.57401
2.56233
2.55129
2.54055
2.52982
2.5189
2.50761
2.49562
2.48247
2.46777
2.45162
2.43411
2.41541
2.39592
2.37551
2.35411
2.33192
2.30843
2.28351
2.25662
2.22887
2.20106
2.17291
2.14359
2.11291
2.09618
2.71357
2.70689
2.68656
2.6669
2.65123
2.63671
2.62252
2.60843
2.59387
2.57907
2.56443
2.55007
2.53604
2.52238
2.50884
2.49439
2.47823
2.46151
2.44572
2.42989
2.41217
2.39388
2.37811
2.36547
2.35566
2.34875
3.15178
82.79
2732.28
43502.1
383001
2.07444e+06
7.60566e+06
2.06206e+07
4.44114e+07
8.1622e+07
4.85973e+07
2.85333e+06
13406.2
2.67575
2.65585
2.65545
2.65329
2.64851
2.6405
2.62915
2.61538
2.60034
2.58469
2.56902
2.55401
2.53996
2.52689
2.5148
2.50341
2.49234
2.48129
2.46999
2.45824
2.44576
2.43209
2.4169
2.40033
2.38256
2.36378
2.34434
2.32405
2.30274
2.28063
2.25725
2.23253
2.20592
2.1782
2.15047
2.12248
2.09354
2.06358
2.04592
2.67715
2.66998
2.64898
2.62805
2.61094
2.59512
2.57992
2.56516
2.55018
2.53504
2.52005
2.50534
2.491
2.47706
2.46314
2.44819
2.43148
2.41407
2.39748
2.38107
2.36317
2.34454
2.32817
2.31479
2.30426
2.29678
2.45107
20.6112
702.503
12422
120920
721862
2.90581e+06
8.6179e+06
2.02158e+07
4.03304e+07
3.64996e+07
4.76779e+06
48009.7
2.63885
2.61889
2.6174
2.61409
2.60805
2.59884
2.58634
2.57151
2.55554
2.53909
2.52278
2.50728
2.49283
2.47943
2.46703
2.45534
2.44399
2.43265
2.42105
2.40899
2.3962
2.38226
2.36686
2.35014
2.33236
2.31372
2.2945
2.27451
2.25346
2.2316
2.20842
2.18396
2.15773
2.13012
2.10251
2.07459
2.04591
2.01635
1.99757
2.63987
2.63246
2.61047
2.58801
2.56955
2.55277
2.53696
2.5219
2.50677
2.49146
2.47612
2.46089
2.44601
2.43153
2.41706
2.40156
2.38431
2.36629
2.349
2.3321
2.31415
2.29539
2.27866
2.2647
2.25354
2.24542
2.26868
6.23024
174.41
3406.35
36663.1
241354
1.06746e+06
3.46711e+06
8.87866e+06
1.92703e+07
2.35781e+07
6.22203e+06
133169
2.60108
2.57996
2.57705
2.57253
2.56553
2.55554
2.5423
2.52675
2.51018
2.49327
2.47659
2.46084
2.44619
2.43258
2.41994
2.408
2.39639
2.3848
2.373
2.36077
2.34786
2.33388
2.3185
2.30185
2.28425
2.26588
2.24699
2.22736
2.20666
2.1851
2.1622
2.13804
2.11225
2.08483
2.05733
2.02948
2.00096
1.97159
1.95164
2.60202
2.59438
2.57112
2.54713
2.52764
2.51026
2.49413
2.47895
2.46378
2.4483
2.43254
2.41666
2.40103
2.38584
2.37071
2.35465
2.33693
2.3184
2.30051
2.28319
2.26527
2.24654
2.22966
2.21532
2.20365
2.19492
2.19263
3.01568
42.8229
899.237
10697.4
77681.4
377914
1.34568e+06
3.76825e+06
8.91365e+06
1.36637e+07
6.43184e+06
288530
2.56217
2.53923
2.53515
2.52979
2.52231
2.51195
2.49831
2.48233
2.46541
2.44822
2.43133
2.41542
2.40063
2.38686
2.37401
2.36184
2.34998
2.3382
2.32626
2.31398
2.30111
2.28727
2.27211
2.2557
2.23839
2.22035
2.2018
2.18254
2.1622
2.14095
2.11836
2.0945
2.06915
2.04197
2.01464
1.9869
1.95859
1.92935
1.90832
2.56335
2.55533
2.53071
2.50549
2.48536
2.46765
2.45132
2.43606
2.42081
2.40512
2.38888
2.37228
2.35584
2.33987
2.32409
2.30754
2.28947
2.27057
2.25218
2.23448
2.21659
2.19794
2.18106
2.16653
2.1545
2.14524
2.13795
2.29707
11.3373
229.698
3009.11
24133.2
129204
505005
1.54848e+06
3.99833e+06
7.31976e+06
5.42265e+06
496289
2.52168
2.49701
2.49246
2.48687
2.47937
2.46897
2.45515
2.43893
2.42175
2.40433
2.38724
2.37114
2.35616
2.34218
2.32911
2.31669
2.30462
2.29269
2.2807
2.26847
2.25577
2.2422
2.22739
2.21133
2.19436
2.17668
2.15844
2.1395
2.11947
2.09852
2.07623
2.05268
2.02773
2.00086
1.97378
1.94625
1.91824
1.88926
1.86736
2.5233
2.51474
2.48894
2.46291
2.4425
2.42462
2.40812
2.3927
2.37727
2.3613
2.3446
2.32734
2.31016
2.29348
2.27713
2.26022
2.24196
2.22282
2.20405
2.186
2.16809
2.1495
2.1327
2.11811
2.10585
2.09615
2.08774
2.11218
4.08051
57.6665
817.864
7245.55
42744
183606
617209
1.74171e+06
3.69797e+06
3.88685e+06
692482
2.47925
2.45357
2.44942
2.44416
2.43698
2.42669
2.4128
2.39639
2.37898
2.36128
2.34389
2.32749
2.31222
2.29796
2.28463
2.27199
2.25975
2.24775
2.23579
2.2237
2.21125
2.19804
2.18365
2.168
2.15139
2.13402
2.11605
2.09734
2.07757
2.05687
2.03487
2.01163
1.98709
1.96068
1.93391
1.90671
1.87909
1.85056
1.82812
2.48136
2.47228
2.44562
2.4192
2.39873
2.38072
2.36398
2.34829
2.3326
2.31633
2.29925
2.28149
2.26373
2.24649
2.22972
2.2126
2.19429
2.17508
2.15605
2.13769
2.11971
2.10128
2.08458
2.07
2.05757
2.04748
2.03863
2.03677
2.44449
15.1002
215.628
2105.19
13699.7
64761.9
238985
737992
1.784e+06
2.46526e+06
795283
2.43483
2.40914
2.40599
2.40144
2.3947
2.38457
2.37062
2.35402
2.33634
2.3183
2.30051
2.28371
2.26805
2.25346
2.23988
2.22706
2.21475
2.20275
2.1909
2.17902
2.16686
2.15404
2.14007
2.12482
2.10854
2.09142
2.07364
2.05509
2.03551
2.01503
1.99329
1.97038
1.94625
1.92037
1.89402
1.86727
1.84017
1.81226
1.78968
2.43737
2.42789
2.40072
2.3742
2.35374
2.33558
2.31852
2.30247
2.28644
2.2699
2.25255
2.23447
2.21633
2.19872
2.18167
2.16447
2.14628
2.12716
2.10802
2.08944
2.07134
2.05306
2.03646
2.02192
2.00939
1.99895
1.98978
1.98284
2.05978
4.93372
55.9659
592.689
4255.59
22176.9
89940.7
304438
828282
1.42745e+06
761329
2.38869
2.36383
2.36189
2.35815
2.35185
2.34181
2.32775
2.31093
2.29294
2.27449
2.25624
2.23898
2.22292
2.20802
2.19424
2.18133
2.16902
2.15713
2.14546
2.13381
2.12195
2.10947
2.09588
2.08096
2.06493
2.048
2.03032
2.01189
1.99247
1.97217
1.95072
1.92817
1.90447
1.87919
1.85334
1.82714
1.80064
1.77349
1.75118
2.3915
2.38182
2.3544
2.3279
2.30742
2.28902
2.27159
2.25511
2.23873
2.22195
2.20444
2.1862
2.16786
2.15003
2.13282
2.11565
2.09767
2.07878
2.05967
2.04096
2.02278
2.0046
1.98808
1.97363
1.96107
1.95036
1.94089
1.93282
1.94231
2.56691
15.0918
162.378
1281.86
7371.12
32906.6
122285
371774
771036
619610
2.34122
2.31766
2.31679
2.31375
2.30773
2.29768
2.28343
2.26634
2.24799
2.22911
2.21041
2.19273
2.17632
2.16119
2.1473
2.13439
2.12219
2.11047
2.09902
2.08761
2.07601
2.0638
2.05048
2.03579
2.01992
2.0031
1.98551
1.96716
1.9479
1.9278
1.90667
1.88452
1.8613
1.83668
1.8114
1.78584
1.76
1.73369
1.71191
2.34414
2.33448
2.3069
2.28039
2.25977
2.24108
2.22324
2.20633
2.1896
2.17262
2.15502
2.13674
2.11832
2.10035
2.08304
2.06594
2.04823
2.02965
2.01069
1.99195
1.97371
1.95562
1.9392
1.92488
1.91238
1.90151
1.8918
1.88332
1.87936
2.0061
4.97004
44.0254
374.906
2378.24
11698.8
47806
161707
394135
440125
2.29285
2.2706
2.27047
2.26787
2.2619
2.2517
2.23719
2.21977
2.20105
2.18178
2.16269
2.14467
2.12803
2.11277
2.09888
2.08607
2.07405
2.06256
2.05134
2.04015
2.02874
2.0167
2.00353
1.98897
1.97318
1.95644
1.93893
1.92069
1.90161
1.88178
1.86101
1.83933
1.81666
1.79275
1.7681
1.74324
1.71812
1.69267
1.67156
2.29577
2.28625
2.25849
2.23181
2.21094
2.19192
2.1737
2.15639
2.13934
2.12218
2.10454
2.08627
2.06781
2.04975
2.03233
2.01527
1.9978
1.97954
1.9608
1.94211
1.92386
1.90588
1.88955
1.87541
1.86307
1.85219
1.84238
1.83367
1.82692
1.84747
2.52251
12.5293
107.14
745.129
4039.77
18181.4
68243.3
192366
280084
2.2439
2.22264
2.22283
2.22033
2.21417
2.20368
2.18884
2.17106
2.15199
2.13239
2.11302
2.0948
2.07806
2.0628
2.049
2.03637
2.02457
2.01332
2.00231
1.99129
1.97999
1.96802
1.95492
1.94039
1.92465
1.90799
1.89059
1.87253
1.85371
1.83421
1.81388
1.79274
1.77068
1.74754
1.72358
1.69947
1.6751
1.65051
1.63011
2.24676
2.23742
2.20934
2.18232
2.16112
2.14178
2.12322
2.10557
2.08825
2.07093
2.05326
2.035
2.01651
1.99832
1.98076
1.96365
1.94633
1.92836
1.90986
1.89128
1.87305
1.85517
1.83894
1.825
1.81291
1.80219
1.79244
1.78369
1.77628
1.7749
1.92046
4.40025
30.5915
227.28
1355.21
6722.75
27958
90161.6
163228
2.19457
2.17381
2.17388
2.17117
2.16464
2.15376
2.13853
2.12038
2.10099
2.08114
2.06161
2.04332
2.02659
2.01142
1.99778
1.98536
1.97378
1.96274
1.95189
1.94098
1.92973
1.91778
1.90467
1.89016
1.87448
1.85794
1.84074
1.82293
1.80447
1.7854
1.76559
1.74506
1.72368
1.70137
1.67816
1.65483
1.63124
1.60748
1.58776
2.19737
2.18809
2.15954
2.13201
2.11044
2.09082
2.07201
2.0541
2.03655
2.01908
2.00136
1.9831
1.96456
1.94622
1.92845
1.91119
1.8939
1.87613
1.85786
1.83941
1.82124
1.80345
1.78731
1.77358
1.76178
1.75134
1.74185
1.73324
1.72572
1.71997
1.74697
2.34007
9.36787
68.1242
442.322
2416.99
11125.9
40732.4
88591.4
2.14483
2.12408
2.12374
2.12062
2.11361
2.1023
2.08668
2.06816
2.04849
2.02848
2.00888
1.99061
1.97397
1.95894
1.94547
1.93321
1.92181
1.91091
1.90018
1.88933
1.8781
1.86616
1.85306
1.8386
1.82303
1.80671
1.7898
1.77235
1.75435
1.73579
1.71658
1.69673
1.67611
1.65465
1.63224
1.6097
1.58692
1.56398
1.54489
2.14756
2.13819
2.10904
2.08091
2.05899
2.03917
2.02017
2.00208
1.98434
1.96673
1.94894
1.93065
1.91205
1.89354
1.87551
1.85802
1.84066
1.82301
1.80493
1.78663
1.76855
1.75086
1.73478
1.72122
1.70972
1.69964
1.69052
1.68224
1.67488
1.66844
1.66971
1.80476
3.63364
20.6643
141.103
845.485
4303.85
17789
45335.9
2.09451
2.0735
2.07262
2.06902
2.06155
2.04985
2.03385
2.01501
1.99511
1.97498
1.95536
1.93714
1.9206
1.90569
1.89234
1.88019
1.86888
1.85807
1.84741
1.83662
1.82544
1.81353
1.8005
1.78618
1.77082
1.7548
1.73828
1.7213
1.70384
1.68587
1.66734
1.64822
1.62839
1.60781
1.58622
1.56451
1.54255
1.52039
1.50189
2.09719
2.08762
2.0578
2.02907
2.00684
1.98688
1.96776
1.94951
1.9316
1.91385
1.89599
1.87767
1.85901
1.84036
1.82209
1.80433
1.78684
1.76923
1.75132
1.73321
1.71525
1.69767
1.68164
1.66821
1.65695
1.64722
1.63852
1.63067
1.62366
1.61738
1.61338
1.64053
2.10143
6.897
44.5355
288.449
1620.19
7527.75
22071.4
2.04347
2.02212
2.02075
2.01673
2.0089
1.99686
1.98054
1.96142
1.94133
1.9211
1.90146
1.88328
1.86681
1.85197
1.83866
1.82655
1.81527
1.8045
1.7939
1.78319
1.7721
1.76031
1.74745
1.73336
1.71831
1.7027
1.68666
1.67022
1.65336
1.63605
1.61824
1.59987
1.58086
1.56114
1.54039
1.51954
1.4984
1.47702
1.45912
2.04611
2.03629
2.00582
1.9765
1.95402
1.93395
1.91474
1.89636
1.87828
1.8604
1.84247
1.82414
1.80547
1.78673
1.76827
1.75029
1.73265
1.71507
1.69733
1.67943
1.66167
1.64424
1.62829
1.61494
1.60385
1.59439
1.58607
1.57867
1.5721
1.56623
1.56144
1.56409
1.67522
2.98728
14.4218
96.4984
594.284
3093.24
10288.3
1.99167
1.97007
1.96831
1.96398
1.95588
1.94358
1.92702
1.90766
1.88739
1.86708
1.8474
1.82923
1.81277
1.79793
1.7846
1.77247
1.7612
1.75046
1.73995
1.72936
1.71844
1.70686
1.69426
1.6805
1.66586
1.65071
1.63522
1.61938
1.60317
1.58655
1.56947
1.55188
1.53368
1.51483
1.49499
1.47498
1.45467
1.43408
1.41679
1.99427
1.9842
1.95313
1.92327
1.90058
1.88042
1.86111
1.84258
1.82435
1.80633
1.78835
1.77005
1.75143
1.7327
1.71415
1.69603
1.6783
1.66077
1.64322
1.62559
1.60809
1.5909
1.57508
1.56182
1.55085
1.54157
1.53354
1.52651
1.52037
1.51497
1.51037
1.50789
1.53216
1.88029
5.25893
32.1157
212.909
1236.24
4613.31
1.93916
1.91742
1.91538
1.91086
1.90258
1.8901
1.87333
1.8538
1.8334
1.81299
1.79325
1.77504
1.75855
1.74367
1.7303
1.71814
1.70687
1.6962
1.68582
1.67543
1.66475
1.65346
1.6412
1.62784
1.61366
1.59905
1.58413
1.56892
1.55337
1.53745
1.5211
1.50427
1.48688
1.46887
1.44995
1.4308
1.41132
1.39153
1.37491
1.94157
1.93119
1.8995
1.8691
1.84617
1.82588
1.80644
1.78776
1.76937
1.75124
1.73322
1.71499
1.69651
1.67789
1.65938
1.64124
1.62352
1.60609
1.58877
1.57148
1.55433
1.53748
1.5219
1.50882
1.49798
1.48885
1.48103
1.4743
1.46853
1.46358
1.4594
1.45618
1.45975
1.54853
2.51896
11.0643
74.9095
481.189
1995.5
1.88568
1.8637
1.86151
1.8569
1.84853
1.83595
1.8191
1.79947
1.77898
1.75851
1.73873
1.72048
1.70395
1.68903
1.67564
1.66349
1.65228
1.64173
1.63153
1.62139
1.61102
1.60008
1.58822
1.5753
1.56163
1.54757
1.53325
1.51867
1.50378
1.48854
1.47291
1.45683
1.44023
1.42304
1.40504
1.38672
1.36808
1.34913
1.33323
1.88928
1.87993
1.84884
1.81863
1.79591
1.77576
1.75632
1.73756
1.71903
1.70077
1.6827
1.66452
1.64615
1.62766
1.60924
1.59113
1.57343
1.55609
1.53899
1.52203
1.50526
1.4888
1.47347
1.46042
1.44946
1.44011
1.43205
1.42511
1.41918
1.41417
1.41002
1.40667
1.40543
1.42635
1.69672
4.34029
26.2512
182.777
834.193
1.83515
1.81547
1.81287
1.80795
1.79923
1.78621
1.76887
1.7488
1.72792
1.7071
1.68703
1.66854
1.65182
1.63675
1.62327
1.61108
1.5999
1.58944
1.5794
1.56948
1.55937
1.54874
1.53724
1.52472
1.5115
1.49792
1.48412
1.4701
1.4558
1.44119
1.42621
1.41082
1.39497
1.37856
1.36142
1.3439
1.32602
1.30781
1.29255
1.83471
1.82168
1.78682
1.75412
1.72971
1.70844
1.68829
1.66905
1.65024
1.63185
1.61382
1.59584
1.57781
1.55972
1.54169
1.52394
1.50656
1.48959
1.47294
1.45653
1.44039
1.42458
1.41007
1.39812
1.38839
1.38035
1.37364
1.36805
1.36345
1.3597
1.35672
1.35443
1.35305
1.35751
1.43069
2.22561
9.53167
68.0575
337.547
1.77331
1.74532
1.74334
1.73909
1.73115
1.71904
1.70266
1.68348
1.6634
1.6433
1.62381
1.6058
1.58949
1.5748
1.56166
1.54982
1.539
1.52893
1.51931
1.50985
1.50025
1.49017
1.47926
1.46738
1.45482
1.44193
1.42882
1.4155
1.40193
1.38806
1.37385
1.35925
1.34422
1.32867
1.31245
1.29588
1.27906
1.26205
1.248
1.7712
1.75937
1.72515
1.69283
1.66899
1.64824
1.62847
1.60953
1.59097
1.57281
1.55504
1.53741
1.5198
1.50217
1.4846
1.46725
1.45023
1.43362
1.41738
1.40145
1.38586
1.37064
1.35659
1.34486
1.33519
1.32712
1.32036
1.31477
1.31024
1.3067
1.30407
1.30225
1.30121
1.30206
1.32162
1.55437
3.92119
25.164
132.592
1.70979
1.68772
1.68586
1.68187
1.67417
1.66232
1.64623
1.62734
1.60753
1.58767
1.56841
1.5506
1.53449
1.52001
1.5071
1.49551
1.48495
1.47518
1.46588
1.45678
1.44757
1.43792
1.42746
1.41607
1.40403
1.39167
1.37912
1.36637
1.3534
1.34015
1.3266
1.3127
1.29841
1.28363
1.26825
1.25243
1.23626
1.21985
1.20629
1.7196
1.71443
1.68593
1.65702
1.63558
1.61638
1.59746
1.57894
1.56052
1.54233
1.52448
1.50679
1.48919
1.47162
1.45411
1.43681
1.41982
1.40322
1.38706
1.37131
1.356
1.34115
1.32705
1.31449
1.30352
1.29375
1.28503
1.27734
1.2707
1.26516
1.26073
1.25739
1.25509
1.25407
1.25861
1.32482
2.07001
9.55683
50.8972
1.67277
1.66197
1.65872
1.65344
1.64425
1.63064
1.61271
1.59212
1.57079
1.54962
1.52931
1.5107
1.49397
1.47906
1.46584
1.45404
1.44336
1.43352
1.42422
1.41514
1.40599
1.39641
1.38604
1.37476
1.36288
1.35072
1.33841
1.32595
1.31331
1.30047
1.28738
1.27401
1.2603
1.24618
1.23154
1.21635
1.20063
1.18446
1.17091
1.69405
1.69328
1.67038
1.6445
1.62445
1.6058
1.58683
1.56787
1.54879
1.52983
1.51119
1.49278
1.47456
1.45647
1.4385
1.42077
1.40335
1.38636
1.36984
1.35384
1.3384
1.32363
1.30958
1.29659
1.28471
1.2736
1.26308
1.25322
1.2441
1.23587
1.22866
1.22258
1.2177
1.21412
1.21293
1.22984
1.45716
4.02104
19.3985
1.66145
1.65487
1.64906
1.64122
1.62928
1.61241
1.59097
1.56707
1.5428
1.51906
1.49666
1.47641
1.45841
1.44253
1.42858
1.41623
1.40513
1.39497
1.38541
1.37612
1.36679
1.35706
1.34653
1.33511
1.32313
1.31093
1.29865
1.28628
1.27383
1.26123
1.24847
1.2355
1.22228
1.20873
1.19475
1.18027
1.16525
1.14975
1.13664
1.68044
1.67683
1.65273
1.62582
1.60437
1.58437
1.56419
1.54405
1.52383
1.50382
1.48422
1.46498
1.44609
1.42746
1.40906
1.39094
1.37316
1.35582
1.33899
1.32273
1.30712
1.29237
1.27881
1.26683
1.25612
1.24618
1.23667
1.22745
1.2185
1.20989
1.20174
1.1942
1.18744
1.18163
1.17719
1.17851
1.24388
2.09597
7.63248
1.64588
1.63111
1.62332
1.6134
1.59931
1.5799
1.55568
1.52914
1.50255
1.4768
1.45276
1.43125
1.4123
1.39571
1.38127
1.36855
1.3572
1.34686
1.33717
1.3278
1.31841
1.30865
1.2981
1.28667
1.27472
1.26261
1.25047
1.23832
1.22615
1.21391
1.20158
1.18911
1.17646
1.16355
1.1503
1.13665
1.12268
1.10844
1.09668
1.65409
1.64519
1.61651
1.58702
1.56377
1.54244
1.52125
1.50031
1.4794
1.45879
1.43871
1.41908
1.39994
1.38118
1.36273
1.34461
1.32684
1.3095
1.29267
1.27642
1.26083
1.24613
1.23294
1.22206
1.2129
1.20488
1.19756
1.19061
1.18386
1.17717
1.17052
1.16393
1.1575
1.15135
1.14576
1.14204
1.15758
1.43062
3.36083
1.60858
1.5857
1.57692
1.56593
1.55077
1.53017
1.50464
1.47687
1.44929
1.42275
1.39805
1.37606
1.3568
1.34002
1.32548
1.31274
1.30141
1.29113
1.28154
1.27228
1.26304
1.25344
1.24309
1.23187
1.22016
1.20833
1.19652
1.18475
1.17301
1.16126
1.14949
1.13764
1.12567
1.11351
1.10108
1.08827
1.07526
1.06217
1.05182
1.61363
1.6037
1.57309
1.54265
1.51902
1.49734
1.47578
1.45448
1.43322
1.41227
1.39189
1.37205
1.35277
1.33397
1.31557
1.29756
1.27992
1.26271
1.24602
1.2299
1.21447
1.19991
1.18679
1.1761
1.16738
1.16007
1.1538
1.14825
1.14319
1.13841
1.13373
1.12902
1.1242
1.11926
1.11427
1.10965
1.11054
1.19299
1.84409
1.56295
1.5389
1.52918
1.51709
1.50077
1.47889
1.45198
1.42296
1.39439
1.36708
1.34179
1.31936
1.29981
1.28285
1.26821
1.25544
1.24412
1.23389
1.22437
1.21521
1.20609
1.19664
1.18646
1.17545
1.16398
1.15245
1.14098
1.12961
1.11833
1.10711
1.09592
1.08473
1.07348
1.0621
1.05053
1.03857
1.02644
1.01425
1.00499
1.57347
1.56584
1.53661
1.50688
1.48355
1.46172
1.43971
1.41783
1.39591
1.37431
1.35329
1.33286
1.3131
1.29394
1.27528
1.25711
1.2394
1.22219
1.20553
1.1895
1.1742
1.1598
1.14675
1.13587
1.12688
1.11931
1.11284
1.10732
1.10257
1.09844
1.09478
1.09138
1.08807
1.08468
1.08109
1.07732
1.07481
1.09676
1.30855
1.52492
1.50252
1.49121
1.47721
1.45878
1.43443
1.40482
1.37325
1.34251
1.31342
1.28669
1.26316
1.24278
1.22521
1.21012
1.19702
1.18547
1.17507
1.16544
1.15622
1.14707
1.13762
1.12747
1.11654
1.10521
1.09389
1.0827
1.07169
1.06084
1.05012
1.03951
1.02895
1.01842
1.00783
0.997127
0.986079
0.974911
0.963716
0.955554
1.53482
1.52603
1.49599
1.46558
1.4415
1.41888
1.39611
1.3735
1.35091
1.32866
1.30707
1.28613
1.26597
1.24651
1.22768
1.20945
1.19178
1.17468
1.15819
1.14237
1.12733
1.11323
1.10056
1.09013
1.08161
1.07448
1.06845
1.06335
1.05907
1.05552
1.05262
1.05023
1.04819
1.04632
1.04443
1.04234
1.04032
1.04474
1.11108
1.48326
1.45717
1.4446
1.42896
1.40877
1.38241
1.35053
1.3168
1.28426
1.2537
1.22575
1.20125
1.18012
1.16198
1.14649
1.13312
1.12138
1.11087
1.10118
1.09195
1.08283
1.07345
1.06342
1.05265
1.04156
1.03055
1.01974
1.00917
0.998832
0.988689
0.978714
0.968868
0.959103
0.949347
0.93954
0.929433
0.91931
0.909236
0.902336
1.48632
1.47529
1.44253
1.41039
1.38519
1.36184
1.33853
1.31554
1.29264
1.27015
1.24835
1.22728
1.20706
1.18765
1.16897
1.15099
1.13365
1.11696
1.10092
1.08558
1.07102
1.05743
1.04536
1.03577
1.0282
1.02213
1.01722
1.01325
1.0101
1.00766
1.00586
1.00464
1.00388
1.00348
1.00328
1.00309
1.00286
1.00379
1.02472
1.42744
1.39738
1.38417
1.3676
1.34641
1.3189
1.28569
1.25074
1.21736
1.1862
1.1577
1.13274
1.11127
1.0929
1.07728
1.06387
1.05215
1.04172
1.03215
1.02308
1.01416
1.00503
0.995302
0.984902
0.974235
0.963696
0.953423
0.943445
0.933749
0.924296
0.915058
0.905994
0.897059
0.888185
0.879309
0.870178
0.86107
0.852056
0.846359
1.42727
1.41597
1.38098
1.34737
1.32161
1.29809
1.2747
1.25171
1.22884
1.20639
1.18464
1.16367
1.14362
1.12446
1.10613
1.08858
1.07177
1.05566
1.04027
1.02561
1.01175
0.998826
0.987397
0.978488
0.971654
0.966373
0.962339
0.959343
0.957222
0.955873
0.955213
0.955163
0.955646
0.956586
0.957899
0.959466
0.961206
0.962897
0.971454
1.36191
1.33045
1.31699
1.29989
1.27808
1.24991
1.21587
1.18025
1.1466
1.11538
1.0868
1.0617
1.04014
1.02175
1.00618
0.992874
0.981308
0.971066
0.96172
0.952911
0.944294
0.935505
0.926172
0.916235
0.906093
0.896126
0.88647
0.877152
0.868155
0.859439
0.850973
0.842718
0.834627
0.826636
0.818685
0.810544
0.802414
0.794358
0.789659
1.3624
1.35154
1.31528
1.28068
1.25463
1.23111
1.20776
1.18484
1.16212
1.13982
1.11827
1.09758
1.07788
1.05918
1.04139
1.02446
1.00833
0.99296
0.978347
0.9645
0.951483
0.939376
0.928681
0.920393
0.914124
0.909384
0.905913
0.903536
0.902102
0.901524
0.90172
0.90261
0.904121
0.906191
0.908774
0.911814
0.915297
0.918743
0.925345
1.29326
1.26078
1.2468
1.22897
1.2064
1.17756
1.14291
1.10704
1.07356
1.04262
1.01414
0.988981
0.967355
0.948944
0.933418
0.920216
0.908802
0.898748
0.889625
0.881069
0.872741
0.86428
0.855329
0.845841
0.836214
0.826813
0.817765
0.809098
0.80079
0.792802
0.7851
0.777643
0.770386
0.763267
0.756229
0.749068
0.741954
0.734942
0.731255
1.29565
1.28808
1.25441
1.22149
1.19714
1.17516
1.15299
1.13108
1.10931
1.08787
1.06718
1.04737
1.02861
1.01087
0.994035
0.978037
0.962798
0.948287
0.934492
0.921422
0.909143
0.897735
0.887507
0.879167
0.872507
0.867116
0.862808
0.859501
0.857118
0.85564
0.855045
0.855295
0.856352
0.858178
0.860753
0.864064
0.868161
0.872617
0.879685
1.23133
1.20574
1.19178
1.17386
1.15137
1.12302
1.08921
1.05474
1.02292
0.993319
0.965498
0.94051
0.918866
0.900407
0.884858
0.871671
0.86031
0.850343
0.841335
0.832916
0.824749
0.816474
0.807736
0.798505
0.789191
0.780151
0.771504
0.763278
0.75545
0.747978
0.740829
0.733959
0.727325
0.720864
0.714519
0.708107
0.701498
0.694656
0.690816
1.20619
1.1787
1.1278
1.08545
1.05567
1.03101
1.00803
0.986441
0.965774
0.945878
0.92704
0.909384
0.892943
0.877565
0.863049
0.849271
0.83614
0.823628
0.811726
0.80045
0.789865
0.780046
0.772023
0.767418
0.765306
0.765062
0.766299
0.768652
0.771834
0.775654
0.779973
0.784684
0.78973
0.795084
0.800768
0.806844
0.813442
0.820303
0.829458
1.10446
1.04216
1.02904
1.0128
0.992747
0.967859
0.938218
0.908667
0.882004
0.856788
0.832021
0.809067
0.788933
0.771682
0.757155
0.744881
0.734352
0.725167
0.716911
0.709244
0.701844
0.694382
0.686536
0.678284
0.669994
0.661994
0.654395
0.647225
0.640467
0.634077
0.628025
0.622271
0.616777
0.611486
0.60635
0.601213
0.596668
0.592988
0.593007
1.07393
1.05269
1.00525
0.965941
0.939927
0.918998
0.899249
0.880598
0.862632
0.845143
0.828644
0.813453
0.799526
0.786583
0.774336
0.762633
0.751387
0.740594
0.730265
0.720422
0.711129
0.702447
0.695199
0.690787
0.688586
0.688193
0.689395
0.691959
0.695691
0.700432
0.706042
0.712384
0.719347
0.726847
0.734853
0.743387
0.752534
0.762072
0.77375
0.971362
0.930733
0.918692
0.904049
0.885829
0.86335
0.836465
0.810472
0.788002
0.766525
0.744399
0.723234
0.704489
0.688408
0.674902
0.663549
0.653865
0.645465
0.63796
0.631029
0.624373
0.617685
0.61067
0.603311
0.595936
0.588841
0.582131
0.575837
0.569936
0.56439
0.559168
0.554233
0.549545
0.545054
0.540709
0.536386
0.532339
0.528743
0.52838
0.996351
1.00709
0.987625
0.965414
0.951638
0.939376
0.925494
0.911101
0.896309
0.881209
0.866814
0.853612
0.841348
0.82958
0.818053
0.806716
0.795612
0.784837
0.774487
0.764643
0.755416
0.746773
0.737941
0.728717
0.719989
0.71168
0.704029
0.697358
0.691846
0.687705
0.68507
0.683997
0.684496
0.68654
0.690102
0.69518
0.701832
0.709804
0.721205
0.957766
0.968138
0.957666
0.943697
0.926358
0.905189
0.879868
0.856384
0.836407
0.816015
0.79365
0.771665
0.752061
0.735287
0.721234
0.709444
0.699416
0.69073
0.682977
0.675817
0.66894
0.662023
0.654761
0.647157
0.639591
0.632348
0.625521
0.619141
0.613189
0.607626
0.602421
0.597537
0.592938
0.588574
0.584397
0.580214
0.574894
0.567941
0.563311
1.06184
1.10186
1.11347
1.1074
1.10078
1.09152
1.07817
1.0628
1.04614
1.029
1.01258
0.997222
0.982413
0.967692
0.953052
0.938647
0.92465
0.91122
0.89847
0.886485
0.875392
0.865378
0.854839
0.841448
0.826624
0.810555
0.793529
0.776184
0.759038
0.74264
0.727489
0.713965
0.702358
0.692868
0.685627
0.680736
0.678366
0.678287
0.684078
1.09916
1.14011
1.12859
1.11126
1.09011
1.06443
1.03414
1.00718
0.983664
0.959327
0.933363
0.908635
0.887092
0.868973
0.853947
0.841403
0.83077
0.821574
0.813367
0.805782
0.798486
0.791126
0.783358
0.775165
0.766962
0.759069
0.751577
0.744517
0.73787
0.731599
0.725674
0.720058
0.714714
0.709592
0.704633
0.699785
0.693157
0.683308
0.673346
1.19988
1.2302
1.24277
1.23637
1.22618
1.21291
1.19586
1.17694
1.15651
1.1363
1.11766
1.10013
1.08268
1.06501
1.04743
1.03026
1.01369
0.997838
0.982743
0.968433
0.955033
0.943063
0.93195
0.919477
0.905871
0.890995
0.874517
0.856616
0.837541
0.817646
0.797385
0.777214
0.75758
0.738889
0.72148
0.705624
0.691686
0.679433
0.67465
1.24285
1.26246
1.2503
1.23108
1.2077
1.17929
1.14553
1.11701
1.09243
1.06643
1.03897
1.01343
0.991547
0.973246
0.958068
0.945354
0.934521
0.92511
0.916672
0.90883
0.901244
0.893544
0.885337
0.876541
0.86761
0.85891
0.850558
0.842587
0.83498
0.827709
0.820733
0.814034
0.807562
0.801264
0.79507
0.78907
0.782087
0.772537
0.762109
1.30174
1.31202
1.31117
1.29815
1.2827
1.26514
1.24472
1.22307
1.19937
1.17656
1.15681
1.13829
1.11964
1.10086
1.08237
1.06445
1.04715
1.03044
1.01427
0.998627
0.983541
0.969534
0.957284
0.946053
0.935058
0.923849
0.91177
0.898504
0.883893
0.867857
0.850454
0.831832
0.812216
0.791854
0.770993
0.749809
0.728549
0.706683
0.691257
1.31375
1.31025
1.2984
1.2793
1.25565
1.22647
1.19056
1.1616
1.13862
1.11479
1.08977
1.06674
1.04708
1.03044
1.01643
1.00453
0.994244
0.985212
0.97703
0.969367
0.961881
0.954215
0.945959
0.936992
0.927688
0.918472
0.909502
0.900793
0.892364
0.884168
0.876205
0.868445
0.860828
0.853314
0.845779
0.838268
0.830416
0.821359
0.81164
1.37109
1.38041
1.37696
1.3632
1.34694
1.32748
1.30462
1.28047
1.2532
1.22657
1.20523
1.18644
1.16758
1.14863
1.13
1.11185
1.09412
1.07671
1.05954
1.04257
1.02583
1.00973
0.994908
0.981389
0.968824
0.956723
0.944569
0.932096
0.919089
0.905315
0.890595
0.874765
0.857721
0.839387
0.819667
0.798388
0.77537
0.749505
0.726701
1.37753
1.3776
1.36577
1.34602
1.32091
1.28952
1.2497
1.21827
1.1962
1.17604
1.15423
1.13386
1.11623
1.10095
1.0878
1.0764
1.06643
1.05754
1.04942
1.04174
1.03417
1.02634
1.01784
1.00849
0.998611
0.988689
0.978886
0.969274
0.959836
0.950565
0.941461
0.932481
0.923611
0.914773
0.905841
0.896747
0.887122
0.876286
0.865518
1.46888
1.49128
1.49871
1.48954
1.47361
1.45171
1.42532
1.3973
1.36513
1.33433
1.30912
1.28561
1.26164
1.2383
1.2159
1.19439
1.17351
1.15311
1.13305
1.11327
1.09389
1.07539
1.05726
1.03969
1.02311
1.00703
0.991202
0.975572
0.960088
0.94481
0.929362
0.913489
0.896934
0.879377
0.860464
0.839701
0.816539
0.789383
0.762354
1.50096
1.51565
1.50251
1.47983
1.45068
1.41414
1.3676
1.33179
1.30384
1.27966
1.25536
1.23334
1.21438
1.1979
1.18365
1.17125
1.16033
1.15057
1.14161
1.13309
1.12468
1.11595
1.10645
1.09594
1.0848
1.07353
1.06235
1.05132
1.04041
1.02963
1.01898
1.00842
0.997933
0.987452
0.976802
0.96571
0.954193
0.941169
0.927953
1.62217
1.65385
1.66936
1.66222
1.64425
1.61883
1.58868
1.55689
1.52022
1.48762
1.45344
1.41998
1.38704
1.35584
1.32645
1.29863
1.27197
1.24622
1.22125
1.19704
1.17368
1.15192
1.13
1.10855
1.08822
1.06829
1.04842
1.02859
1.00882
0.989809
0.9711
0.952622
0.934237
0.915678
0.896542
0.87622
0.853989
0.828178
0.800206
1.67374
1.69228
1.67851
1.654
1.62217
1.58207
1.53029
1.49189
1.44916
1.414
1.38244
1.35511
1.3322
1.31273
1.29614
1.28187
1.26941
1.25835
1.24822
1.23863
1.22917
1.21939
1.20876
1.19699
1.18447
1.17181
1.1592
1.14667
1.13424
1.12186
1.10953
1.09726
1.08498
1.07262
1.06008
1.047
1.03312
1.01783
1.00194
1.66549
1.63426
1.61621
1.59567
1.57065
1.54179
1.5104
1.47858
1.4413
1.41229
1.37375
1.3331
1.29328
1.2564
1.22216
1.19033
1.1604
1.13211
1.10529
1.07991
1.05611
1.03371
1.0175
1.00587
0.997258
0.990458
0.984132
0.977853
0.970839
0.962874
0.954373
0.944784
0.934141
0.922381
0.90934
0.894653
0.877822
0.857723
0.832862
1.64262
1.60804
1.59332
1.56884
1.53715
1.49751
1.44537
1.41237
1.36069
1.31495
1.27609
1.24345
1.21693
1.19501
1.17681
1.16144
1.14823
1.13666
1.1262
1.11639
1.10681
1.09699
1.0864
1.07472
1.06234
1.04985
1.03748
1.02526
1.01315
1.00113
0.989218
0.977374
0.965558
0.953706
0.941709
0.929308
0.916079
0.902636
0.891411
1.68436
1.69182
1.68818
1.67426
1.65385
1.62784
1.5982
1.56788
1.53038
1.50667
1.45852
1.40466
1.3536
1.308
1.26654
1.22872
1.19374
1.16115
1.13061
1.1018
1.07464
1.05066
1.0299
1.01263
0.998459
0.986557
0.97595
0.966717
0.958175
0.949589
0.942011
0.934428
0.926609
0.918378
0.909459
0.899457
0.88795
0.874409
0.85512
1.69211
1.69579
1.68182
1.65842
1.62764
1.58921
1.53696
1.51046
1.43934
1.37723
1.32783
1.28799
1.25665
1.23137
1.21079
1.19364
1.17905
1.16636
1.15496
1.14431
1.13394
1.12334
1.11194
1.09941
1.08618
1.0729
1.05982
1.04696
1.03425
1.02169
1.00927
0.996956
0.984699
0.972438
0.960046
0.947302
0.933829
0.918481
0.902834
1.82082
1.845
1.85008
1.8393
1.8198
1.79309
1.76201
1.73018
1.68925
1.66881
1.60688
1.5436
1.48247
1.42802
1.37913
1.33531
1.29551
1.25918
1.22591
1.19552
1.16713
1.13834
1.11118
1.0868
1.06514
1.04503
1.02613
1.00838
0.992061
0.977011
0.962983
0.950278
0.938432
0.927301
0.916607
0.90599
0.895149
0.884174
0.869518
1.85425
1.86806
1.85406
1.82974
1.79755
1.75732
1.70111
1.67786
1.58308
1.50398
1.44113
1.39134
1.35281
1.32215
1.29739
1.2769
1.25955
1.24452
1.23106
1.21852
1.20635
1.19396
1.18069
1.16627
1.15123
1.13634
1.12179
1.10761
1.09374
1.08015
1.06684
1.05378
1.04091
1.02815
1.01539
1.0024
0.988908
0.973832
0.958254
1.98549
1.99941
2.00313
1.98915
1.96591
1.93608
1.90243
1.86834
1.82319
1.8067
1.73385
1.651
1.57139
1.50318
1.44347
1.39105
1.34422
1.30206
1.26374
1.2282
1.19456
1.16305
1.134
1.10816
1.08553
1.06464
1.04474
1.02561
1.0074
0.990542
0.974384
0.959414
0.945352
0.932166
0.919691
0.907676
0.895975
0.8852
0.873312
2.01412
2.01651
2.00134
1.97558
1.94158
1.89907
1.83863
1.81921
1.69727
1.58729
1.5052
1.44206
1.39419
1.35663
1.32673
1.30224
1.28172
1.2641
1.24844
1.23397
1.22
1.20588
1.19081
1.17449
1.15753
1.14084
1.12465
1.10894
1.09365
1.07873
1.06417
1.0499
1.03587
1.02198
1.00809
0.993933
0.979189
0.962751
0.945518
2.06206
2.03987
2.02208
2.00091
1.9753
1.94505
1.91188
1.87887
1.83296
1.82386
1.73482
1.63417
1.53957
1.46032
1.39221
1.33344
1.28154
1.23532
1.19429
1.15852
1.12817
1.10243
1.08059
1.06216
1.04676
1.03314
1.01983
1.007
0.994265
0.981154
0.968635
0.956207
0.943966
0.931911
0.919992
0.908053
0.89601
0.88449
0.873352
2.044
2.0209
2.00518
1.97985
1.94634
1.90464
1.8441
1.8306
1.68118
1.54535
1.44702
1.37279
1.31763
1.27495
1.24141
1.21423
1.19166
1.17244
1.15549
1.13993
1.12504
1.11006
1.09422
1.07716
1.05956
1.04238
1.02589
1.01005
0.994794
0.980061
0.965813
0.951993
0.938526
0.925316
0.912223
0.898983
0.885273
0.870111
0.854766
2.06496
2.03878
2.01859
1.99827
1.9745
1.94579
1.91383
1.88196
1.83543
1.83258
1.73134
1.61721
1.50683
1.41748
1.34299
1.28055
1.22743
1.18143
1.14138
1.10695
1.07752
1.05247
1.03141
1.01392
0.999616
0.987601
0.976281
0.966143
0.956903
0.946324
0.936839
0.927716
0.918585
0.909451
0.900212
0.89068
0.880661
0.870577
0.861312
2.03856
2.01898
2.00295
1.97789
1.94467
1.90335
1.84268
1.83467
1.66222
1.50082
1.38605
1.30059
1.23724
1.18802
1.14918
1.11763
1.09137
1.06899
1.04923
1.03109
1.01372
0.996281
0.977856
0.958105
0.937951
0.918528
0.900148
0.88275
0.866253
0.850591
0.835701
0.821515
0.807935
0.79485
0.782107
0.769457
0.756576
0.742734
0.728209
2.23654
2.25088
2.24325
2.2272
2.20598
2.17887
2.14802
2.11721
2.07094
2.08011
1.94734
1.80341
1.66791
1.56108
1.47426
1.40297
1.3415
1.28714
1.23827
1.19399
1.15391
1.1181
1.08679
1.06024
1.03792
1.01821
1.00004
0.983117
0.967778
0.953223
0.939409
0.926717
0.914659
0.903158
0.892028
0.880995
0.869737
0.858363
0.848149
2.24786
2.25082
2.23617
2.21247
2.18085
2.1414
2.08285
2.08678
1.86217
1.6587
1.51657
1.41134
1.33378
1.27407
1.22753
1.19025
1.15967
1.13399
1.11164
1.09143
1.07238
1.05356
1.03404
1.0135
0.992979
0.973614
0.955665
0.938997
0.92346
0.908938
0.895321
0.882503
0.870359
0.858741
0.84749
0.836353
0.824977
0.812854
0.800509
2.42013
2.40751
2.39512
2.37835
2.35727
2.33097
2.30122
2.2715
2.22562
2.24531
2.0786
1.9026
1.73967
1.61397
1.51366
1.43245
1.36438
1.30608
1.25527
1.21043
1.17059
1.13533
1.10455
1.07835
1.05621
1.03646
1.01795
1.00019
0.98381
0.968551
0.953368
0.939208
0.925651
0.912595
0.899871
0.887191
0.874199
0.860573
0.848333
2.41137
2.39991
2.38556
2.36267
2.33214
2.29389
2.23712
2.24687
1.96618
1.70764
1.52882
1.39969
1.30766
1.23938
1.18816
1.14859
1.11717
1.0916
1.06999
1.05097
1.0335
1.01669
0.999669
0.982144
0.964954
0.949081
0.934668
0.921486
0.909355
0.898092
0.887582
0.877687
0.868289
0.859257
0.850437
0.841612
0.832399
0.822599
0.8123
2.55464
2.53912
2.52709
2.51193
2.49302
2.46934
2.44254
2.41548
2.37297
2.39925
2.18563
1.96374
1.76082
1.61133
1.49638
1.40651
1.33348
1.27273
1.22121
1.1769
1.13844
1.10504
1.07629
1.05204
1.03193
1.01443
0.998001
0.98253
0.968172
0.9541
0.940748
0.928071
0.915889
0.904094
0.89253
0.880924
0.868903
0.855813
0.843566
2.54226
2.53064
2.51706
2.49608
2.46804
2.43267
2.38158
2.38785
2.01568
1.66828
1.44537
1.2979
1.20161
1.13561
1.08936
1.05561
1.03007
1.01004
0.993625
0.979484
0.966723
0.954534
0.942216
0.929722
0.917812
0.906863
0.896762
0.887341
0.878462
0.869963
0.861781
0.853812
0.845976
0.838173
0.830274
0.822088
0.813183
0.803536
0.793293
2.83702
2.83843
2.8315
2.82133
2.80791
2.79067
2.77091
2.75087
2.72215
2.75793
2.46034
2.16866
1.91274
1.72807
1.58885
1.48142
1.39486
1.32326
1.26282
1.21107
1.16639
1.12786
1.09496
1.06745
1.04473
1.02497
1.00669
0.989494
0.973488
0.95846
0.944104
0.930526
0.917592
0.905169
0.893092
0.881077
0.868728
0.855149
0.842041
2.83753
2.83501
2.82559
2.81049
2.79023
2.76444
2.73102
2.74585
2.2338
1.82568
1.61116
1.49921
1.44237
1.41167
1.39471
1.38501
1.37935
1.37598
1.37404
1.3729
1.37239
1.37222
1.37229
1.3724
1.37245
1.37235
1.37198
1.37133
1.37028
1.3689
1.36714
1.36503
1.36257
1.35977
1.3566
1.35302
1.34877
1.34407
1.33699
3.26809
3.27029
3.26858
3.2645
3.2591
3.25212
3.24404
3.23586
3.22682
3.25524
2.83453
2.44561
2.11296
1.87938
1.70775
1.57765
1.47422
1.38955
1.31868
1.25843
1.20677
1.16249
1.12491
1.09366
1.06788
1.04544
1.02487
1.00545
0.987387
0.97109
0.955097
0.940172
0.925966
0.912377
0.899217
0.886173
0.872812
0.858141
0.843649
3.2703
3.27003
3.2666
3.26072
3.25279
3.2426
3.23172
3.24629
2.76441
2.507
2.43992
2.43113
2.44136
2.45438
2.46673
2.47753
2.48693
2.49518
2.50261
2.50951
2.51619
2.52289
2.52975
2.53642
2.54229
2.54731
2.5515
2.55497
2.5577
2.5598
2.56129
2.56223
2.56264
2.56263
2.56224
2.56146
2.56022
2.5587
2.55433
54.0535
92.3713
75.3716
52.277
41.8047
6624.05
1.04892e+06
5.47034e+06
1055.54
1.00334e+08
1.10945e+09
3.03837e+09
5.49456e+09
5.65596e+09
1.42392e+06
44.5669
9.1604
3.21857
1e-15
0.630144
2.10672
3.78715
5.4074
7.39481
10.924
11.0808
11.6706
17.8381
77.1975
518.645
3020.61
13755.3
48459.7
131355
267395
398883
440653
379340
270857
168985
95636.3
50325.7
25012.3
11859.6
5396.95
2364.6
999.146
407.876
161.34
62.2132
23.699
9.21159
3.91929
2.0322
1.36685
1.12577
1.02572
0.96892
0.922661
0.877772
0.828807
0.774484
0.722776
0.684995
0.673105
0.686321
0.718123
0.750983
0.786777
0.818584
0.84135
0.857172
0.862389
0.863612
0.852857
0.839815
0.839975
0.835656
0.83409
0.835131
120.702
87.2316
9.89577
0.679813
1.5869
3.38798
3.99771
4.05694
3.97023
3.84552
3.70662
3.55913
3.40621
3.25228
3.10421
2.9683
2.84671
2.73784
2.63964
2.55129
2.4722
2.40129
2.33718
2.27824
2.22275
2.16935
2.11712
2.06588
2.0161
1.9684
1.92318
1.8805
1.84007
1.80132
1.76338
1.72539
1.68669
1.64698
1.60625
1.56472
1.52276
1.48075
1.43901
1.39772
1.35682
1.31608
1.27624
1.23263
1.19178
1.15703
1.12321
1.08383
1.03978
0.993848
0.945237
0.89289
0.837887
0.78216
0.724629
0.684844
0.588085
0.524309
0.559586
0.668664
0.75618
0.804663
0.858009
0.919433
0.992693
0.882516
0.894418
0.948174
0.935674
0.845214
0.71786
0.792649
0.805967
0.788493
1.33303
2.5482
22.6331
39.4517
54.3103
59.4098
56.5667
817.392
100081
280609
176940
3.34862e+06
2.04484e+08
1.34494e+09
3.31172e+09
3.59059e+09
8.22329e+08
17.7988
4.30759
2.61324
0.757001
1e-15
0.0785892
0.147863
0.220886
0.315914
0.487862
0.51713
0.568906
0.907903
4.10006
35.788
36.9847
485.525
3638.03
19647
73412.6
178343
279917
303996
251414
171885
103018
56272.3
28709.5
13884.9
6419.44
2849.1
1216.69
501.036
199.595
77.3371
29.4729
11.3412
4.67564
2.28836
1.44735
1.14713
1.02829
0.966199
0.919021
0.874445
0.826388
0.773203
0.721936
0.683369
0.669602
0.680802
0.711096
0.742924
0.778061
0.809998
0.833489
0.849786
0.855467
0.857166
0.847184
0.834371
0.834334
0.830543
0.829207
0.830033
24.0272
19.6627
3.20325
2.7093
3.24704
3.78735
3.92694
3.87493
3.76631
3.63955
3.50426
3.3656
3.22836
3.09628
2.97219
2.85773
2.75298
2.65717
2.56961
2.48995
2.41776
2.35215
2.29197
2.23587
2.18246
2.13069
2.08
2.03043
1.98242
1.93643
1.89273
1.85133
1.812
1.77416
1.73699
1.69969
1.66168
1.62271
1.58282
1.54224
1.50133
1.46042
1.4198
1.37957
1.33966
1.29984
1.26082
1.21814
1.17814
1.14398
1.11063
1.0718
1.02843
0.983207
0.935271
0.883644
0.82944
0.774532
0.717761
0.678523
0.582719
0.519788
0.554927
0.663744
0.750809
0.798928
0.851751
0.912495
0.985442
0.875765
0.888211
0.940815
0.928753
0.838424
0.710535
0.787445
0.80246
0.785485
1.33292
2.54965
1.5015
1.82432
9.15426
19.8588
29.5595
166.001
16538.3
57839.3
68302.6
463511
2.61475e+07
2.84146e+08
1.13634e+09
1.88433e+09
7.5888e+07
176.058
0.494853
17.8538
5.41091
1.3563
1e-15
1e-15
1e-15
1e-15
1e-15
1e-15
1e-15
1e-15
1e-15
1e-15
2.05676
61.1946
175.58
2134.58
15401.8
64511.8
152446
219538
218752
168778
109392
62896
33221.5
16468.5
7754.98
3490.97
1507.85
626.746
251.576
98.0069
37.4051
14.2806
5.72474
2.64606
1.56143
1.17883
1.03358
0.963831
0.915046
0.870623
0.823441
0.771394
0.720631
0.681342
0.66562
0.674681
0.703453
0.734323
0.769004
0.801229
0.825588
0.842549
0.848757
0.850732
0.841462
0.828826
0.828443
0.825004
0.823805
0.824415
3.27592
6.3057
3.10252
3.22499
3.39025
3.52912
3.54074
3.48362
3.39993
3.30508
3.20472
3.10315
3.00348
2.90703
2.81423
2.72546
2.64115
2.56169
2.48739
2.41848
2.3548
2.2958
2.24065
2.18832
2.13782
2.08844
2.03997
1.99261
1.94674
1.90271
1.86073
1.82082
1.78277
1.74601
1.70973
1.67319
1.63593
1.59775
1.55875
1.51918
1.47935
1.43959
1.4001
1.36095
1.32204
1.28316
1.24499
1.20328
1.16417
1.13063
1.09777
1.05947
1.01679
0.972269
0.925001
0.874094
0.820696
0.766615
0.710612
0.67193
0.577092
0.51502
0.550054
0.658576
0.745099
0.792954
0.845277
0.905419
0.977982
0.868709
0.881598
0.93308
0.921385
0.831295
0.702849
0.782097
0.79899
0.782763
1.33336
2.55177
0.241113
0.102568
0.133231
0.924064
2.73328
35.7718
3460.22
14574
24678.7
111293
5.29433e+06
6.3502e+07
3.13015e+08
7.12195e+08
1.71277e+08
2531.04
581.422
17.6468
14.4201
4.69206
1.27825
1e-15
0.350397
0.573494
1e-15
1e-15
1e-15
1e-15
1e-15
1e-15
1e-15
1e-15
31.952
115.594
2201.93
17397.5
67115.9
137018
172923
156238
112523
69431.6
38466.7
19704.5
9495.49
4347.63
1902.62
799.195
323.526
126.828
48.5304
18.4228
7.21001
3.15603
1.72662
1.22697
1.0439
0.962872
0.91141
0.866869
0.820507
0.769606
0.719409
0.679474
0.661812
0.668637
0.695725
0.725513
0.759656
0.792079
0.817259
0.834929
0.84174
0.844063
0.835531
0.823116
0.822406
0.81933
0.818291
0.818678
3.29149
3.61092
2.91244
2.94567
3.02435
3.06758
3.06523
3.03321
2.9869
2.9338
2.87702
2.81875
2.75986
2.70005
2.63904
2.57718
2.51529
2.45434
2.39528
2.3387
2.28483
2.23351
2.18432
2.13667
2.08992
2.04376
1.99824
1.95362
1.91023
1.86833
1.82814
1.78973
1.75295
1.71722
1.68182
1.6461
1.60965
1.57237
1.53436
1.49586
1.45718
1.41858
1.38021
1.34213
1.30422
1.26628
1.22898
1.18827
1.15009
1.11719
1.08481
1.04706
1.00506
0.961248
0.914659
0.864486
0.811917
0.758682
0.703457
0.665331
0.571467
0.510266
0.545206
0.653397
0.739356
0.786905
0.838735
0.898275
0.970408
0.861497
0.874762
0.925147
0.91378
0.823915
0.69495
0.776737
0.795597
0.780172
1.33413
2.55441
2.46117
1.48744
0.19418
0.0663819
1.26463
5.31698
792.861
3963.35
8690.04
32546
1.28465e+06
1.63009e+07
8.99044e+07
2.48371e+08
1.42677e+08
8847.15
2030.91
5.83485
16.1663
13.2109
7.19824
3.65933
9.78277
15.2995
3.62774
1e-15
1e-15
1e-15
1e-15
1e-15
1e-15
1e-15
1e-15
21.3641
77.8019
2753.45
20680.4
67884.6
118079
131951
109522
74378.1
43991
23570
11718.8
5486.82
2441.39
1038.78
424.758
167.766
64.4402
24.3765
9.35377
3.8963
1.96923
1.30003
1.06177
0.96397
0.908174
0.86307
0.817419
0.767654
0.718087
0.677594
0.658027
0.662542
0.687816
0.71642
0.74998
0.782554
0.808541
0.826976
0.834458
0.837161
0.829372
0.81721
0.816172
0.813446
0.812579
0.812742
3.19308
2.78835
2.56161
2.61519
2.6512
2.66671
2.66482
2.65002
2.62916
2.60576
2.58083
2.55466
2.52658
2.49547
2.46076
2.42258
2.38165
2.33896
2.29551
2.25199
2.20879
2.1661
2.12383
2.08173
2.03954
1.99728
1.95522
1.91369
1.87298
1.83335
1.79505
1.75821
1.72268
1.68795
1.65338
1.61844
1.58279
1.5464
1.50939
1.47197
1.43443
1.39697
1.35972
1.32268
1.28578
1.2488
1.21238
1.17271
1.13548
1.10324
1.07134
1.03413
0.99284
0.949748
0.903854
0.854442
0.802732
0.750373
0.695954
0.658401
0.565538
0.505243
0.540121
0.647973
0.733371
0.780609
0.831989
0.890961
0.962648
0.854075
0.867669
0.916987
0.905909
0.816279
0.686792
0.771317
0.792189
0.777553
1.335
2.55711
2.84277
2.66377
2.18437
1.41609
0.41173
1.0033
190.701
1117.3
3006.28
10523.6
342929
1.26323e+06
2.91226e+06
3.08188e+06
1.65147e+06
383047
1e-15
0.159453
0.463388
1.39299
4.63761
6.1165
23.9665
14.935
8.14319
2.28533
1e-15
1e-15
1e-15
1e-15
1e-15
1e-15
1e-15
1e-15
4.56051
616.586
2420.2
18817.9
58047.6
92759.3
96032.4
75103.8
48760.8
27825.7
14450.4
6977.18
3174.84
1373.7
568.941
226.838
87.6068
33.0999
12.5102
4.99223
2.33196
1.41205
1.09169
0.968538
0.905799
0.859398
0.814267
0.765601
0.716713
0.675752
0.654328
0.656466
0.679789
0.707097
0.740015
0.772681
0.799449
0.8187
0.826921
0.830047
0.823008
0.811133
0.809771
0.807377
0.806692
0.806632
2.734
2.42086
2.36818
2.38739
2.39048
2.38695
2.37877
2.36741
2.35614
2.34626
2.33742
2.32878
2.31893
2.30632
2.29003
2.26979
2.2459
2.21901
2.18981
2.15881
2.12639
2.09285
2.05832
2.02273
1.98606
1.94854
1.91058
1.87255
1.83479
1.79758
1.76128
1.72606
1.69183
1.65814
1.62447
1.59037
1.5556
1.52016
1.48415
1.44781
1.41137
1.37501
1.33883
1.30282
1.2669
1.23088
1.19537
1.15675
1.1205
1.08892
1.05748
1.02082
0.980234
0.937872
0.892688
0.844057
0.793231
0.741774
0.688182
0.651216
0.559376
0.500016
0.534856
0.642356
0.727192
0.774112
0.825091
0.883525
0.954744
0.84648
0.860348
0.908625
0.8978
0.808413
0.678405
0.765874
0.788792
0.774916
1.33598
2.55987
2.63825
2.69879
2.69668
2.49994
2.0509
1.70033
46.2511
308.566
989.716
2629.53
6996.45
24663.7
24.6952
73.0181
37375.5
1.09157
1e-15
1e-15
1e-15
1e-15
0.139964
1e-15
1.12591
1.56459
3.50749
13.7323
3.67628
0.973847
1e-15
1e-15
1e-15
1e-15
1e-15
1e-15
1e-15
1e-15
286.566
746.831
8362.09
32362.5
58945.8
63456.7
49392.2
31423.2
17486.8
8843.15
4156.02
1840.71
775.608
313.113
121.877
46.1152
17.2499
6.64797
2.88481
1.58611
1.14099
0.978811
0.904934
0.856028
0.811086
0.763445
0.715275
0.673941
0.650722
0.650432
0.671669
0.697562
0.729767
0.76246
0.789974
0.810087
0.819121
0.822715
0.816436
0.804884
0.803204
0.801124
0.800632
0.800349
2.46296
2.3112
2.27907
2.26036
2.23768
2.21574
2.19549
2.17774
2.1642
2.15509
2.14956
2.1464
2.14397
2.14057
2.13491
2.12626
2.11446
2.09972
2.08227
2.06221
2.03975
2.01516
1.98858
1.96001
1.9295
1.89736
1.86405
1.83
1.79555
1.76108
1.72699
1.69353
1.66066
1.62806
1.59531
1.56209
1.52823
1.49374
1.45875
1.42346
1.38808
1.35279
1.31764
1.28263
1.24768
1.21263
1.17801
1.14046
1.10518
1.07426
1.04327
1.00716
0.967267
0.92564
0.881174
0.833339
0.78342
0.732886
0.680141
0.643773
0.552978
0.494582
0.529405
0.636539
0.720813
0.767414
0.818047
0.875975
0.946705
0.838718
0.852802
0.900061
0.88946
0.800321
0.669795
0.760428
0.785416
0.772265
1.33705
2.56268
2.48159
2.52553
2.59002
2.61971
2.54729
2.37756
12.5365
84.0072
310.85
118.939
1e-15
12.3554
54.7708
20.6658
27.8606
48.2578
11.8739
1e-15
1e-15
1e-15
1e-15
1e-15
1e-15
0.0520828
1e-15
4.34833
18.4402
24.5379
5.63656
1e-15
1e-15
1e-15
1e-15
1e-15
1e-15
1e-15
1e-15
45.9435
823.39
1577.22
9466.13
25044
34125.2
29473.4
19371.2
10776.2
5369.65
2471.08
1068.94
439.47
173.097
65.8369
24.5019
9.20132
3.74494
1.86112
1.22207
0.998597
0.906692
0.853261
0.807945
0.761187
0.713757
0.672149
0.647215
0.644464
0.663484
0.687836
0.719247
0.751891
0.780109
0.801124
0.811045
0.815162
0.809656
0.798463
0.796471
0.794686
0.794396
0.793894
2.3527
2.28821
2.24611
2.20158
2.15944
2.12093
2.0868
2.05796
2.03556
2.0196
2.00926
2.00347
2.00075
1.99943
1.99794
1.99519
1.99066
1.98418
1.9755
1.96426
1.95036
1.93394
1.91504
1.89356
1.8695
1.84313
1.81489
1.78522
1.7545
1.72316
1.69166
1.66028
1.62904
1.59774
1.56608
1.53386
1.50096
1.46744
1.43343
1.39913
1.36475
1.33045
1.29628
1.26223
1.22823
1.19412
1.16039
1.12389
1.08958
1.0593
1.02875
0.993156
0.953966
0.91307
0.869324
0.822297
0.773303
0.723711
0.671832
0.636072
0.546343
0.488936
0.52376
0.630518
0.71423
0.76052
0.81087
0.868319
0.938546
0.830801
0.845036
0.891298
0.880897
0.792011
0.660973
0.754997
0.782071
0.769596
1.33822
2.56551
2.44347
2.44906
2.47242
2.50883
2.53741
2.52571
4.85033
23.869
95.4471
22.9564
1e-15
1e-15
1.02646
6.97306
31.0464
39.4852
28.1855
6.96437
0.798507
1e-15
1e-15
1e-15
1e-15
1e-15
1e-15
5.56795
26.5082
26.0764
9.21414
2.2497
1e-15
1e-15
1e-15
1e-15
1e-15
1e-15
1e-15
1e-15
1e-15
119.147
97.4649
1712.83
7223.6
14206.6
15263.4
11094.2
6401.62
3205.24
1459.51
619.913
249.298
95.9379
35.7598
13.2139
5.11111
2.304
1.35652
1.03456
0.913045
0.851647
0.804984
0.758853
0.712154
0.670368
0.643814
0.638589
0.655265
0.67795
0.708472
0.740982
0.769851
0.791799
0.802683
0.807382
0.802665
0.791867
0.789575
0.788063
0.787984
0.787268
2.35025
2.29509
2.2413
2.18369
2.12813
2.07643
2.02944
1.98841
1.95447
1.92791
1.90827
1.89492
1.88684
1.88251
1.88023
1.87867
1.87712
1.87516
1.87212
1.86721
1.86
1.85044
1.8384
1.82362
1.80592
1.78544
1.76254
1.73761
1.71104
1.68328
1.65478
1.62586
1.59659
1.56687
1.53655
1.50551
1.4737
1.44122
1.40821
1.3749
1.34149
1.30814
1.2749
1.24177
1.20868
1.17547
1.1426
1.10714
1.07377
1.04411
1.01395
0.97887
0.940365
0.900189
0.85716
0.810946
0.762889
0.714257
0.663259
0.628113
0.539473
0.48308
0.517918
0.62429
0.707443
0.753436
0.803574
0.86057
0.930282
0.822741
0.837062
0.882343
0.872124
0.783491
0.65195
0.749603
0.778766
0.766915
1.33947
2.56837
2.43535
2.4487
2.43757
2.43717
2.45057
2.46815
3.02319
8.03018
29.7964
7.18819
1e-15
1e-15
1e-15
1e-15
1.62573
4.50603
5.63522
17.8008
33.3452
8.34139
0.186674
0.0664016
1e-15
1e-15
1e-15
1e-15
2.81228
8.95817
7.84997
6.80791
1.80295
1e-15
1e-15
1e-15
1e-15
1e-15
1e-15
1e-15
1e-15
1e-15
6.28741
146.423
175.122
1600.66
4782.03
6867.96
5845.98
3626.93
1864.36
850.464
357.189
141.09
53.2502
19.5922
7.31893
3.03098
1.58243
1.09861
0.927548
0.852195
0.80247
0.756504
0.710471
0.668594
0.640529
0.632834
0.647049
0.667939
0.697466
0.729744
0.759199
0.7821
0.794021
0.799369
0.79546
0.785097
0.782519
0.781256
0.781397
0.780472
2.362
2.31256
2.24925
2.18573
2.12319
2.06259
2.00555
1.95366
1.90826
1.87014
1.83936
1.8159
1.79937
1.78858
1.78186
1.77778
1.77558
1.77475
1.77431
1.7731
1.77042
1.76601
1.75957
1.75063
1.7388
1.72404
1.70654
1.68662
1.6646
1.64088
1.61588
1.58989
1.56302
1.53528
1.50661
1.47698
1.44642
1.41508
1.38313
1.35082
1.31838
1.28595
1.25361
1.22136
1.18914
1.1568
1.12474
1.09029
1.05783
1.02875
0.998953
0.96435
0.926506
0.88703
0.844707
0.799305
0.752193
0.704534
0.654433
0.619906
0.532374
0.477014
0.511877
0.617854
0.700452
0.746172
0.796173
0.852743
0.921936
0.814555
0.828891
0.873203
0.863156
0.774772
0.64274
0.744269
0.775513
0.76422
1.34081
2.57123
2.44324
2.43655
2.4208
2.40303
2.3926
2.39207
2.52304
3.81514
10.1764
2.46201
1e-15
1e-15
1e-15
1e-15
1e-15
0.0895182
2.8851
12.9098
27.4392
26.031
7.39764
2.50829
0.573673
1e-15
1e-15
1e-15
1e-15
0.828554
2.4421
1.48745
8.54583
2.26716
0.00214239
1e-15
1e-15
1e-15
1e-15
1e-15
1e-15
1e-15
1e-15
1e-15
11.797
157.004
253.863
1358.98
2730.91
2842.57
1953.33
1050.63
486.089
203.533
79.468
29.6293
10.9053
4.23989
1.96708
1.21226
0.956716
0.856776
0.800908
0.754258
0.708724
0.666818
0.637359
0.627223
0.638874
0.657843
0.686253
0.718189
0.748149
0.772012
0.785042
0.791112
0.788038
0.778151
0.775305
0.774268
0.774634
0.773509
2.39557
2.32893
2.26104
2.19667
2.13128
2.06599
2.00242
1.94232
1.88725
1.83847
1.79656
1.76218
1.73565
1.71628
1.70257
1.69314
1.68733
1.68466
1.684
1.68393
1.68351
1.68235
1.67996
1.67565
1.66883
1.65925
1.64692
1.632
1.61472
1.59536
1.57427
1.55166
1.52768
1.50237
1.47576
1.44788
1.41885
1.38884
1.3581
1.32688
1.29545
1.26396
1.23251
1.20111
1.16972
1.13821
1.10691
1.07342
1.04183
1.01329
0.98381
0.949651
0.912436
0.87363
0.831994
0.787396
0.741233
0.694556
0.645363
0.611456
0.525049
0.47074
0.505635
0.611207
0.693257
0.738736
0.78868
0.844847
0.913525
0.806256
0.820534
0.863883
0.854009
0.765864
0.63336
0.739019
0.772323
0.761511
1.34222
2.57411
2.42703
2.45016
2.42552
2.39721
2.37247
2.35302
2.36835
2.68227
4.46197
1.08247
1e-15
1e-15
1e-15
1e-15
1e-15
1e-15
1e-15
2.40614
9.55956
18.4823
15.6007
3.9775
0.407639
1e-15
1e-15
1e-15
1e-15
1e-15
0.0865571
0.758146
3.37868
10.82
0.0508189
0.0728572
1e-15
1e-15
1e-15
1e-15
1e-15
1e-15
1e-15
1e-15
1e-15
1e-15
17.846
152.793
307.666
960.652
1276.06
997.954
571.49
271.389
114.333
44.508
16.5829
6.23846
2.62445
1.4138
1.01252
0.868903
0.801259
0.752355
0.706952
0.665036
0.634304
0.621777
0.630776
0.647698
0.674862
0.706327
0.736698
0.761517
0.775726
0.782597
0.780395
0.771028
0.767937
0.767101
0.767698
0.76638
2.36979
2.3328
2.27128
2.20806
2.14332
2.07692
2.01032
1.9452
1.88318
1.82582
1.77412
1.72932
1.69252
1.66358
1.64132
1.62457
1.61288
1.60592
1.60255
1.60124
1.60092
1.60105
1.60101
1.59993
1.59702
1.59182
1.58415
1.57398
1.56138
1.54651
1.52957
1.51071
1.49002
1.46759
1.44346
1.41774
1.39058
1.36221
1.3329
1.30295
1.27264
1.24216
1.21163
1.18109
1.1505
1.11978
1.08919
1.05662
1.02586
0.997808
0.968595
0.934836
0.898203
0.860027
0.819051
0.775242
0.730025
0.684336
0.636059
0.602769
0.517503
0.464256
0.499184
0.604342
0.685852
0.731134
0.781107
0.836891
0.905067
0.797853
0.811999
0.854391
0.844701
0.756783
0.623831
0.733878
0.769206
0.75879
1.34372
2.57698
2.42534
2.42885
2.41625
2.39339
2.36556
2.33809
2.31888
2.37424
2.83419
0.689373
1e-15
1e-15
1e-15
1e-15
1e-15
1e-15
1e-15
1e-15
0.765486
2.52671
3.75555
12.6712
16.0169
4.10266
1e-15
1e-15
1e-15
1e-15
1e-15
1e-15
1.13443
4.85063
11.2199
1.46677
0.395719
1e-15
1e-15
1e-15
1e-15
1e-15
1e-15
1e-15
1e-15
1e-15
1e-15
1e-15
26.3327
21.7554
284.161
522.759
480.834
298.615
147.407
63.1526
24.7924
9.38927
3.72291
1.76687
1.11628
0.895126
0.805395
0.751288
0.705269
0.66326
0.631369
0.616519
0.622796
0.637554
0.663328
0.69418
0.724849
0.750604
0.766055
0.773816
0.772528
0.763732
0.760421
0.75976
0.760589
0.759087
2.37602
2.33296
2.27426
2.21612
2.15403
2.08913
2.02245
1.95538
1.8894
1.82616
1.76684
1.71313
1.66679
1.6283
1.59687
1.57165
1.55251
1.53936
1.53122
1.52656
1.5243
1.52382
1.52437
1.52496
1.52464
1.52276
1.51895
1.51299
1.50476
1.49426
1.48154
1.46663
1.44958
1.43041
1.40921
1.38608
1.3612
1.33482
1.30725
1.27881
1.2498
1.22046
1.19092
1.16127
1.1315
1.10156
1.07166
1.03998
1.01
0.98239
0.953389
0.919976
0.883872
0.846273
0.805922
0.76288
0.718599
0.673898
0.626541
0.593859
0.509743
0.457564
0.492524
0.597259
0.67824
0.723377
0.773465
0.828883
0.896582
0.789362
0.803301
0.84474
0.835256
0.747547
0.614178
0.728877
0.766175
0.756061
1.34528
2.57987
2.39848
2.41098
2.40155
2.38108
2.35686
2.33024
2.30331
2.29254
2.38726
0.582113
1e-15
1e-15
1e-15
1e-15
1e-15
1e-15
1e-15
1e-15
1e-15
0.0534255
0.215949
0.971807
17.6288
16.5142
4.16873
0.0405906
1e-15
1e-15
1e-15
1e-15
1e-15
1.32006
5.48052
10.7636
1.99591
0.512836
1e-15
1e-15
1e-15
1e-15
1e-15
1e-15
1e-15
1e-15
1e-15
1e-15
1e-15
1.60028
29.767
47.2009
183.974
213.504
147.964
77.2511
34.1352
13.7327
5.41969
2.35658
1.30175
0.946899
0.816815
0.75204
0.703926
0.661547
0.628568
0.611479
0.614982
0.627469
0.651701
0.681781
0.712616
0.739267
0.756017
0.76476
0.764436
0.756266
0.752764
0.752251
0.75331
0.751634
2.35285
2.32832
2.2734
2.21864
2.16012
2.09826
2.0336
1.96711
1.89994
1.83361
1.76929
1.70886
1.65455
1.60738
1.56701
1.53299
1.50555
1.48495
1.47046
1.46074
1.45478
1.45192
1.45137
1.45205
1.4529
1.45313
1.45217
1.44963
1.44522
1.43874
1.4301
1.41919
1.40597
1.39041
1.37252
1.35241
1.33022
1.30623
1.28074
1.25411
1.22666
1.19864
1.17023
1.14156
1.11267
1.08353
1.05432
1.02352
0.994304
0.967089
0.938249
0.905128
0.869492
0.832414
0.792648
0.750344
0.706985
0.66327
0.61683
0.584741
0.501779
0.450669
0.485658
0.589959
0.670424
0.71548
0.765767
0.820833
0.888097
0.780799
0.794459
0.834948
0.825708
0.738185
0.604435
0.724045
0.763245
0.753312
1.34691
2.58276
2.39648
2.40415
2.38472
2.36618
2.34338
2.31877
2.29225
2.26732
2.26676
0.570499
1e-15
1e-15
1e-15
1e-15
1e-15
1e-15
1e-15
1e-15
1e-15
1e-15
1e-15
0.550472
2.38067
16.0676
14.6395
1.5076
0.417162
0.0205635
1e-15
1e-15
1e-15
1e-15
1.36882
5.60124
9.9881
2.1122
0.528843
1e-15
1e-15
1e-15
1e-15
1e-15
1e-15
1e-15
1e-15
1e-15
1e-15
1e-15
1e-15
3.61805
21.2875
39.6542
80.2542
66.8292
38.1892
17.8328
7.54597
3.22218
1.60522
1.04054
0.841308
0.756395
0.703411
0.660011
0.625926
0.606681
0.607377
0.617498
0.640032
0.669164
0.700016
0.727501
0.745591
0.755414
0.756117
0.748629
0.744969
0.744578
0.745863
0.744022
2.33175
2.31231
2.2668
2.21594
2.16103
2.10276
2.04126
1.97705
1.9109
1.84398
1.77726
1.71258
1.65237
1.59804
1.54968
1.50723
1.47132
1.44259
1.42066
1.40452
1.39334
1.38652
1.38327
1.38248
1.38306
1.38409
1.38486
1.3848
1.38345
1.38045
1.37554
1.3685
1.35913
1.34734
1.33305
1.3163
1.2972
1.27598
1.25295
1.22847
1.20287
1.17642
1.14936
1.12183
1.09392
1.06566
1.03717
1.00727
0.978809
0.951961
0.923235
0.890352
0.855118
0.818497
0.779272
0.737674
0.695215
0.652477
0.606948
0.575431
0.493621
0.443572
0.478581
0.58244
0.662404
0.70745
0.758019
0.812744
0.879634
0.772177
0.78549
0.825036
0.816091
0.728721
0.594635
0.719413
0.760422
0.750564
1.34859
2.58566
2.38434
2.37992
2.36814
2.34921
2.3272
2.30384
2.2788
2.25243
2.22987
1.41081
0.344759
1e-15
1e-15
1e-15
1e-15
1e-15
1e-15
1e-15
1e-15
1e-15
1e-15
1e-15
0.636739
2.62763
13.8295
12.4786
2.70258
0.725265
0.207396
1e-15
1e-15
1e-15
1e-15
1.33738
5.42766
9.07196
1.91134
0.670528
1e-15
1e-15
1e-15
1e-15
1e-15
1e-15
1e-15
1e-15
1e-15
1e-15
1e-15
1e-15
1e-15
3.16513
9.22757
15.6893
23.8737
16.6648
8.72137
4.08722
1.99905
1.18411
0.885181
0.766974
0.704603
0.658911
0.623521
0.602172
0.600043
0.607715
0.628387
0.65638
0.68707
0.715303
0.734761
0.745762
0.747558
0.740822
0.737042
0.736744
0.73825
0.736258
2.33502
2.30567
2.25767
2.20904
2.15715
2.10225
2.04418
1.9831
1.91935
1.85374
1.78689
1.72035
1.65653
1.59701
1.54217
1.49232
1.44845
1.41154
1.38165
1.3582
1.34063
1.32851
1.32111
1.31739
1.31627
1.31677
1.31806
1.31942
1.32024
1.32001
1.31831
1.31479
1.30913
1.3011
1.29053
1.27737
1.26165
1.24355
1.22335
1.20138
1.17797
1.15342
1.12798
1.10183
1.0751
1.04784
1.02018
0.991241
0.963555
0.937072
0.908434
0.875746
0.840856
0.804633
0.765902
0.724973
0.683386
0.641605
0.596969
0.565987
0.485313
0.436308
0.471325
0.574724
0.6542
0.69931
0.750234
0.804624
0.871219
0.763512
0.776412
0.815025
0.806443
0.71919
0.584815
0.715013
0.757719
0.747796
1.35036
2.58859
2.379
2.36707
2.352
2.33399
2.31259
2.28999
2.26601
2.24047
2.21417
1.98055
0.485096
1e-15
1e-15
1e-15
1e-15
1e-15
1e-15
1e-15
1e-15
1e-15
1e-15
1e-15
1e-15
0.608769
2.47666
11.6493
10.2703
3.10829
1.50924
0.394246
0.00640991
1e-15
1e-15
1e-15
1.26259
5.09847
8.16176
6.19604
1.38828
1e-15
1e-15
1e-15
1e-15
1e-15
1e-15
1e-15
1e-15
1e-15
1e-15
1e-15
1e-15
1e-15
1e-15
1.30308
2.27683
1.37173
4.85647
3.63455
2.14908
1.31145
0.940106
0.784359
0.708379
0.658677
0.62156
0.598097
0.593127
0.598274
0.616906
0.643532
0.67383
0.702663
0.723473
0.735736
0.738706
0.732804
0.728963
0.728745
0.73047
0.728343
2.32883
2.29385
2.24681
2.1997
2.14993
2.09766
2.04262
1.98472
1.92397
1.86078
1.7954
1.72902
1.66373
1.60108
1.54163
1.48592
1.43518
1.39068
1.35292
1.32178
1.2971
1.27865
1.26589
1.25792
1.25375
1.25238
1.25293
1.25456
1.25653
1.25818
1.25898
1.25842
1.25608
1.25159
1.24467
1.23516
1.22299
1.20827
1.19121
1.1721
1.15125
1.12895
1.10546
1.08099
1.05568
1.02965
1.00297
0.975104
0.948273
0.9222
0.893669
0.861173
0.8266
0.790744
0.752491
0.712211
0.671481
0.630652
0.586895
0.556411
0.476856
0.428871
0.463876
0.566799
0.645799
0.69104
0.742375
0.796416
0.862814
0.754745
0.76717
0.804874
0.796744
0.709565
0.575017
0.710882
0.755152
0.745025
1.35215
2.59133
2.37293
2.36652
2.34499
2.32381
2.30081
2.27731
2.25312
2.22794
2.20161
2.12251
0.521004
1e-15
1e-15
1e-15
1e-15
1e-15
1e-15
1e-15
1e-15
1e-15
1e-15
1e-15
1e-15
1e-15
0.417461
1.62949
9.86519
8.58016
3.01159
1.82682
0.213874
0.0572895
1e-15
1e-15
1e-15
1.65331
7.04428
6.61476
1.83702
0.387793
1e-15
1e-15
1e-15
1e-15
1e-15
1e-15
1e-15
1e-15
1e-15
1e-15
1e-15
1e-15
1e-15
1e-15
1e-15
0.118458
0.434417
0.336535
0.205842
0.220429
0.606939
0.710766
0.692663
0.654672
0.619108
0.59428
0.586632
0.589257
0.605712
0.630775
0.660469
0.689747
0.711854
0.725434
0.729629
0.72463
0.720787
0.720631
0.722561
0.72029
2.31632
2.28213
2.23643
2.18954
2.141
2.09048
2.03774
1.98254
1.9247
1.86431
1.80132
1.73647
1.67143
1.60751
1.54531
1.48546
1.42931
1.3783
1.3333
1.29466
1.26261
1.23726
1.21832
1.20513
1.19684
1.19254
1.19128
1.19216
1.19434
1.19703
1.19957
1.20134
1.20178
1.20042
1.19686
1.19081
1.18213
1.1708
1.15698
1.14089
1.1228
1.10296
1.08164
1.05904
1.03533
1.01066
0.985073
0.958351
0.932423
0.906785
0.878376
0.846073
0.811804
0.7763
0.738524
0.698894
0.659024
0.619164
0.576302
0.54631
0.4679
0.420961
0.455965
0.558434
0.637029
0.682523
0.734349
0.788043
0.854376
0.745813
0.757693
0.794594
0.786954
0.699795
0.565275
0.707084
0.752801
0.742394
1.3545
2.59491
2.35074
2.35283
2.33788
2.31597
2.29199
2.26726
2.24198
2.21606
2.1894
2.15326
0.547827
1e-15
1e-15
1e-15
1e-15
1e-15
1e-15
1e-15
1e-15
1e-15
1e-15
1e-15
1e-15
1e-15
1e-15
0.0296832
1.86196
7.33004
10.4611
3.06203
1.85535
0.390107
0.147226
0.0296154
1e-15
1e-15
0.599252
1.72485
1.39259
0.368018
0.0382019
0.00137144
1e-15
1e-15
1e-15
1e-15
1e-15
1e-15
1e-15
1e-15
1e-15
1e-15
1e-15
1e-15
1e-15
1e-15
1e-15
1e-15
1e-15
1e-15
0.0564616
0.0964484
0.169743
0.515843
0.583642
0.582605
0.577561
0.578273
0.592374
0.615695
0.644833
0.674854
0.698739
0.714104
0.719837
0.715974
0.712221
0.712151
0.714361
0.712057
2.30882
2.27613
2.2244
2.17722
2.12907
2.07957
2.02853
1.97573
1.92091
1.86391
1.80446
1.74278
1.67987
1.6166
1.55339
1.4908
1.43005
1.37255
1.31947
1.27166
1.22989
1.19474
1.16642
1.14475
1.12925
1.11926
1.11394
1.11236
1.11359
1.11669
1.12084
1.12523
1.12913
1.13189
1.13293
1.1318
1.12816
1.12187
1.11292
1.10142
1.08756
1.07151
1.05351
1.03373
1.01236
0.989595
0.965445
0.940166
0.915257
0.889913
0.86135
0.828995
0.794813
0.759481
0.722094
0.683097
0.644169
0.605426
0.563564
0.533988
0.45701
0.411422
0.44633
0.548141
0.626255
0.6724
0.72509
0.778434
0.84503
0.735622
0.746793
0.782914
0.775969
0.688693
0.553865
0.703177
0.749741
0.738801
1.35645
2.59474
2.34755
2.35499
2.33262
2.30935
2.28472
2.25929
2.23316
2.20635
2.17885
2.1492
1.51013
0.37728
1e-15
1e-15
1e-15
1e-15
1e-15
1e-15
1e-15
1e-15
1e-15
1e-15
1e-15
1e-15
1e-15
1e-15
0.327423
1.43019
6.67601
6.47975
4.43586
3.76819
2.71954
1.38159
0.355537
0.00879423
0.0533386
0.243078
1.43869
1.82508
1.25838
0.043009
0.00959848
1e-15
1e-15
1e-15
1e-15
1e-15
1e-15
1e-15
1e-15
1e-15
1e-15
1e-15
1e-15
1e-15
1e-15
1e-15
1e-15
1e-15
1e-15
1e-15
0.0143317
0.0920539
0.292751
0.50353
0.552175
0.56253
0.577261
0.599042
0.627139
0.657556
0.683277
0.700824
0.708571
0.70622
0.702821
0.702971
0.705621
0.703551
2.29463
2.26328
2.21494
2.16632
2.11779
2.06819
2.01756
1.96577
1.91264
1.85801
1.80155
1.74321
1.68347
1.6227
1.56101
1.49872
1.43665
1.37587
1.31746
1.26242
1.21182
1.1666
1.12748
1.09485
1.06883
1.04923
1.03561
1.02731
1.02351
1.02333
1.02587
1.03024
1.03554
1.04097
1.04576
1.04924
1.05091
1.05037
1.04744
1.04201
1.0341
1.02375
1.01104
0.996074
0.978972
0.959911
0.93884
0.916428
0.893772
0.869793
0.841904
0.810056
0.77631
0.741371
0.704506
0.666202
0.628243
0.590637
0.54978
0.520567
0.444922
0.40056
0.43551
0.536655
0.614214
0.660968
0.714512
0.767621
0.834871
0.724428
0.735083
0.770189
0.764641
0.677234
0.542291
0.699268
0.747052
0.735633
1.3584
2.59718
2.3711
2.34089
2.32379
2.30088
2.27643
2.25104
2.22488
2.19796
2.17029
2.14166
2.01359
0.513671
1e-15
1e-15
1e-15
1e-15
1e-15
1e-15
1e-15
1e-15
1e-15
1e-15
1e-15
1e-15
1e-15
1e-15
1e-15
0.0215858
0.106081
0.970337
3.79137
5.26176
3.06021
2.46969
1.48936
0.389113
0.106818
0.067484
0.254343
0.789994
0.919958
0.555608
0.138098
1e-15
1e-15
1e-15
1e-15
1e-15
1e-15
1e-15
1e-15
1e-15
1e-15
1e-15
1e-15
1e-15
1e-15
1e-15
1e-15
1e-15
1e-15
1e-15
1e-15
1e-15
0.0336436
0.0484256
0.424285
0.515808
0.554599
0.581113
0.609334
0.64
0.667298
0.687032
0.696937
0.696278
0.693386
0.693755
0.696805
0.694944
2.33004
2.25999
2.20826
2.15911
2.10995
2.05988
2.00899
1.95724
1.90455
1.85086
1.79589
1.73957
1.68209
1.62354
1.56388
1.50319
1.44191
1.38072
1.32039
1.2618
1.20598
1.15396
1.1067
1.06498
1.02938
1.00019
0.977434
0.960844
0.949905
0.943931
0.942131
0.943658
0.947592
0.953049
0.959148
0.965102
0.970218
0.97395
0.97589
0.97576
0.973365
0.968571
0.961304
0.951518
0.939228
0.92454
0.907297
0.888493
0.868829
0.846927
0.820394
0.789631
0.756764
0.72256
0.686487
0.649044
0.61214
0.575736
0.535877
0.506934
0.432554
0.389379
0.424329
0.524778
0.60184
0.649285
0.703632
0.756419
0.82469
0.712899
0.722993
0.757451
0.753471
0.665732
0.531207
0.695965
0.744694
0.73264
1.36085
2.60024
2.34879
2.35674
2.33402
2.31075
2.28444
2.25738
2.22965
2.20125
2.17221
2.14248
2.09684
1.59127
0.403877
1e-15
1e-15
1e-15
1e-15
1e-15
1e-15
1e-15
1e-15
1e-15
1e-15
1e-15
1e-15
1e-15
1e-15
1e-15
1e-15
0.134002
0.587442
3.0139
3.34057
2.33359
2.11628
1.48473
0.713387
0.234491
0.163757
0.374796
0.624534
0.679052
0.434043
0.109138
1e-15
1e-15
1e-15
1e-15
1e-15
1e-15
1e-15
1e-15
1e-15
1e-15
1e-15
1e-15
1e-15
1e-15
1e-15
1e-15
1e-15
1e-15
1e-15
1e-15
1e-15
0.00432742
0.0926952
0.299331
0.481428
0.549808
0.588345
0.621506
0.650695
0.672719
0.684933
0.686139
0.683893
0.684468
0.687869
0.686228
2.29075
2.25192
2.20174
2.15335
2.10375
2.05323
2.00195
1.94992
1.89717
1.84366
1.78928
1.73397
1.67782
1.62081
1.56286
1.5039
1.44413
1.38388
1.32363
1.26398
1.20575
1.14986
1.09724
1.04886
1.00555
0.967971
0.936563
0.911467
0.892558
0.879457
0.871614
0.868343
0.868813
0.872165
0.877489
0.883927
0.890686
0.897072
0.902516
0.906566
0.908845
0.909045
0.906913
0.90225
0.894926
0.884936
0.871982
0.85729
0.841169
0.821933
0.797335
0.768145
0.736525
0.703335
0.668265
0.631797
0.595994
0.560821
0.521923
0.493131
0.419901
0.377849
0.412827
0.51255
0.589101
0.637305
0.692459
0.745006
0.814817
0.701402
0.71106
0.745162
0.743043
0.65486
0.520732
0.69324
0.742526
0.729612
1.36337
2.60368
2.36867
2.34366
2.32359
2.29986
2.27519
2.24955
2.22303
2.19564
2.16742
2.13835
2.10623
1.996
0.928812
0.23397
1e-15
1e-15
1e-15
1e-15
1e-15
1e-15
1e-15
1e-15
1e-15
1e-15
1e-15
1e-15
1e-15
1e-15
1e-15
1e-15
0.00938251
0.0506764
0.665265
2.67724
3.59177
1.62008
1.30426
0.852418
0.516922
0.39444
0.44846
0.552928
0.563282
0.380232
0.0963244
1e-15
1e-15
1e-15
1e-15
1e-15
1e-15
1e-15
1e-15
1e-15
1e-15
1e-15
1e-15
1e-15
1e-15
1e-15
1e-15
1e-15
1e-15
1e-15
1e-15
1e-15
1e-15
0.0522865
0.175889
0.44871
0.548841
0.598431
0.632685
0.657679
0.672466
0.675749
0.674324
0.67512
0.678831
0.677411
2.31821
2.24808
2.19882
2.14878
2.09883
2.04798
1.99635
1.94401
1.89101
1.83738
1.78309
1.72814
1.67261
1.61646
1.55962
1.50202
1.44371
1.38481
1.32553
1.26624
1.20747
1.14989
1.09431
1.04161
0.992701
0.948443
0.909547
0.876513
0.849593
0.828777
0.813841
0.80436
0.799718
0.799168
0.801873
0.806977
0.813636
0.821064
0.828571
0.835554
0.841485
0.845889
0.848354
0.848516
0.846092
0.84094
0.832601
0.822427
0.810355
0.794387
0.772371
0.74533
0.715428
0.683636
0.649877
0.614585
0.579995
0.546137
0.508176
0.479405
0.407194
0.366185
0.401193
0.500103
0.576071
0.625019
0.68092
0.733288
0.8052
0.68982
0.699225
0.733346
0.733451
0.644649
0.510958
0.691116
0.740563
0.726547
1.36593
2.60722
2.3514
2.34608
2.32673
2.30356
2.27768
2.25104
2.22367
2.19559
2.1668
2.13729
2.10675
2.06328
1.84491
0.258709
0.064717
1e-15
1e-15
1e-15
1e-15
1e-15
1e-15
1e-15
1e-15
1e-15
1e-15
1e-15
1e-15
1e-15
1e-15
1e-15
1e-15
1e-15
1e-15
0.709536
2.9248
3.12113
1.75301
1.45237
1.06783
0.755567
0.581607
0.536436
0.547636
0.517338
0.356357
0.0910195
0.00140287
1e-15
1e-15
1e-15
1e-15
1e-15
1e-15
1e-15
1e-15
1e-15
1e-15
1e-15
1e-15
1e-15
1e-15
1e-15
1e-15
1e-15
1e-15
1e-15
1e-15
1e-15
0.0239387
0.0604164
0.42352
0.552675
0.608997
0.640989
0.659319
0.665041
0.664665
0.665725
0.669699
0.668493
2.29635
2.24426
2.19363
2.14455
2.09437
2.04327
1.99138
1.93877
1.88551
1.83167
1.77725
1.72232
1.66696
1.61118
1.55493
1.49818
1.44094
1.38324
1.32513
1.26679
1.20851
1.15071
1.09398
1.03901
0.986619
0.937671
0.892993
0.853303
0.819148
0.790858
0.768553
0.752133
0.741271
0.735444
0.733972
0.736086
0.740972
0.747812
0.755841
0.764352
0.772694
0.780251
0.786478
0.790859
0.792963
0.792502
0.788849
0.783388
0.775715
0.763532
0.744717
0.720421
0.692758
0.662822
0.630773
0.596953
0.563769
0.531384
0.494398
0.465557
0.394266
0.354258
0.389317
0.487316
0.562605
0.61225
0.668835
0.721111
0.795752
0.678031
0.687456
0.722077
0.724832
0.635203
0.501969
0.689591
0.738771
0.72343
1.36857
2.61087
2.33305
2.33719
2.31986
2.29616
2.27117
2.2453
2.21859
2.19105
2.16269
2.13354
2.10356
2.07099
2.00827
1.67887
0.42964
1e-15
1e-15
1e-15
1e-15
1e-15
1e-15
1e-15
1e-15
1e-15
1e-15
1e-15
1e-15
1e-15
1e-15
1e-15
1e-15
1e-15
1e-15
1e-15
0.460921
1.80669
2.46657
1.71822
1.5194
1.21382
0.930628
0.732261
0.628183
0.579171
0.515024
0.357923
0.0431179
0.0123264
1e-15
1e-15
1e-15
1e-15
1e-15
1e-15
1e-15
1e-15
1e-15
1e-15
1e-15
1e-15
1e-15
1e-15
1e-15
1e-15
1e-15
1e-15
1e-15
1e-15
1e-15
0.00501913
0.101435
0.41166
0.560445
0.61819
0.644534
0.653803
0.654873
0.656294
0.660492
0.659488
2.28414
2.24244
2.19084
2.1408
2.09043
2.03914
1.98705
1.93422
1.88073
1.82666
1.77204
1.71699
1.66157
1.60584
1.5498
1.49346
1.43685
1.37997
1.32282
1.26547
1.20806
1.1508
1.09405
1.0383
0.984172
0.932394
0.883766
0.839064
0.798995
0.764132
0.734885
0.711479
0.693905
0.681934
0.675121
0.672876
0.674492
0.679196
0.686213
0.69478
0.704166
0.713652
0.722586
0.730327
0.736312
0.740115
0.74095
0.74014
0.737004
0.728967
0.713879
0.692877
0.667968
0.640376
0.610486
0.578498
0.546981
0.516298
0.480375
0.451412
0.380983
0.341976
0.377121
0.474092
0.548576
0.598845
0.656049
0.708352
0.786415
0.665934
0.675752
0.711464
0.717351
0.626636
0.493837
0.688646
0.737131
0.720268
1.37127
2.61461
2.33243
2.32984
2.31363
2.29029
2.26526
2.23944
2.21285
2.18549
2.15736
2.12845
2.09878
2.06809
2.03202
1.94782
1.53513
0.393031
1e-15
1e-15
1e-15
1e-15
1e-15
1e-15
1e-15
1e-15
1e-15
1e-15
1e-15
1e-15
1e-15
1e-15
1e-15
1e-15
1e-15
1e-15
1e-15
0.230019
0.874028
1.35361
1.53051
1.46835
1.26416
1.03243
0.839296
0.709288
0.624389
0.534011
0.373551
0.083521
0.021957
1e-15
1e-15
1e-15
1e-15
1e-15
1e-15
1e-15
1e-15
1e-15
1e-15
1e-15
1e-15
1e-15
1e-15
1e-15
1e-15
1e-15
1e-15
1e-15
1e-15
1e-15
1e-15
0.100927
0.414917
0.570556
0.623803
0.641076
0.64469
0.646726
0.65114
0.650337
2.28553
2.23944
2.18743
2.13748
2.08694
2.0355
1.98324
1.93022
1.87654
1.82227
1.76746
1.71222
1.65666
1.60082
1.54477
1.48854
1.4322
1.37577
1.31924
1.26265
1.20605
1.14956
1.09333
1.03768
0.98303
0.929907
0.878967
0.830924
0.786506
0.746395
0.711192
0.68137
0.657223
0.638819
0.626
0.618426
0.61557
0.616791
0.621368
0.62855
0.637578
0.647678
0.658115
0.668159
0.677143
0.684516
0.689368
0.692871
0.694155
0.690412
0.679413
0.662134
0.640417
0.615623
0.588347
0.558582
0.529029
0.500333
0.46562
0.436538
0.366972
0.329021
0.364311
0.46012
0.533666
0.584478
0.64226
0.694756
0.777003
0.653314
0.664026
0.701562
0.711121
0.619018
0.486594
0.688223
0.735587
0.717052
1.37414
2.61861
2.3364
2.3358
2.31404
2.28996
2.26433
2.23797
2.21088
2.18308
2.15457
2.12536
2.09546
2.06484
2.03285
1.99234
1.88995
1.43125
0.366559
1e-15
1e-15
1e-15
1e-15
1e-15
1e-15
1e-15
1e-15
1e-15
1e-15
1e-15
1e-15
1e-15
1e-15
1e-15
1e-15
1e-15
1e-15
1e-15
0.0157165
0.204108
0.792604
1.19152
1.28838
1.1942
1.02843
0.862238
0.731434
0.632878
0.530728
0.371906
0.102957
0.0901679
0.0756831
0.0809521
0.0822741
0.079308
0.0720805
0.0607854
0.0456366
0.0266036
0.00341555
1e-15
1e-15
1e-15
1e-15
1e-15
1e-15
1e-15
1e-15
1e-15
1e-15
1e-15
1e-15
1e-15
0.103948
0.432826
0.582465
0.625456
0.635533
0.638704
0.642984
0.641962
2.27625
2.2324
2.18465
2.13453
2.08387
2.0323
1.9799
1.92674
1.87291
1.81847
1.76349
1.70808
1.65235
1.59636
1.5402
1.48393
1.42765
1.3714
1.31521
1.2591
1.20313
1.14732
1.09177
1.03663
0.982158
0.928696
0.876717
0.826788
0.779552
0.735678
0.695831
0.660636
0.630604
0.606073
0.587174
0.573841
0.565801
0.562611
0.56369
0.56837
0.575917
0.585558
0.596511
0.607996
0.619259
0.629643
0.63815
0.645711
0.651376
0.652163
0.645707
0.632656
0.614615
0.593103
0.568903
0.541727
0.514343
0.487758
0.454203
0.424805
0.355904
0.318844
0.354079
0.448267
0.520471
0.571719
0.630078
0.683036
0.770407
0.643098
0.655307
0.695372
0.708894
0.614395
0.48019
0.687799
0.733375
0.712964
1.37615
2.62187
2.32761
2.32374
2.30807
2.2846
2.25927
2.23315
2.20625
2.17857
2.15013
2.12095
2.09104
2.06041
2.02901
1.9957
1.95105
1.83552
1.35484
0.339255
1e-15
1e-15
1e-15
1e-15
1e-15
1e-15
1e-15
1e-15
1e-15
1e-15
1e-15
1e-15
1e-15
1e-15
1e-15
1e-15
1e-15
1e-15
1e-15
1e-15
0.0150873
0.0238808
0.0271852
0.0337335
0.0324559
0.421442
0.717525
0.983987
1.25627
1.53823
1.80803
2.03138
2.17356
2.21244
2.1402
1.96413
1.69978
1.3653
0.976536
0.54246
0.0663829
0.0134457
1e-15
1e-15
1e-15
1e-15
1e-15
1e-15
1e-15
1e-15
1e-15
1e-15
1e-15
1e-15
0.0256108
0.169994
0.489392
0.58691
0.612999
0.62078
0.626655
0.627033
2.27851
2.23285
2.18105
2.13102
2.08019
2.02845
1.97588
1.92253
1.8685
1.81386
1.75865
1.70301
1.64704
1.59081
1.53441
1.47793
1.42148
1.36513
1.30894
1.25297
1.19727
1.1419
1.08688
1.03233
0.978376
0.925208
0.873114
0.822468
0.773734
0.727427
0.68412
0.644415
0.608885
0.578006
0.552121
0.531427
0.515934
0.505482
0.499753
0.498304
0.500577
0.505929
0.513669
0.523073
0.533398
0.543972
0.553791
0.563519
0.572228
0.576861
0.57507
0.567031
0.553964
0.537373
0.518212
0.495869
0.473019
0.450924
0.420746
0.392986
0.326216
0.291456
0.328317
0.421666
0.492251
0.542581
0.600499
0.653571
0.74709
0.616673
0.632713
0.675642
0.700785
0.608314
0.477884
0.690528
0.734905
0.711865
1.38056
2.6292
)
;

boundaryField
{
    inlet
    {
        type            freestream;
        freestreamValue uniform 3.5;
        value           nonuniform List<scalar> 
134
(
3.5
3.5
3.5
3.5
3.5
3.5
3.5
3.5
3.5
3.5
2.83453
2.44561
2.11296
1.87938
1.70775
1.57765
1.47422
1.38955
1.31868
1.25843
3.5
1.20677
1.16249
1.12491
1.09366
1.06788
1.04544
1.02487
1.00545
0.987387
0.97109
0.955097
0.940172
0.925966
0.912377
0.899217
0.886173
0.872812
0.858141
0.843649
3.5
3.5
3.5
3.5
3.5
3.5
3.5
0.835131
0.830033
0.824415
0.818678
0.812742
0.806632
0.800349
0.793894
0.787268
0.780472
0.773509
0.76638
0.759087
0.751634
0.744022
0.736258
0.728343
0.72029
0.712057
0.703551
0.694944
0.686228
0.677411
0.668493
0.659488
0.650337
0.641962
0.627033
3.5
3.5
3.5
3.5
3.5
3.5
3.5
3.5
3.5
3.5
3.5
3.5
3.5
3.5
3.5
3.5
3.5
3.5
3.5
3.5
3.5
3.5
3.5
3.5
3.5
3.5
3.5
3.5
3.5
3.5
3.5
3.5
3.5
3.5
3.5
3.5
3.5
3.5
3.5
3.5
3.5
3.5
3.5
3.5
3.5
3.5
3.5
3.5
3.5
3.5
3.5
3.5
3.5
3.5
3.5
3.5
3.5
3.5
3.5
)
;
    }
    outlet
    {
        type            freestream;
        freestreamValue uniform 3.5;
        value           nonuniform List<scalar> 
160
(
2.32761
2.27851
2.32374
2.23285
2.30807
2.18105
2.2846
2.13102
2.25927
2.08019
2.23315
2.02845
2.20625
1.97588
2.17857
1.92253
2.15013
1.8685
2.12095
1.81386
2.09104
1.75865
2.06041
1.70301
2.02901
1.64704
1.9957
1.59081
1.95105
1.53441
1.83552
1.47793
1.35484
1.42148
0.339255
1.36513
1e-15
1.30894
1e-15
1.25297
1e-15
1.19727
1e-15
1.1419
1e-15
1.08688
1e-15
1.03233
1e-15
0.978376
1e-15
0.925208
1e-15
0.873114
1e-15
0.822468
1e-15
0.773734
1e-15
0.727427
1e-15
0.68412
1e-15
0.644415
1e-15
0.608885
1e-15
0.578006
1e-15
0.552121
1e-15
0.531427
1e-15
0.515934
1e-15
0.505482
0.0150873
0.499753
0.0238808
0.498304
0.0271852
0.500577
0.0337335
0.505929
0.0324559
0.513669
0.421442
0.523073
0.717525
0.533398
0.983987
0.543972
1.25627
0.553791
1.53823
0.563519
1.80803
0.572228
2.03138
0.576861
2.17356
0.57507
2.21244
0.567031
2.1402
0.553964
1.96413
0.537373
1.69978
0.518212
1.3653
0.495869
0.976536
0.473019
0.54246
0.450924
0.0663829
0.420746
0.0134457
0.392986
1e-15
0.326216
1e-15
0.291456
1e-15
0.328317
1e-15
0.421666
1e-15
0.492251
1e-15
0.542581
1e-15
0.600499
1e-15
0.653571
1e-15
0.74709
1e-15
0.616673
1e-15
0.632713
1e-15
0.675642
0.0256108
0.700785
0.169994
0.608314
0.489392
0.477884
0.58691
0.690528
0.612999
0.734905
0.62078
0.711865
0.626655
1.38056
0.627033
2.6292
)
;
    }
    walls
    {
        type            zeroGradient;
    }
    frontAndBack
    {
        type            empty;
    }
}


// ************************************************************************* //
