/*--------------------------------*- C++ -*----------------------------------*\
| =========                 |                                                 |
| \\      /  F ield         | OpenFOAM: The Open Source CFD Toolbox           |
|  \\    /   O peration     | Version:  2312                                  |
|   \\  /    A nd           | Website:  www.openfoam.com                      |
|    \\/     M anipulation  |                                                 |
\*---------------------------------------------------------------------------*/
FoamFile
{
    version     2.0;
    format      ascii;
    arch        "LSB;label=32;scalar=64";
    class       volScalarField;
    location    "300";
    object      p;
}
// * * * * * * * * * * * * * * * * * * * * * * * * * * * * * * * * * * * * * //

dimensions      [0 2 -2 0 0 0 0];

internalField   nonuniform List<scalar> 
10720
(
-41.2902
-110.72
-192.53
-273.64
-349.178
-426.384
-495.392
-553.901
-605.157
-645.836
-677.555
-701.393
-718.392
-729.736
-735.579
-735.482
-730.4
-719.388
-703.714
-682.52
-657.023
-625.939
-588.292
-541.815
-488.02
-444.44
-416.292
-366.869
-308.742
-271.9
-242.395
-207.124
-168.321
-126.143
-89.0628
-75.1107
-38.3486
29.5099
7.32744
27.7505
90.5038
156.729
218.078
269.968
308.265
329.226
335.072
330.61
315.352
292.94
268.546
244.274
220.954
199.276
178.993
160.079
142.08
124.744
107.553
90.4606
73.1864
55.8463
38.9199
24.1936
12.8228
3.74063
-3.57505
-9.21085
-13.1279
-15.4124
-16.2368
-15.7299
-13.9598
-11.1197
-7.11724
-2.39027
6.04497
21.91
56.0226
3.39348
-55.7824
-118.882
-183.968
-250.83
-316.016
-377.46
-434.445
-485.231
-529.449
-567.118
-598.327
-623.067
-641.308
-652.593
-657.65
-656.402
-649.707
-637.288
-619.533
-594.806
-561.031
-516.183
-466.243
-422.489
-384.814
-351.3
-318.686
-283.551
-246.289
-207.608
-168.048
-126.034
-89.0448
-75.1314
-38.298
29.257
7.59372
103.247
148.095
192.59
235.185
272.347
301.41
319.241
325.798
322.401
309.923
291.536
270.47
248.467
226.503
205.316
185.088
165.893
147.511
129.731
112.239
94.9584
77.6865
60.4881
43.8326
29.1908
17.4382
7.82552
-3.41358e-05
-6.06488
-10.3606
-12.9948
-14.1574
-13.9734
-12.5063
-9.93956
-6.15682
-1.62669
7.56971
23.1438
68.3902
21.1611
-32.2182
-91.2996
-152.805
-216.125
-279.686
-340.884
-398.155
-450.48
-496.608
-536.146
-568.687
-594.181
-613.029
-625.516
-631.834
-631.967
-626.312
-614.854
-597.731
-574.065
-542.752
-502.188
-456.559
-414.682
-377.766
-347.821
-317.349
-281.992
-244.222
-205.579
-166.757
-125.885
-89.3758
-74.5894
-37.4088
29.7007
8.61473
110.866
151.898
192.475
230.637
263.273
288.733
304.984
312.053
310.494
301.003
285.845
267.3
247.046
226.236
205.69
185.808
166.743
148.428
130.707
113.337
96.1936
79.1522
62.293
45.9583
31.3302
19.2921
9.43261
1.40882
-4.82074
-9.27069
-12.0558
-13.3537
-13.2828
-11.9088
-9.40284
-5.65655
-0.916073
8.37737
23.7479
88.1119
48.512
3.12928
-46.9297
-99.6623
-155.037
-211.415
-267.058
-320.672
-371.109
-417.259
-458.42
-494.063
-523.984
-548.052
-566.457
-578.896
-585.126
-585.212
-579.142
-566.89
-547.896
-521.366
-486.438
-446.626
-408.521
-374.945
-345.128
-313.945
-279.143
-242.149
-204.075
-165.858
-125.902
-89.8368
-73.5172
-35.8468
30.3925
9.30385
123.483
157.304
191.06
223.41
251.439
273.833
288.956
296.448
296.458
289.58
277.444
261.787
244.013
225.191
206.107
187.231
168.8
150.875
133.384
116.178
99.1676
82.2904
65.6208
49.5043
34.9122
22.6743
12.5887
4.3304
-2.15895
-6.89205
-9.97041
-11.5483
-11.739
-10.6045
-8.30473
-4.71107
0.0141379
9.25442
24.512
92.8417
57.629
17.074
-27.9707
-75.5478
-126.087
-178.233
-230.407
-281.625
-330.743
-376.632
-418.502
-455.665
-487.605
-513.982
-534.625
-549.12
-557.437
-559.519
-555.465
-545.251
-528.527
-504.67
-473.216
-436.761
-401.001
-369.042
-339.596
-309.02
-275.421
-239.455
-202.202
-164.759
-125.692
-90.216
-72.4601
-34.4226
30.7433
8.63278
124.366
154.345
184.36
213.14
238.11
258.357
272.636
280.426
281.705
277.003
267.476
254.444
239.022
222.145
204.559
186.763
169.071
151.639
134.486
117.552
100.785
84.1657
67.7848
51.9647
37.4984
25.1396
14.848
6.36611
-0.359635
-5.33614
-8.63984
-10.4219
-10.7892
-9.80515
-7.62035
-4.09695
0.669801
9.84163
24.7795
95.2679
64.1012
28.0245
-12.0219
-54.3256
-99.5944
-146.567
-193.986
-241.135
-286.972
-330.546
-371.103
-407.905
-440.338
-467.955
-490.4
-507.389
-518.733
-524.219
-523.74
-517.144
-504.096
-484.085
-456.885
-424.649
-391.958
-361.689
-333.12
-303.575
-271.191
-236.234
-199.859
-163.341
-125.265
-90.5302
-71.4877
-33.4313
30.2784
7.28797
123.179
149.631
176.316
202.094
224.585
243.122
256.694
264.657
266.903
263.927
256.578
245.874
232.696
217.824
201.927
185.476
168.81
152.141
135.558
119.071
102.676
86.3954
70.338
54.8117
40.4866
28.0481
17.5837
8.91091
1.97651
-3.22484
-6.75767
-8.76775
-9.35593
-8.57872
-6.57217
-3.19086
1.53599
10.5845
24.8231
94.2081
66.1009
33.4814
-2.75856
-40.9652
-82.0657
-124.94
-168.489
-212.236
-255.258
-296.732
-335.984
-372.267
-404.927
-433.426
-457.291
-476.097
-489.441
-497.023
-498.684
-494.316
-483.696
-466.465
-442.563
-413.709
-383.599
-354.855
-327.183
-298.501
-267.123
-233.101
-197.583
-161.95
-124.853
-90.8041
-70.5605
-32.7513
28.9232
6.10343
119.407
143.219
167.369
190.804
211.333
228.498
241.449
249.471
252.449
250.83
245.267
236.562
225.405
212.431
198.209
183.16
167.614
151.817
135.906
119.952
104
88.1131
72.4183
57.2116
43.0701
30.6153
20.0235
11.1854
4.0555
-1.36777
-5.13339
-7.36764
-8.16172
-7.56555
-5.70565
-2.42953
2.28128
11.1962
24.8579
91.7058
66.2027
36.5482
3.631
-30.976
-68.3178
-107.364
-147.157
-187.387
-227.268
-266.088
-303.284
-338.17
-370.104
-398.51
-422.856
-442.622
-457.424
-466.927
-470.882
-469.093
-461.309
-447.198
-426.748
-401.337
-373.991
-347.069
-320.555
-292.89
-262.648
-229.704
-195.151
-160.449
-124.377
-90.9786
-69.7037
-32.2843
26.7904
4.86935
114.607
136.205
158.237
179.722
198.621
214.646
227.024
235.016
238.54
237.975
233.858
226.837
217.461
206.239
193.642
180.025
165.693
150.892
135.79
120.497
105.098
89.6898
74.4179
59.5682
45.6538
33.2408
22.5666
13.5937
6.29235
0.666405
-3.31521
-5.7647
-6.76707
-6.36572
-4.67461
-1.5347
3.11799
11.8402
24.9261
88.1525
64.8113
37.6409
7.505
-24.0759
-58.2058
-93.9528
-130.453
-167.535
-204.514
-240.795
-275.924
-309.28
-340.262
-368.306
-392.845
-413.323
-429.284
-440.301
-446.031
-446.23
-440.689
-429.133
-411.588
-389.181
-364.372
-339.2
-313.838
-287.188
-258.068
-226.204
-192.627
-158.853
-123.802
-91.0557
-68.9336
-32.1481
23.8568
3.34387
109.145
128.916
149.184
169.032
186.554
201.605
213.451
221.355
225.268
225.523
222.57
216.953
209.116
199.467
188.391
176.174
163.079
149.338
135.124
120.572
105.8
90.9319
76.1267
61.6658
48.0152
35.6946
24.9819
15.9043
8.45311
2.63921
-1.55228
-4.21542
-5.42517
-5.21452
-3.68526
-0.673516
3.91911
12.4409
24.9841
84.0622
62.5748
37.5461
9.82069
-19.1376
-50.4545
-83.2629
-116.784
-150.943
-185.139
-218.883
-251.813
-283.377
-313.052
-340.294
-364.531
-385.206
-401.81
-413.914
-421.146
-423.191
-419.825
-410.769
-396.029
-376.518
-354.226
-330.888
-306.806
-281.261
-253.296
-222.544
-189.986
-157.164
-123.13
-91.059
-68.2303
-32.3946
20.3112
2.06191
103.423
121.634
140.395
158.838
175.175
189.369
200.72
208.493
212.674
213.561
211.543
207.086
200.564
192.306
182.623
171.739
159.873
147.225
133.961
120.226
106.155
91.8921
77.6082
63.5786
50.236
38.0632
27.3627
18.2178
10.6452
4.66481
0.27857
-2.58835
-4.00109
-3.98311
-2.62311
0.246746
4.75386
13.0438
25.0376
79.6817
59.7947
36.6212
10.9853
-15.6941
-44.5524
-74.7751
-105.653
-137.168
-168.799
-200.148
-230.934
-260.674
-288.911
-315.151
-338.852
-359.456
-376.449
-389.352
-397.784
-401.355
-399.831
-392.944
-380.676
-363.768
-343.825
-322.295
-299.538
-275.137
-248.336
-218.721
-187.219
-155.375
-122.358
-90.9888
-67.5657
-32.9114
16.4635
1.31165
97.6305
114.499
131.955
149.177
164.484
177.912
188.792
196.408
200.763
202.135
200.864
197.363
191.956
184.912
176.484
166.845
156.164
144.607
132.324
119.454
106.141
92.5367
78.8194
65.2578
52.2627
40.2865
29.6452
20.4687
12.8016
6.67479
2.10698
-0.956595
-2.56867
-2.74173
-1.55063
1.17508
5.58407
13.6257
25.0768
75.1925
56.7092
35.1657
11.367
-13.3129
-40.0003
-67.9241
-96.4299
-125.548
-154.815
-183.905
-212.606
-240.503
-267.208
-292.276
-315.203
-335.459
-352.534
-365.929
-375.269
-380.127
-380.238
-375.323
-365.323
-350.825
-333.122
-313.396
-292.021
-268.811
-243.193
-214.742
-184.331
-153.485
-121.488
-90.8406
-66.9331
-33.5527
12.5594
0.961166
91.9066
107.602
123.913
140.056
154.456
167.189
177.618
185.06
189.517
191.256
190.584
187.87
183.402
177.409
170.099
161.6
152.04
141.552
130.256
118.281
105.768
92.8694
79.7617
66.7077
54.1007
42.37
31.837
22.6688
14.9385
8.68989
3.95844
0.71008
-1.09446
-1.45717
-0.437967
2.13499
6.42614
14.1971
25.1074
70.7093
53.4659
33.3679
11.1974
-11.7134
-36.4731
-62.3489
-88.7281
-115.68
-142.791
-169.782
-196.506
-222.606
-247.755
-271.568
-293.585
-313.312
-330.256
-343.916
-353.92
-359.824
-361.32
-358.123
-350.137
-337.819
-322.206
-304.242
-284.276
-262.291
-237.874
-210.607
-181.317
-151.488
-120.514
-90.6142
-66.3445
-34.2333
8.73727
0.743595
86.3278
100.993
116.285
131.467
145.057
157.155
167.152
174.405
178.909
180.924
180.728
178.66
174.982
169.893
163.568
156.101
147.586
138.121
127.801
116.733
105.045
92.8856
80.4238
67.9137
55.7333
44.2928
33.915
24.795
17.0331
10.688
5.81136
2.39008
0.400256
-0.149387
0.697191
3.11201
7.26952
14.7531
25.1251
66.3078
50.1701
31.3655
10.651
-10.6813
-33.7178
-57.7597
-82.2259
-107.217
-132.358
-157.41
-182.273
-206.643
-230.249
-252.764
-273.776
-292.826
-309.454
-323.174
-333.61
-340.34
-343.005
-341.308
-335.117
-324.776
-311.112
-294.859
-276.315
-255.584
-232.382
-206.318
-178.175
-149.381
-119.435
-90.3085
-65.8148
-34.928
5.07014
0.445036
80.9476
94.6935
109.076
123.391
136.25
147.76
157.346
164.399
168.909
171.126
171.309
169.77
166.755
162.44
156.976
150.435
142.88
134.382
125.008
114.839
103.99
92.592
80.806
68.8722
57.154
46.0467
35.8697
26.8389
19.0792
12.6652
7.66465
4.0853
1.91964
1.18705
1.86014
4.10998
8.11694
15.2958
25.127
62.0355
46.8926
29.2524
9.84931
-10.0665
-31.5548
-53.9435
-76.686
-99.899
-123.237
-146.502
-169.628
-192.358
-214.469
-235.679
-255.631
-273.908
-290.085
-303.704
-314.386
-321.738
-325.362
-324.949
-320.333
-311.766
-299.899
-285.286
-268.161
-248.7
-226.724
-201.876
-174.902
-147.161
-118.248
-89.9212
-65.3509
-35.6377
1.58789
-0.0315894
75.7961
88.7149
102.274
115.805
127.995
138.959
148.154
155
159.482
161.844
162.326
161.221
158.76
155.107
150.394
144.676
137.996
130.398
121.925
112.636
102.622
91.9993
80.9107
69.5797
58.3556
47.6205
37.6875
28.7864
21.0635
14.6093
9.50739
5.7861
3.4552
2.54476
3.04452
5.12355
8.96466
15.8226
25.1126
57.9231
43.6818
27.0964
8.88168
-9.75595
-29.8432
-50.7357
-71.9172
-93.5133
-115.206
-136.828
-158.341
-179.523
-200.196
-220.124
-238.993
-256.433
-272.056
-285.438
-296.203
-303.996
-308.39
-309.063
-305.819
-298.833
-288.613
-275.56
-259.837
-241.653
-220.908
-197.287
-171.498
-144.824
-116.953
-89.4509
-64.95
-36.3674
-1.70923
-0.694663
70.8879
83.0583
95.8679
108.681
120.256
130.712
139.535
146.168
150.598
153.058
153.776
153.025
151.029
147.94
143.878
138.887
132.996
126.228
118.604
110.162
100.969
91.1223
80.7434
70.0366
59.3353
49.0074
39.3586
30.6267
22.9755
16.5112
11.3323
7.48714
5.00324
3.92147
4.24872
6.15125
9.8116
16.3329
25.0825
53.9902
40.5691
24.9445
7.81356
-9.66446
-28.4777
-48.0123
-67.7734
-87.896
-108.086
-128.198
-148.213
-167.946
-187.251
-205.934
-223.722
-240.29
-255.289
-268.328
-279.047
-287.117
-292.11
-293.684
-291.62
-286.031
-277.309
-265.724
-251.369
-234.457
-214.944
-192.555
-167.964
-142.37
-115.549
-88.897
-64.6035
-37.117
-4.82916
-1.5194
66.2285
77.7181
89.8404
101.993
113.001
122.978
131.446
137.867
142.223
144.746
145.647
145.185
143.578
140.969
137.471
133.121
127.936
121.925
115.093
107.457
99.0616
89.9809
80.3156
70.2472
60.0909
50.2011
40.8734
32.3485
24.8041
18.3603
13.1298
9.18044
6.55718
5.31189
5.46836
7.18941
10.6553
16.8258
25.0371
50.2465
37.5759
22.8342
6.69266
-9.72482
-27.3777
-45.6716
-64.1384
-82.9144
-101.728
-120.45
-139.081
-157.461
-175.476
-192.963
-209.689
-225.371
-239.696
-252.311
-262.875
-271.084
-276.523
-278.829
-277.769
-273.405
-266.033
-255.819
-242.785
-227.13
-208.842
-187.686
-164.302
-139.798
-114.034
-88.2597
-64.2986
-37.8822
-7.77445
-2.47544
61.8175
72.6826
84.1715
95.7143
106.194
115.723
123.85
130.058
134.328
136.884
137.927
137.701
136.419
134.22
131.208
127.419
122.863
117.539
111.438
104.56
96.9289
88.5968
79.6409
70.2182
60.6241
51.1981
42.2242
33.9421
26.5385
20.1462
14.8909
10.8583
8.11075
6.7112
6.69955
8.23493
11.4934
17.301
24.977
46.6953
34.7162
20.7863
5.55694
-9.89053
-26.478
-43.6365
-60.917
-78.4614
-96.0113
-113.455
-130.806
-147.928
-164.728
-181.076
-196.77
-211.569
-225.193
-237.325
-247.651
-255.88
-261.629
-264.517
-264.298
-260.997
-254.832
-245.885
-234.116
-219.692
-202.617
-182.69
-160.513
-137.108
-112.411
-87.538
-64.0225
-38.655
-10.5431
-3.53773
57.6509
67.94
78.8431
89.8206
99.8052
108.911
116.712
122.71
126.883
129.45
130.599
130.566
129.556
127.705
125.115
121.817
117.818
113.113
107.682
101.509
94.6033
86.9936
78.7344
69.9585
60.9388
51.9972
43.4054
35.3986
28.1689
21.859
16.606
12.5124
9.65677
8.11359
7.93761
9.28398
12.3236
17.7578
24.9028
43.3368
31.9976
18.8181
4.43055
-10.1229
-25.7313
-41.8449
-58.0378
-74.4505
-90.8394
-107.104
-123.272
-139.223
-154.885
-170.154
-184.857
-198.787
-211.699
-223.309
-233.329
-241.481
-247.422
-250.755
-251.231
-248.843
-243.749
-235.964
-225.393
-212.165
-196.284
-177.576
-156.604
-134.303
-110.679
-86.7316
-63.7612
-39.425
-13.1325
-4.68574
53.7216
63.4777
73.8367
84.2871
93.8076
102.512
110.002
115.793
119.861
122.42
123.65
123.773
122.992
121.438
119.21
116.341
112.836
108.685
103.862
98.3418
92.1169
85.1979
77.6168
69.4816
61.0412
52.5991
44.4131
36.7109
29.6861
23.4887
18.2656
14.1342
11.1878
9.51301
9.1775
10.3327
13.1433
18.1959
24.8149
40.1678
29.4227
16.9406
3.33358
-10.3944
-25.0982
-40.2492
-55.4402
-70.8109
-86.1305
-101.31
-116.384
-131.249
-145.847
-160.097
-173.855
-186.938
-199.138
-210.198
-219.862
-227.861
-233.89
-237.55
-238.588
-236.978
-232.825
-226.095
-216.651
-204.573
-189.859
-172.355
-152.581
-131.386
-108.84
-85.8395
-63.5008
-40.1795
-15.5412
-5.90184
50.0224
59.2823
69.1337
79.0907
88.1751
96.5001
103.692
109.28
113.239
115.775
117.063
117.313
116.723
115.423
113.508
111.012
107.943
104.286
100.014
95.0922
89.5016
83.2368
76.3092
68.802
60.9398
53.0069
45.2455
37.8733
31.082
25.0263
19.8603
15.7147
12.6961
10.9029
10.4138
11.3769
13.9501
18.6151
24.7145
37.1841
26.9928
15.1597
2.27935
-10.6828
-24.549
-38.8092
-53.0755
-67.483
-81.8167
-95.9948
-110.058
-123.914
-137.521
-150.815
-163.672
-175.941
-187.436
-197.935
-207.203
-214.989
-221.02
-224.903
-226.386
-225.428
-222.096
-216.316
-207.92
-196.941
-183.36
-167.039
-148.451
-128.362
-106.897
-84.8612
-63.2281
-40.9057
-17.7705
-7.1696
46.5438
55.3407
64.7167
74.2105
82.8839
90.85
97.7555
103.144
106.99
109.495
110.822
111.175
110.746
109.662
108.018
105.849
103.162
99.9456
96.1681
91.7921
86.7882
81.1372
74.8331
67.9357
60.6457
53.2264
45.9033
38.882
32.3499
26.4631
21.3811
17.2452
14.1735
12.2761
11.6406
12.4121
14.7411
19.0151
24.603
34.3802
24.7059
13.48
1.27806
-10.9733
-24.0599
-37.4942
-50.9039
-64.422
-77.8429
-91.0952
-104.222
-117.143
-129.827
-142.225
-154.231
-165.718
-176.527
-186.46
-195.308
-202.833
-208.792
-212.811
-214.637
-214.219
-211.593
-206.663
-199.234
-189.296
-176.809
-161.644
-144.224
-125.236
-104.853
-83.7961
-62.9299
-41.5909
-19.824
-8.47333
43.2759
51.6408
60.5705
69.6275
77.9132
85.5384
92.1692
97.3631
101.094
103.558
104.911
105.347
105.053
104.155
102.745
100.861
98.511
95.6849
92.3511
88.4697
84.0047
78.9258
73.2116
66.9016
60.172
53.2649
46.3886
39.7348
33.4841
27.7917
22.8192
18.7166
15.6118
13.6253
12.8518
13.4336
15.5138
19.3961
24.4815
31.7498
22.5598
11.9028
0.336042
-11.2518
-23.6128
-36.2789
-48.8938
-61.5866
-74.1639
-86.559
-98.819
-110.871
-122.695
-134.254
-145.46
-156.203
-166.345
-175.716
-184.127
-191.357
-197.187
-201.265
-203.346
-203.366
-201.345
-197.168
-190.624
-181.665
-170.225
-156.183
-139.909
-122.016
-102.711
-82.644
-62.5946
-42.2228
-21.706
-9.79732
40.2101
48.169
56.6792
65.3247
73.2432
80.5435
86.9106
91.9151
95.5316
97.9487
99.3156
99.8174
99.6377
98.8991
97.6922
96.0565
94.0031
91.5228
88.5855
85.1505
81.1774
76.6278
71.4679
65.7185
59.5329
53.1315
46.7054
40.4316
34.4808
29.0051
24.1665
20.1205
17.0025
14.9426
14.041
14.4368
16.2655
19.758
24.3517
29.2857
20.5511
10.4285
-0.542707
-11.5097
-23.1932
-35.1427
-47.018
-58.9448
-70.739
-82.3395
-93.7951
-105.042
-116.067
-126.842
-137.295
-147.331
-156.834
-165.652
-173.617
-180.529
-186.182
-190.258
-192.515
-192.886
-191.376
-187.86
-182.12
-174.073
-163.631
-150.674
-135.52
-118.709
-100.475
-81.4054
-62.2105
-42.7905
-23.4214
-11.1274
37.3368
44.9144
53.0284
61.2841
68.8546
75.8454
81.96
86.7812
90.283
92.6482
94.0197
94.5745
94.4913
93.8899
92.8593
91.4411
89.6483
87.4739
84.8896
81.8558
78.3296
74.2666
69.6236
64.4055
58.7434
52.8373
46.86
40.9734
35.3373
30.0984
25.4157
21.4485
18.3375
16.2204
15.2015
15.4165
16.9933
20.1008
24.2151
26.9811
18.6755
9.05566
-1.35594
-11.7411
-22.7904
-34.0705
-45.2563
-56.4701
-67.5363
-78.3995
-89.1084
-99.6067
-109.889
-119.933
-129.678
-139.047
-147.937
-156.217
-163.737
-170.313
-175.755
-179.777
-182.145
-182.79
-181.706
-178.766
-173.75
-166.546
-157.049
-145.134
-131.068
-115.323
-98.151
-80.0799
-61.7687
-43.2837
-24.9752
-12.4504
34.6468
41.8647
49.6043
57.4903
64.7303
71.4265
77.2981
81.9421
85.3304
87.6407
89.0095
89.6062
89.6046
89.1215
88.2445
87.0164
85.4526
83.5485
81.2784
78.6042
75.4822
71.864
67.6997
62.9811
57.8195
52.3939
46.8598
41.3634
36.0526
31.0668
26.5603
22.6928
19.6086
17.4508
16.3265
16.3678
17.6947
20.4247
24.0735
24.8291
16.9276
7.78245
-2.10248
-11.9411
-22.3955
-33.0493
-43.591
-54.1399
-64.5279
-74.7059
-84.7214
-94.525
-104.115
-113.477
-122.56
-131.299
-139.606
-147.365
-154.445
-160.676
-165.881
-169.807
-172.23
-173.082
-172.351
-169.91
-165.54
-159.111
-150.5
-139.581
-126.568
-111.868
-95.7435
-78.6698
-61.2597
-43.6938
-26.3734
-13.754
32.1305
39.0085
46.3937
53.9292
60.8545
67.2701
72.9086
77.3805
80.6572
82.9106
84.2709
84.9003
84.9674
84.5868
83.8441
82.7829
81.4208
79.7555
77.7643
75.4111
72.653
69.4398
65.7166
61.465
56.7777
51.8145
46.7136
41.6064
36.6276
31.9078
27.5947
23.8463
20.8078
18.626
17.4091
17.2854
18.3669
20.7295
23.9286
22.8222
15.3028
6.60536
-2.78207
-12.107
-22.0025
-32.0685
-42.0085
-51.9359
-61.6923
-71.2319
-80.6031
-89.76
-98.7066
-107.433
-115.896
-124.042
-131.795
-139.054
-145.701
-151.583
-156.534
-160.334
-162.766
-163.767
-163.323
-161.308
-157.514
-151.791
-144.008
-134.034
-122.033
-108.354
-93.2589
-77.1751
-60.6766
-44.0139
-27.6195
-15.0262
29.7788
36.3353
43.385
50.5869
57.2125
63.3605
68.775
73.0807
76.2479
78.4432
79.7907
80.4452
80.5711
80.2791
79.6537
78.7389
77.5542
76.0999
74.356
72.289
69.8574
67.0115
63.6929
59.8747
55.634
51.1121
46.4314
41.7081
37.0641
32.6198
28.5149
24.9026
21.9279
19.7385
18.4425
18.1642
19.0071
21.0152
23.7822
20.9531
13.7953
5.52144
-3.39602
-12.2372
-21.607
-31.1208
-40.4966
-49.8429
-59.0096
-67.9537
-76.7247
-85.2806
-93.6274
-101.761
-109.645
-117.234
-124.464
-131.244
-137.469
-143.004
-147.691
-151.337
-153.743
-154.846
-154.63
-152.979
-149.691
-144.61
-137.594
-128.51
-117.478
-104.791
-90.7042
-75.5982
-60.013
-44.2358
-28.7179
-16.254
27.583
33.8349
40.5658
47.4502
53.7902
59.6825
64.8824
69.0273
72.0877
74.2243
75.5555
76.2292
76.4049
76.1903
75.6672
74.8812
73.8529
72.5847
71.0599
69.2477
67.1089
64.5943
61.6444
58.2267
54.4037
50.3004
46.0239
41.6761
37.3657
33.2028
29.3174
25.8567
22.9621
20.781
19.4201
18.999
19.6128
21.2813
23.6357
19.2148
12.3993
4.52699
-3.94614
-12.3307
-21.2048
-30.1996
-39.0455
-47.8475
-56.4626
-64.8514
-73.0627
-81.0585
-88.8473
-96.4281
-103.771
-110.838
-117.573
-123.897
-129.716
-134.907
-139.325
-142.801
-145.15
-146.314
-146.279
-144.934
-142.09
-137.587
-131.278
-123.03
-112.921
-101.191
-88.0852
-73.9419
-59.2639
-44.3556
-29.6707
-17.4247
25.5346
31.497
37.9252
44.5074
50.5748
56.2225
61.2167
65.2064
68.1629
70.2407
71.553
72.241
72.4586
72.3117
71.8787
71.2061
70.3158
69.2118
67.8807
66.2949
64.4174
62.2009
59.5863
56.5366
53.1023
49.393
45.5023
41.5182
37.537
33.658
30.0007
26.7039
23.9045
21.7468
20.3354
19.7846
20.1809
21.5274
23.4905
17.5999
11.1095
3.61773
-4.43439
-12.3877
-20.7942
-29.3001
-37.6484
-45.9399
-54.0389
-61.9087
-69.5976
-77.0713
-84.3397
-91.4052
-98.2426
-104.82
-111.089
-116.98
-122.409
-127.265
-131.412
-134.707
-136.976
-138.168
-138.271
-137.183
-134.726
-130.741
-125.08
-117.611
-108.375
-97.5666
-85.4111
-72.2089
-58.4267
-44.3686
-30.4812
-18.5281
23.6252
29.3128
35.4526
41.7467
47.5538
52.9677
57.7641
61.605
64.4605
66.48
67.7712
68.4693
68.723
68.6347
68.2811
67.7083
66.9398
65.981
64.8213
63.4363
61.7919
59.8428
57.5315
54.8183
51.7438
48.4034
44.878
41.2435
37.5839
33.9879
30.5638
27.4411
24.7501
22.6299
21.1825
20.5161
20.7087
21.7525
23.3474
16.1019
9.91997
2.78962
-4.86342
-12.409
-20.3738
-28.4189
-36.2993
-44.1117
-51.7268
-59.1113
-66.3121
-73.2986
-80.0816
-86.6665
-93.0319
-99.1513
-104.982
-110.463
-115.519
-120.049
-123.93
-127.034
-129.206
-130.401
-130.607
-129.731
-127.61
-124.088
-119.019
-112.271
-103.857
-93.9291
-82.6899
-70.404
-57.5003
-44.2725
-31.1518
-19.5556
21.8468
27.2732
33.1382
39.1571
44.716
49.9059
54.5128
58.2103
60.9678
62.9299
64.1989
64.9039
65.1882
65.1511
64.8673
64.3829
63.7216
62.8912
61.883
60.6759
59.2387
57.5289
55.4914
53.0849
50.3414
47.3441
44.1625
40.8612
37.513
34.196
31.0076
28.0663
25.4948
23.425
21.9559
21.1887
21.1934
21.9556
23.207
14.7137
8.8252
2.03836
-5.23599
-12.3955
-19.9427
-27.5527
-34.9923
-42.3544
-49.5156
-56.4462
-63.1909
-69.7226
-76.0532
-82.1893
-88.1139
-93.8041
-99.2233
-104.317
-109.018
-113.235
-116.854
-119.765
-121.829
-123.004
-123.283
-122.582
-120.751
-117.641
-113.109
-107.027
-99.383
-90.292
-79.9315
-68.533
-56.485
-44.067
-31.6857
-20.4985
20.1919
25.3695
30.9725
36.7288
42.0502
47.026
51.4512
55.0104
57.6734
59.5792
60.8249
61.5338
61.8442
61.8523
61.63
61.2236
60.6572
59.9398
59.0657
58.016
56.7629
55.2669
53.4754
51.3472
48.907
46.2271
43.367
40.3811
37.3317
34.2873
31.3337
28.5786
26.1356
24.1279
22.6509
21.798
21.6319
22.135
23.0692
13.4291
7.81977
1.35966
-5.55501
-12.3486
-19.5008
-26.6998
-33.7242
-40.6622
-47.3976
-53.9025
-60.2206
-66.3272
-72.2355
-77.9534
-83.4663
-88.7554
-93.7889
-98.5175
-102.881
-106.798
-110.164
-112.882
-114.828
-115.968
-116.296
-115.737
-114.156
-111.41
-107.364
-101.894
-94.9679
-86.6681
-77.1462
-66.6027
-55.3849
-43.7534
-32.087
-21.35
18.6532
23.5938
28.9468
34.4522
39.5466
44.3174
48.568
51.9943
54.566
56.4166
57.6385
58.3492
58.6817
58.7293
58.5617
58.2242
57.7416
57.1243
56.3684
55.458
54.3681
53.0623
51.4913
49.6149
47.4516
45.0639
42.5024
39.8128
37.0481
34.267
31.5451
28.9782
26.6705
24.7353
23.2634
22.3403
22.0215
22.2891
22.9333
12.2419
6.89837
0.749291
-5.82355
-12.2702
-19.0482
-25.8589
-32.4914
-39.0306
-45.3657
-51.4715
-57.3905
-63.1
-68.6137
-73.9408
-79.0694
-83.9834
-88.655
-93.0407
-97.0859
-100.716
-103.839
-106.366
-108.191
-109.282
-109.64
-109.196
-107.829
-105.405
-101.797
-96.8851
-90.6256
-83.0702
-74.3451
-64.6213
-54.2047
-43.3362
-32.3619
-22.1045
17.2236
21.9383
27.0526
32.3182
37.1954
41.7698
45.853
49.1517
51.6352
53.4318
54.6298
55.3402
55.6918
55.7744
55.655
55.3784
54.97
54.4411
53.7895
53.0021
52.0565
50.9199
49.5462
47.8964
45.9847
43.8646
41.5792
39.1662
36.6702
34.1415
31.6456
29.2667
27.0988
25.2448
23.7901
22.8119
22.3595
22.4158
22.7981
11.1462
6.05597
0.203034
-6.04468
-12.162
-18.5854
-25.0286
-31.2914
-37.455
-43.4137
-49.1451
-54.6901
-60.028
-65.1734
-70.1359
-74.9056
-79.4689
-83.8019
-87.8654
-91.6102
-94.969
-97.8581
-100.2
-101.901
-102.936
-103.307
-102.956
-101.771
-99.6309
-96.4155
-92.0132
-86.3689
-79.5108
-71.539
-62.5978
-52.9513
-42.8211
-32.5171
-22.7596
15.8968
20.3958
25.2822
30.3185
34.9879
39.3741
43.2964
46.4722
48.8708
50.615
51.789
52.4977
52.8654
52.9787
52.9021
52.6797
52.3371
51.886
51.3265
50.6475
49.8294
48.8427
47.645
46.1991
44.5148
42.6387
40.607
38.4505
36.2065
33.9178
31.64
29.4466
27.4209
25.6553
24.2286
23.2101
22.6433
22.5128
22.6616
10.1363
5.28766
-0.283172
-6.22158
-12.0262
-18.1135
-24.2089
-30.1225
-35.9318
-41.5366
-46.9163
-52.1108
-57.1011
-61.9021
-66.524
-70.9589
-75.1948
-79.211
-82.9724
-86.4351
-89.5373
-92.2041
-94.3661
-95.9444
-96.9173
-97.29
-97.0112
-95.9815
-94.0908
-91.2276
-87.2875
-82.209
-76.0007
-68.7385
-60.5412
-51.633
-42.2144
-32.5607
-23.315
14.6666
18.9597
23.6281
28.445
32.9155
37.1211
40.8892
43.9469
46.2634
47.9566
49.1065
49.8125
50.1941
50.3344
50.2958
50.1214
49.8368
49.4547
48.9763
48.3928
47.6873
46.8333
45.7921
44.5285
43.0494
41.3947
39.5948
37.6748
35.6656
33.6029
31.5338
29.5214
27.6385
25.9666
24.5775
23.5329
22.8708
22.5779
22.5215
9.20696
4.58875
-0.713245
-6.3571
-11.8648
-17.6331
-23.3993
-28.9828
-34.4578
-39.7296
-44.7792
-49.6451
-54.31
-58.7891
-63.093
-67.2149
-71.1453
-74.8655
-78.3443
-81.5417
-84.4028
-86.8592
-88.8496
-90.3069
-91.2136
-91.5785
-91.3565
-90.4591
-88.7866
-86.2379
-82.7157
-78.1555
-72.5503
-65.9535
-58.4608
-50.2579
-41.5244
-32.501
-23.7723
13.5266
17.6234
22.0832
26.6902
30.9702
35.0027
38.6225
41.5667
43.8041
45.4479
46.5737
47.2759
47.6691
47.8334
47.8285
47.6969
47.4638
47.1425
46.7355
46.236
45.6298
44.8929
43.9903
42.8896
41.5948
40.1401
38.5511
36.8479
35.0558
33.2044
31.3333
29.4955
27.754
26.1796
24.8365
23.779
23.0403
22.6088
22.3748
8.35304
3.95453
-1.09096
-6.45434
-11.68
-17.1453
-22.5997
-27.8711
-33.0309
-37.9891
-42.7285
-47.2861
-51.6463
-55.8246
-59.8314
-63.6612
-67.3065
-70.7503
-73.965
-76.9141
-79.5484
-81.8065
-83.6339
-84.9739
-85.8132
-86.1632
-85.9848
-85.1999
-83.7184
-81.4495
-78.3038
-74.2165
-69.1683
-63.1931
-56.3649
-48.8339
-40.7583
-32.346
-24.1343
12.4715
16.3806
20.641
25.0469
29.1445
33.0109
36.4883
39.3233
41.4845
43.0802
44.1821
44.8796
45.2825
45.4679
45.4931
45.3994
45.212
44.9443
44.6003
44.1748
43.6557
43.022
42.2423
41.2863
40.1563
38.8815
37.4833
35.9778
34.3852
32.7301
31.0451
29.3743
27.7712
26.2964
25.0063
23.9481
23.1506
22.6036
22.2187
7.56962
3.38085
-1.42013
-6.5163
-11.4737
-16.6515
-21.8102
-26.7867
-31.6488
-36.3116
-40.7591
-45.0276
-49.1026
-52.9994
-56.7287
-60.2861
-63.6653
-66.8514
-69.8193
-72.5367
-74.9586
-77.0306
-78.7041
-79.9315
-80.7034
-81.0335
-80.8885
-80.1988
-78.8845
-76.864
-74.0565
-70.3985
-65.8623
-60.4651
-54.261
-47.3683
-39.923
-32.1024
-24.4037
11.496
15.2257
19.2953
23.5086
27.4313
31.1386
34.4791
37.2088
39.2965
40.8454
41.9236
42.6156
43.0265
43.2305
43.2824
43.2225
43.0755
42.8552
42.5666
42.2061
41.7634
41.2205
40.5493
39.7216
38.7385
37.6249
36.3986
35.0721
33.6618
32.1876
30.6761
29.1636
27.6946
26.32
25.0886
24.0407
23.201
22.5605
22.05
6.85204
2.86346
-1.70422
-6.54584
-11.2483
-16.153
-21.0314
-25.7288
-30.3098
-34.6943
-38.8677
-42.8647
-46.6723
-50.3058
-53.7759
-57.079
-60.2101
-63.1559
-65.894
-68.395
-70.6188
-72.5165
-74.0455
-75.1657
-75.8718
-76.1789
-76.0589
-75.45
-74.2818
-72.4813
-69.9766
-66.7069
-62.639
-57.7765
-52.1561
-45.8675
-39.0243
-31.7757
-24.5823
10.5948
14.153
18.0401
22.0689
25.824
29.3783
32.5874
35.2159
37.2326
38.7361
39.7907
40.4765
40.8938
41.1141
41.1897
41.1596
41.0484
40.8701
40.6302
40.3266
39.9511
39.4878
38.9118
38.1978
37.3452
36.3753
35.303
34.1379
32.8931
31.5846
30.2338
28.8699
27.5294
26.2543
25.086
24.0581
23.1916
22.4783
21.8661
6.19584
2.39843
-1.94666
-6.54572
-11.0056
-15.6511
-20.2635
-24.6969
-29.0126
-33.1347
-37.0501
-40.7923
-44.3495
-47.7365
-50.9646
-54.0306
-56.9302
-59.6522
-62.1763
-64.4758
-66.515
-68.2501
-69.644
-70.6633
-71.3059
-71.5884
-71.4869
-70.9468
-69.906
-68.3004
-66.0659
-63.1458
-59.5042
-55.1339
-50.0566
-44.3372
-38.0672
-31.3699
-24.6715
9.76324
13.1575
16.8697
20.7218
24.3161
27.7238
30.8065
33.3375
35.2855
36.7448
37.7761
38.4548
38.8773
39.1116
39.2081
39.2045
39.125
38.9837
38.7866
38.533
38.2161
37.8227
37.3304
36.7164
35.9793
35.137
34.202
33.1818
32.0864
30.9285
29.7253
28.4999
27.2815
26.1042
25.0019
24.0024
23.1231
22.356
21.6644
5.59691
1.98192
-2.15063
-6.51866
-10.7476
-15.1469
-19.5074
-23.6909
-27.7557
-31.6304
-35.3032
-38.8062
-42.1286
-45.2853
-48.2871
-51.1318
-53.8161
-56.3298
-58.6546
-60.767
-62.6344
-64.2184
-65.4864
-66.4112
-66.9932
-67.2503
-67.1627
-66.6816
-65.7523
-64.3189
-62.325
-59.7189
-56.4632
-52.5435
-47.9689
-42.7827
-37.0562
-30.8884
-24.6722
8.99661
12.2341
15.7788
19.4617
22.9019
26.1687
29.1298
31.5668
33.4486
34.8648
35.8729
36.5439
36.9701
37.2165
37.3313
37.3512
37.2997
37.1909
37.0314
36.8216
36.5561
36.2236
35.8046
35.2785
34.6432
33.9139
33.1009
32.2098
31.2485
30.2268
29.1583
28.0609
26.9574
25.8749
24.8405
23.8766
22.9968
22.1934
21.4428
5.05122
1.61046
-2.31934
-6.46709
-10.4765
-14.6418
-18.7633
-22.7101
-26.5382
-30.1797
-33.6242
-36.9025
-40.0051
-42.9461
-45.7366
-48.375
-50.8587
-53.1785
-55.3184
-57.2568
-58.9649
-60.4088
-61.56
-62.3968
-62.9218
-63.1537
-63.0761
-62.6458
-61.8146
-60.5338
-58.754
-56.4286
-53.521
-50.0115
-45.8993
-41.2102
-35.9962
-30.3346
-24.5853
8.29067
11.3781
14.7626
18.2831
21.5755
24.707
27.5512
29.8978
31.7153
33.0895
34.0746
34.7373
35.1658
35.4225
35.5533
35.5938
35.567
35.4867
35.3602
35.1886
34.9679
34.6886
34.3337
33.8847
33.3389
32.7091
32.0038
31.2275
30.3858
29.4865
28.54
27.56
26.5639
25.5725
24.6068
23.6841
22.8147
21.9907
21.1998
4.55504
1.28066
-2.45567
-6.39342
-10.1941
-14.1369
-18.0318
-21.7547
-25.359
-28.7807
-32.0104
-35.0777
-37.9741
-40.7136
-43.307
-45.7529
-48.0499
-50.1896
-52.1575
-53.9347
-55.4954
-56.8095
-57.8526
-58.6076
-59.0793
-59.287
-59.2169
-58.8308
-58.0862
-56.9404
-55.3511
-53.2765
-50.6817
-47.5439
-43.8548
-39.6263
-34.8932
-29.7126
-24.413
7.64135
10.5853
13.8162
17.1811
20.3318
23.3334
26.0651
28.3243
30.0796
31.4129
32.375
33.0287
33.4584
33.7236
33.8682
33.9269
33.9216
33.8663
33.7686
33.6304
33.4488
33.2158
32.9168
32.5351
32.0677
31.5253
30.9149
30.2398
29.5044
28.7144
27.8777
27.0046
26.108
25.2032
24.3059
23.4288
22.5791
21.7485
20.934
4.10486
0.989366
-2.56227
-6.29989
-9.90184
-13.6334
-17.3132
-20.8242
-24.2172
-27.4316
-30.4593
-33.3286
-36.0318
-38.5828
-40.9921
-43.2589
-45.3821
-47.3544
-49.163
-50.7908
-52.2151
-53.4094
-54.3527
-55.0322
-55.4545
-55.6391
-55.5746
-55.2271
-54.5591
-53.5337
-52.114
-50.2632
-47.9487
-45.1466
-41.8428
-38.0386
-33.7537
-29.0283
-24.1594
7.04474
9.85133
12.9352
16.151
19.1655
22.0422
24.6656
26.8405
28.5357
29.8291
30.7682
31.4125
31.8421
32.1142
32.2707
32.345
32.3585
32.325
32.2524
32.1433
31.9957
31.803
31.5526
31.2296
30.8308
30.3647
29.8375
29.2515
28.6099
27.9169
27.1785
26.4022
25.597
24.7738
23.9437
23.1153
22.293
21.4678
20.6444
3.69733
0.733603
-2.64178
-6.18859
-9.60146
-13.1323
-16.6082
-19.9187
-23.1119
-26.131
-28.9687
-31.652
-34.1745
-36.5493
-38.7867
-40.8865
-42.8482
-44.6652
-46.3262
-47.816
-49.1142
-50.198
-51.0493
-51.6592
-52.0358
-52.1986
-52.1385
-51.825
-51.2253
-50.3074
-49.0391
-47.3881
-45.3246
-42.8246
-39.8703
-36.455
-32.5863
-28.2887
-23.8302
6.49723
9.17237
12.1152
15.188
18.0719
20.8286
23.3476
25.4412
27.0781
28.3324
29.2488
29.8829
30.3115
30.589
30.7555
30.8431
30.8731
30.8585
30.8077
30.7236
30.6055
30.4478
30.2396
29.9678
29.6286
29.2293
28.7748
28.2668
27.7076
27.1003
26.4493
25.7599
25.0381
24.2912
23.5261
22.7483
21.9594
21.1498
20.3301
3.32934
0.510579
-2.69652
-6.06145
-9.29441
-12.6346
-15.9171
-19.0378
-22.0423
-24.8772
-27.5363
-30.0452
-32.3983
-34.6085
-36.6857
-38.6302
-40.4417
-42.1148
-43.6391
-45.0012
-46.1832
-47.1652
-47.9322
-48.4782
-48.8125
-48.9549
-48.898
-48.6148
-48.0762
-47.2544
-46.1216
-44.6494
-42.8107
-40.5821
-37.944
-34.8838
-31.3993
-27.5021
-23.4327
5.99536
8.54467
11.3523
14.2878
17.0463
19.6875
22.106
24.121
25.7013
26.9174
27.8112
28.4347
28.8612
29.1429
29.3176
29.4167
29.4606
29.4624
29.4304
29.3682
29.2755
29.1479
28.9763
28.749
28.4617
28.1204
27.7292
27.2893
26.8022
26.2704
25.6967
25.0848
24.4385
23.7622
23.0595
22.3331
21.5821
20.7962
19.9908
2.99792
0.317655
-2.72876
-5.92025
-8.98202
-12.1409
-15.2402
-18.181
-21.0074
-23.6689
-26.1599
-28.5053
-30.6998
-32.7563
-34.6841
-36.4842
-38.1564
-39.6961
-41.0941
-42.3385
-43.4136
-44.302
-44.9915
-45.4787
-45.7742
-45.8977
-45.843
-45.5865
-45.1027
-44.3672
-43.3558
-42.0437
-40.4066
-38.4219
-36.0693
-33.3323
-30.2012
-26.6771
-22.9748
5.53582
7.96465
10.6425
13.4463
16.0843
18.6145
20.936
22.875
24.4004
25.5791
26.4504
27.0628
27.4864
27.7708
27.9524
28.0612
28.1171
28.1328
28.117
28.0736
28.0027
27.9013
27.7613
27.5724
27.3303
27.0393
26.7031
26.3224
25.8984
25.4325
24.9269
24.3839
23.8056
23.194
22.5504
21.875
21.1649
20.4091
19.6264
2.70023
0.152366
-2.74059
-5.76678
-8.6656
-11.6523
-14.5775
-17.3483
-20.0064
-22.5044
-24.8375
-27.0294
-29.0756
-30.9885
-32.7774
-34.4432
-35.9863
-37.4025
-38.6839
-39.8199
-40.7968
-41.5994
-42.2179
-42.6514
-42.9112
-43.0168
-42.9637
-42.7308
-42.296
-41.6379
-40.7355
-39.5671
-38.1107
-36.3452
-34.2502
-31.8068
-28.9997
-25.8219
-22.4645
5.11553
7.42899
9.98239
12.6596
15.1818
17.605
19.8329
21.6985
23.1706
24.3126
25.1615
25.7625
26.1822
26.4683
26.6553
26.7722
26.8382
26.866
26.864
26.8366
26.7846
26.7055
26.5928
26.4372
26.2342
25.9869
25.6984
25.3692
24.9999
24.5916
24.1458
23.6636
23.146
22.5935
22.0053
21.3797
20.7121
19.9908
19.2371
2.43368
0.0123426
-2.73404
-5.60261
-8.34636
-11.1693
-13.9294
-16.5393
-19.0384
-21.3823
-23.5669
-25.6149
-27.5225
-29.3014
-30.9609
-32.502
-33.9255
-35.2277
-36.4017
-37.4381
-38.3248
-39.0489
-39.6027
-39.9869
-40.214
-40.3029
-40.2505
-40.0385
-39.6473
-39.0586
-38.254
-37.2144
-35.9202
-34.3517
-32.4888
-30.3117
-27.8011
-24.9436
-21.9091
4.73163
6.93449
9.36849
11.9242
14.335
16.6552
18.7927
20.5871
22.0073
23.1134
23.9398
24.5289
24.9442
25.231
25.4222
25.5457
25.6202
25.6582
25.668
25.6542
25.6183
25.5585
25.4693
25.3424
25.1732
24.9638
24.7167
24.4321
24.1104
23.7523
23.3586
22.9301
22.4666
21.9676
21.4308
20.853
20.2283
19.5445
18.8243
2.19575
-0.104591
-2.71107
-5.42932
-8.02546
-10.6928
-13.2963
-15.7538
-18.1026
-20.3012
-22.3463
-24.2593
-26.0371
-27.6911
-29.2302
-30.6556
-31.9685
-33.1656
-34.2407
-35.1857
-35.99
-36.6425
-37.1373
-37.4767
-37.6738
-37.7472
-37.6948
-37.5008
-37.1483
-36.6215
-35.9044
-34.9803
-33.8315
-32.44
-30.7863
-28.8502
-26.61
-24.0477
-21.3139
4.38134
6.47828
8.79778
11.2368
13.5404
15.7613
17.8115
19.5368
20.9064
21.9772
22.7811
23.358
23.768
24.0546
24.2488
24.3778
24.4595
24.506
24.5258
24.5236
24.5014
24.458
24.389
24.2869
24.147
23.9704
23.7591
23.5132
23.2329
22.9184
22.5704
22.189
21.7736
21.3226
20.8331
20.3007
19.7184
19.0736
18.3897
1.98406
-0.200587
-2.67342
-5.2484
-7.70409
-10.2236
-12.6785
-14.9916
-17.1985
-19.2602
-21.1738
-22.9602
-24.6166
-26.154
-27.5811
-28.8993
-30.1098
-31.21
-32.1945
-33.0557
-33.7848
-34.3724
-34.8136
-35.1125
-35.2822
-35.3411
-35.288
-35.1095
-34.7911
-34.3193
-33.6803
-32.8593
-31.8407
-30.6078
-29.1423
-27.4239
-25.4298
-23.1386
-20.6837
4.0621
6.05756
8.26726
10.5941
12.7946
14.9197
16.8854
18.5436
19.8638
20.8998
21.6814
22.2456
22.6497
22.9352
23.1316
23.2648
23.3524
23.4061
23.4343
23.442
23.4315
23.4021
23.3503
23.2696
23.1549
23.0068
22.8266
22.6143
22.3699
22.0935
21.7853
21.4453
21.0725
20.6647
20.2186
19.7288
19.1876
18.5822
17.936
1.79635
-0.277685
-2.62291
-5.06133
-7.38334
-9.76225
-12.0763
-14.2526
-16.3254
-18.2578
-20.0479
-21.7154
-23.2581
-24.6867
-26.0095
-27.2282
-28.3441
-29.3551
-30.2564
-31.0413
-31.7021
-32.2307
-32.6238
-32.8861
-33.0311
-33.0766
-33.0224
-32.8571
-32.5686
-32.1453
-31.5755
-30.8464
-29.9439
-28.8528
-27.556
-26.0338
-24.2628
-22.2194
-20.0219
3.77145
5.66967
7.77415
9.99337
12.0946
14.1273
16.011
17.6041
18.8759
19.8775
20.6367
21.1878
21.5855
21.8691
22.0667
22.2033
22.2958
22.3554
22.3907
22.4068
22.4061
22.3886
22.3516
22.2892
22.1964
22.0729
21.9197
21.7366
21.5235
21.2804
21.0072
20.7036
20.3685
19.9996
19.5929
19.1428
18.6412
18.0748
17.4668
1.63038
-0.337866
-2.56126
-4.86951
-7.0643
-9.30962
-11.4899
-13.5367
-15.4827
-17.2933
-18.9671
-20.523
-21.9592
-23.2861
-24.5118
-25.6381
-26.6666
-27.5954
-28.4203
-29.1357
-29.7345
-30.21
-30.5599
-30.7896
-30.9125
-30.9459
-30.8903
-30.7364
-30.4739
-30.0933
-29.5846
-28.9368
-28.1374
-27.1726
-26.0265
-24.6804
-23.1109
-21.2931
-19.3316
3.50696
5.31208
7.31568
9.43153
11.4372
13.3806
15.185
16.7147
17.9392
18.9067
19.6434
20.1812
20.5719
20.8529
21.051
21.1901
21.2865
21.3512
21.3924
21.4155
21.4231
21.4157
21.3913
21.3446
21.2706
21.1685
21.0387
20.8811
20.6954
20.4814
20.239
19.9677
19.6662
19.3321
18.9614
18.5482
18.0841
17.5557
16.9858
1.48403
-0.383051
-2.49011
-4.67423
-6.74793
-8.86632
-10.9197
-12.8439
-14.6699
-16.3656
-17.93
-19.381
-20.7175
-21.9493
-23.0845
-24.125
-25.0725
-25.9255
-26.6805
-27.3324
-27.8751
-28.3029
-28.6143
-28.8151
-28.9186
-28.9413
-28.8846
-28.7404
-28.5007
-28.1574
-27.7025
-27.1263
-26.418
-25.5653
-24.5533
-23.3646
-21.976
-20.3624
-18.6162
3.26634
4.98228
6.88922
8.90579
10.8194
12.6767
14.4042
15.8723
17.0503
17.9842
18.6984
19.2224
19.6055
19.8833
20.0812
20.2221
20.3216
20.3904
20.4367
20.4657
20.4804
20.4815
20.4677
20.4345
20.3767
20.293
20.1836
20.0484
19.8867
19.6984
19.4832
19.2406
18.9692
18.6667
18.3289
17.9499
17.5212
17.0296
16.4971
1.35534
-0.415035
-2.411
-4.47678
-6.43523
-8.43291
-10.3658
-12.174
-13.8867
-15.4739
-16.9352
-18.2878
-19.5307
-20.6738
-21.7245
-22.6852
-23.5576
-24.3407
-25.0313
-25.6253
-26.1172
-26.5022
-26.7794
-26.9549
-27.0417
-27.0554
-26.9978
-26.8624
-26.6427
-26.3323
-25.9245
-25.4113
-24.7832
-24.0293
-23.1362
-22.0872
-20.8605
-19.4307
-17.8797
3.04748
4.67807
6.49236
8.41351
10.2385
12.0127
13.6659
15.0741
16.2065
17.1072
17.7987
18.3084
18.6833
18.9572
19.1543
19.2963
19.3984
19.4707
19.5212
19.5553
19.5759
19.5843
19.5796
19.5578
19.5139
19.446
19.3544
19.2386
19.0982
18.9326
18.7417
18.5248
18.2806
18.0066
17.699
17.3519
16.9567
16.5005
16.0045
1.24265
-0.435338
-2.32528
-4.27826
-6.12698
-8.0099
-9.82848
-11.5266
-13.1322
-14.6171
-15.9815
-17.2415
-18.3969
-19.4568
-20.4289
-21.3152
-22.1179
-22.8364
-23.4679
-24.0088
-24.4546
-24.8011
-25.0479
-25.2015
-25.2741
-25.2805
-25.2227
-25.0956
-24.8939
-24.6125
-24.2462
-23.7882
-23.2306
-22.5636
-21.7752
-20.8501
-19.7673
-18.5021
-17.1269
2.84863
4.39752
6.12302
7.95249
9.69202
11.3862
12.9675
14.3178
15.4055
16.2732
16.9419
17.4369
17.8028
18.0721
18.2676
18.4102
18.5142
18.5894
18.6436
18.682
18.7078
18.7224
18.7253
18.7133
18.6812
18.6271
18.5508
18.4521
18.3303
18.185
18.0159
17.8222
17.6027
17.3549
17.0751
16.7576
16.3942
15.9719
15.5114
1.14464
-0.44519
-2.23397
-4.07948
-5.82373
-7.59755
-9.30761
-10.9016
-12.4058
-13.7943
-15.0673
-16.2405
-17.3137
-18.296
-19.1945
-20.0117
-20.7497
-21.4083
-21.9853
-22.4777
-22.8814
-23.1932
-23.4132
-23.5476
-23.6083
-23.6091
-23.5521
-23.4331
-23.2479
-22.9925
-22.6629
-22.2536
-21.7577
-21.167
-20.4707
-19.6548
-18.6995
-17.5809
-16.3633
2.66838
4.13911
5.7795
7.52086
9.1782
10.7953
12.3072
13.6013
14.6452
15.4803
16.1261
16.6056
16.9617
17.2254
17.4185
17.5609
17.6663
17.7439
17.8013
17.8436
17.874
17.894
17.9036
17.8999
17.878
17.8357
17.7727
17.6888
17.5835
17.4562
17.3066
17.134
16.937
16.7133
16.4595
16.1698
15.8363
15.4466
15.0204
1.06025
-0.445555
-2.13793
-3.88106
-5.52587
-7.19594
-8.80298
-10.2983
-11.7067
-13.0041
-14.1912
-15.2827
-16.2789
-17.1886
-18.0185
-18.7712
-19.4491
-20.0523
-20.579
-21.0267
-21.3922
-21.6726
-21.8686
-21.9864
-22.0373
-22.034
-21.9788
-21.868
-21.6983
-21.4666
-21.1698
-20.8035
-20.362
-19.8383
-19.2229
-18.5031
-17.6604
-16.672
-15.5949
2.50552
3.90153
5.46047
7.11724
8.6956
10.2386
11.6834
12.923
13.9237
14.7268
15.3496
15.813
16.1582
16.4152
16.6048
16.7461
16.8521
16.9316
16.9919
17.0377
17.0723
17.0972
17.1129
17.1166
17.1036
17.0715
17.0201
16.9491
16.8582
16.7469
16.6148
16.4612
16.2848
16.0835
15.8537
15.5901
15.2852
14.9266
14.5337
0.988493
-0.437288
-2.03782
-3.68343
-5.23358
-6.80501
-8.3142
-9.71595
-11.0336
-12.245
-13.351
-14.3657
-15.2899
-16.1317
-16.8976
-17.5902
-18.2122
-18.7639
-19.2442
-19.6509
-19.9814
-20.2335
-20.4081
-20.5115
-20.5541
-20.5482
-20.4957
-20.3934
-20.2386
-20.0289
-19.7618
-19.4339
-19.0406
-18.5759
-18.0316
-17.3963
-16.6528
-15.7795
-14.8274
2.35895
3.68359
5.16471
6.74037
8.24297
9.71471
11.0946
12.2812
13.2392
14.0109
14.611
15.0576
15.3908
15.6399
15.8249
15.9639
16.0695
16.1501
16.2125
16.2615
16.3
16.3296
16.351
16.3616
16.3568
16.334
16.2928
16.2332
16.155
16.0577
15.9412
15.8047
15.6471
15.4663
15.2589
15.02
14.742
14.4134
14.0524
0.928258
-0.421311
-1.93439
-3.48698
-4.94691
-6.4244
-7.84055
-9.15357
-10.3851
-11.5152
-12.5447
-13.4872
-14.344
-15.1226
-15.8287
-16.4653
-17.0352
-17.5391
-17.9763
-18.3452
-18.6437
-18.8702
-19.0257
-19.1166
-19.1527
-19.1453
-19.0961
-19.0026
-18.8623
-18.6733
-18.4335
-18.1403
-17.7899
-17.3774
-16.8958
-16.3348
-15.6787
-14.9073
-14.0661
2.22747
3.48397
4.8908
6.3888
7.81878
9.22188
10.5385
11.6736
12.5892
13.3307
13.9087
14.3382
14.6585
14.8986
15.0776
15.213
15.3168
15.3973
15.4609
15.5123
15.5543
15.5884
15.6153
15.6327
15.6359
15.6219
15.5903
15.5411
15.4741
15.3893
15.2865
15.1654
15.0247
14.8627
14.6761
14.4601
14.2077
13.9076
13.5773
0.878104
-0.398808
-1.82848
-3.29225
-4.66608
-6.05386
-7.38133
-8.60995
-9.75939
-10.8126
-11.7698
-12.6445
-13.4386
-14.1585
-14.809
-15.3932
-15.9146
-16.3739
-16.771
-17.1048
-17.3739
-17.577
-17.7156
-17.7957
-17.8266
-17.8187
-17.7738
-17.6894
-17.5633
-17.3938
-17.1794
-16.9179
-16.6061
-16.2402
-15.814
-15.3185
-14.7395
-14.0583
-13.3155
2.1094
3.30092
4.63702
6.0606
7.42104
8.75794
10.0128
11.0972
11.9703
12.6836
13.2406
13.6529
13.9601
14.1906
14.3627
14.4931
14.5936
14.6724
14.7359
14.7884
14.8329
14.8709
14.903
14.9271
14.9384
14.9333
14.9112
14.872
14.8155
14.7419
14.6514
14.5438
14.4183
14.2732
14.1057
13.9111
13.6827
13.4097
13.1088
0.83636
-0.371348
-1.7214
-3.10036
-4.39174
-5.69395
-6.93661
-8.08454
-9.15545
-10.1361
-11.0238
-11.8344
-12.5707
-13.2363
-13.8349
-14.3705
-14.8467
-15.2646
-15.6241
-15.9252
-16.1669
-16.3486
-16.472
-16.5428
-16.5697
-16.5624
-16.5223
-16.4472
-16.3352
-16.1845
-15.9939
-15.7615
-15.4849
-15.1607
-14.7837
-14.3463
-13.8354
-13.2339
-12.5785
2.00271
3.13225
4.40094
5.75345
7.04757
8.32088
9.5156
10.5502
11.3783
12.0654
12.6034
12.9989
13.2932
13.5145
13.6795
13.8041
13.9001
13.9756
14.0372
14.0893
14.1348
14.1754
14.2119
14.2423
14.2615
14.2657
14.2535
14.2245
14.1785
14.1156
14.0363
13.9408
13.8287
13.6987
13.5483
13.3732
13.1672
12.9197
12.6468
0.801732
-0.339847
-1.61388
-2.9119
-4.12453
-5.34512
-6.50664
-7.57761
-8.57348
-9.48615
-10.3059
-11.0546
-11.7373
-12.3526
-12.9026
-13.3929
-13.8274
-14.2069
-14.5314
-14.8017
-15.0178
-15.1797
-15.2894
-15.3522
-15.3765
-15.3707
-15.3363
-15.2709
-15.1727
-15.0402
-14.872
-14.6667
-14.4222
-14.1357
-13.8029
-13.417
-12.9665
-12.4357
-11.8579
1.90579
2.97589
4.18016
5.46422
6.69491
7.90709
9.04453
10.0311
10.8112
11.4737
11.9939
12.3729
12.6551
12.8682
13.0266
13.1453
13.2359
13.307
13.3652
13.4151
13.4597
13.5012
13.5405
13.576
13.6026
13.6161
13.6143
13.5963
13.5613
13.5095
13.4412
13.3569
13.2568
13.1401
13.0049
12.8475
12.6618
12.438
12.1912
0.774092
-0.303699
-1.50458
-2.72502
-3.86236
-5.00494
-6.08944
-7.0875
-8.01275
-8.86118
-9.61631
-10.3082
-10.9416
-11.5086
-12.0117
-12.4592
-12.8547
-13.1981
-13.4895
-13.7306
-13.9221
-14.065
-14.1617
-14.2174
-14.2399
-14.2368
-14.2089
-14.1538
-14.0695
-13.9545
-13.8077
-13.6275
-13.4126
-13.1604
-12.8672
-12.5275
-12.1308
-11.6631
-11.1543
1.81785
2.83038
3.97133
5.1881
6.35666
7.50847
8.59105
9.5332
10.2724
10.9143
11.4148
11.7752
12.0457
12.2517
12.4042
12.5169
12.6017
12.6675
12.7209
12.7669
12.8087
12.8488
12.8886
12.9271
12.9596
12.9815
12.9902
12.9839
12.961
12.921
12.8642
12.791
12.7022
12.5975
12.4759
12.334
12.1666
11.9642
11.7415
0.753504
-0.262693
-1.39266
-2.53865
-3.60352
-4.67101
-5.68136
-6.61041
-7.46915
-8.25655
-8.94953
-9.59694
-10.189
-10.7072
-11.1628
-11.5694
-11.9285
-12.2377
-12.4976
-12.7105
-12.8783
-13.0023
-13.0859
-13.1347
-13.156
-13.1565
-13.1361
-13.0921
-13.0219
-12.9242
-12.7975
-12.6408
-12.4529
-12.2318
-11.9744
-11.676
-11.3274
-10.9163
-10.4698
1.73877
2.69502
3.77335
4.92269
6.02891
7.11852
8.14598
9.04271
9.75449
10.3906
10.8691
11.2053
11.4639
11.6652
11.8136
11.9213
12.0008
12.0611
12.1092
12.1502
12.1875
12.2239
12.2615
12.3
12.3355
12.3637
12.3816
12.3866
12.3763
12.3491
12.3046
12.2431
12.1654
12.072
11.9624
11.8343
11.6832
11.5
11.2992
0.740523
-0.22755
-1.30285
-2.38645
-3.3873
-4.38299
-5.31239
-6.15804
-6.92352
-7.62773
-8.20243
-8.83967
-9.44213
-9.94289
-10.3773
-10.7706
-11.1194
-11.4178
-11.6664
-11.8686
-12.0264
-12.1418
-12.219
-12.2643
-12.2862
-12.2909
-12.2781
-12.2438
-12.1856
-12.1022
-11.989
-11.8486
-11.6798
-11.4805
-11.2481
-10.9785
-10.6638
-10.2928
-9.89069
1.68029
2.59094
3.61978
4.70802
5.75302
6.76993
7.71486
8.516
9.15284
9.86181
10.3564
10.6846
10.9465
11.1576
11.3133
11.4247
11.5054
11.5655
11.6125
11.6516
11.6867
11.7207
11.7563
11.7939
11.8305
11.8622
11.8862
11.8998
11.8998
11.8835
11.8496
11.798
11.7291
11.6439
11.5426
11.4236
11.2833
11.1132
10.9274
0.73061
-0.19783
-1.2267
-2.25619
-3.19802
-4.12277
-4.96846
-5.72104
-6.37618
-6.97758
-7.39334
-8.0528
-8.70076
-9.20568
-9.6369
-10.0347
-10.3904
-10.6934
-10.9448
-11.1484
-11.3062
-11.4206
-11.4968
-11.5422
-11.5664
-11.5756
-11.5699
-11.5439
-11.4958
-11.4241
-11.3194
-11.1902
-11.035
-10.8511
-10.6361
-10.387
-10.0966
-9.75423
-9.38348
1.63275
2.50539
3.48983
4.52113
5.50413
6.43958
7.28503
7.97025
8.50628
9.32579
9.8651
10.1986
10.4727
10.7018
10.8722
10.9935
11.0804
11.1444
11.1936
11.2339
11.2694
11.3032
11.3383
11.3756
11.4128
11.4464
11.4742
11.4938
11.5017
11.4943
11.4694
11.426
11.3644
11.2855
11.1901
11.0772
10.944
10.7824
10.6069
0.719796
-0.16849
-1.1505
-2.12585
-3.00928
-3.86396
-4.62843
-5.29049
-5.8411
-6.34104
-6.60711
-7.27538
-7.95997
-8.46712
-8.89177
-9.29004
-9.64965
-9.95574
-10.2091
-10.4138
-10.5718
-10.6852
-10.76
-10.8046
-10.8301
-10.8432
-10.8443
-10.8269
-10.7897
-10.7309
-10.636
-10.5191
-10.3786
-10.2109
-10.0141
-9.78589
-9.52001
-9.20642
-8.86931
1.58366
2.41813
3.35767
4.33236
5.25476
6.1088
6.85949
7.43663
7.87202
8.77922
9.36491
9.7039
9.98616
10.2312
10.417
10.5493
10.6439
10.7129
10.7654
10.8081
10.8452
10.8799
10.9153
10.9522
10.9885
11.0218
11.0509
11.0743
11.0884
11.0893
11.0738
11.0398
10.9869
10.9157
10.827
10.7205
10.5942
10.4408
10.2751
0.70854
-0.139809
-1.07519
-1.99716
-2.82331
-3.60932
-4.29551
-4.86915
-5.32112
-5.71668
-5.84862
-6.51053
-7.21849
-7.72659
-8.14342
-8.5384
-8.89888
-9.20623
-9.46049
-9.66604
-9.82451
-9.93736
-10.0108
-10.0542
-10.0798
-10.0953
-10.1019
-10.092
-10.0651
-10.0188
-9.93352
-9.82853
-9.70235
-9.55033
-9.37109
-9.16335
-8.92147
-8.6353
-8.32578
1.53414
2.33084
3.22543
4.14409
5.00681
5.77897
6.44064
6.91398
7.25425
8.2234
8.85525
9.20307
9.4905
9.74848
9.94894
10.0934
10.1968
10.272
10.329
10.3751
10.4151
10.4522
10.4891
10.5265
10.5618
10.5933
10.6214
10.6455
10.6633
10.6709
10.6643
10.6403
10.5975
10.5356
10.4552
10.3563
10.2373
10.0918
9.93508
0.697105
-0.112148
-1.00174
-1.8716
-2.64196
-3.36099
-3.97181
-4.45883
-4.81777
-5.10483
-5.12045
-5.76138
-6.47712
-6.98303
-7.39118
-7.77991
-8.13808
-8.44476
-8.69879
-8.90477
-9.06399
-9.17735
-9.25047
-9.29361
-9.32005
-9.33852
-9.3512
-9.35007
-9.33539
-9.3039
-9.23151
-9.14144
-9.032
-8.89764
-8.73726
-8.5504
-8.33269
-8.07607
-7.80621
1.48498
2.24457
3.09438
3.95754
4.76112
5.45082
6.03005
6.40018
6.6522
7.66
8.33511
8.69581
8.98762
9.25579
9.46932
9.62555
9.73821
9.82052
9.88303
9.9338
9.97825
10.0197
10.0604
10.1004
10.1364
10.1664
10.192
10.2146
10.233
10.2443
10.2444
10.2295
10.197
10.1455
10.075
9.98508
9.87448
9.73743
9.58958
0.685728
-0.0857558
-0.931093
-1.7504
-2.4668
-3.12075
-3.65927
-4.06175
-4.33307
-4.50733
-4.42431
-5.0302
-5.73695
-6.23574
-6.63413
-7.01402
-7.36677
-7.67066
-7.92336
-8.12949
-8.29004
-8.40499
-8.47867
-8.5211
-8.5458
-8.56312
-8.57665
-8.57846
-8.56977
-8.54687
-8.48218
-8.40268
-8.30635
-8.18698
-8.04385
-7.87704
-7.68172
-7.44697
-7.18584
1.43706
2.16073
2.96623
3.77496
4.51962
5.12683
5.63031
5.89365
6.06192
7.09031
7.80442
8.18053
8.47679
8.75424
8.98091
9.14921
9.27095
9.35971
9.42711
9.4823
9.53159
9.57873
9.62561
9.67133
9.71111
9.74216
9.76647
9.78687
9.80419
9.81678
9.8214
9.81417
9.79157
9.75115
9.69169
9.61218
9.51108
9.38273
9.24188
0.674513
-0.0614461
-0.864729
-1.63554
-2.29955
-2.8902
-3.35892
-3.6789
-3.86751
-3.92542
-3.7614
-4.31878
-4.99956
-5.48468
-5.87096
-6.23916
-6.58345
-6.8822
-7.13219
-7.33811
-7.50131
-7.62135
-7.70217
-7.7531
-7.78696
-7.81365
-7.83802
-7.85275
-7.86032
-7.85671
-7.81025
-7.7505
-7.67506
-7.57649
-7.45401
-7.30886
-7.14
-6.94484
-6.75762
1.3916
2.08161
2.84445
3.60106
4.28661
4.81046
5.2421
5.38894
5.47405
6.51397
7.26629
7.65873
7.95578
8.23786
8.47746
8.662
8.79821
8.8969
8.96991
9.02821
9.08038
9.13174
9.18485
9.23798
9.2845
9.31962
9.34466
9.36315
9.37751
9.38819
9.39373
9.39126
9.37735
9.34876
9.30299
9.23783
9.1512
9.03848
8.9174
0.663668
-0.0399176
-0.804138
-1.52888
-2.14198
-2.67073
-3.07051
-3.30858
-3.41869
-3.35924
-3.13138
-3.62789
-4.26633
-4.72951
-5.09958
-5.45268
-5.7856
-6.0774
-6.32341
-6.5274
-6.6901
-6.80969
-6.88751
-6.93018
-6.95181
-6.96592
-6.97848
-6.98274
-6.98232
-6.97303
-6.92368
-6.86637
-6.7982
-6.71125
-6.60448
-6.47814
-6.32554
-6.12935
-5.88066
1.34991
2.00954
2.7332
3.44221
4.06845
4.50796
4.86776
4.8796
4.87268
5.92192
6.72182
7.142
7.44117
7.71644
7.95336
8.14489
8.29651
8.41343
8.50196
8.57077
8.62941
8.6858
8.74484
8.8063
8.86321
8.90848
8.9411
8.96343
8.97793
8.98624
8.98872
8.98428
8.97082
8.94572
8.90635
8.8497
8.77189
8.66333
8.53213
0.65403
-0.0197364
-0.747361
-1.42876
-1.99333
-2.46317
-2.79563
-2.9542
-2.99168
-2.81526
-2.53396
-2.95715
-3.53854
-3.97009
-4.31796
-4.6507
-4.9676
-5.25079
-5.4964
-5.7082
-5.88743
-6.0333
-6.14755
-6.23547
-6.30235
-6.35458
-6.40105
-6.4379
-6.47343
-6.50376
-6.49009
-6.46643
-6.43036
-6.37239
-6.29168
-6.19198
-6.08052
-5.96993
-5.92349
1.31218
1.94442
2.63348
3.30211
3.87211
4.23503
4.52529
4.36788
4.24295
5.29173
6.14374
6.61512
6.94954
7.24075
7.47384
7.65014
7.78722
7.89827
7.98956
8.06546
8.13165
8.19463
8.25983
8.32778
8.39221
8.44706
8.49133
8.52622
8.55316
8.57373
8.58892
8.59871
8.60178
8.5957
8.57745
8.54405
8.49477
8.43201
8.38832
0.647412
0.00176
-0.691039
-1.33163
-1.85168
-2.26947
-2.54188
-2.63345
-2.60917
-2.30912
-1.96967
-2.30851
-2.81744
-3.20492
-3.52492
-3.83334
-4.12565
-4.3847
-4.60671
-4.79441
-4.94722
-5.05968
-5.1265
-5.14916
-5.14836
-5.14534
-5.14328
-5.13429
-5.12222
-5.10466
-5.0573
-5.01373
-4.96933
-4.91489
-4.84722
-4.76272
-4.6442
-4.45388
-4.13071
1.27963
1.88727
2.54654
3.18219
3.70278
4.01066
4.23311
3.85098
3.58251
4.61885
5.48873
5.98443
6.36096
6.71583
7.02026
7.25493
7.4262
7.54797
7.63546
7.70169
7.75724
7.81115
7.87073
7.93672
7.99962
8.04966
8.08413
8.10369
8.1098
8.10425
8.0892
8.06723
8.04069
8.01092
7.97723
7.93474
7.86975
7.74951
7.53522
0.645178
0.0181522
-0.64853
-1.25441
-1.73437
-2.10362
-2.31796
-2.35161
-2.26281
-1.82258
-1.4288
-1.6889
-2.10837
-2.42956
-2.70999
-2.99984
-3.29388
-3.576
-3.84107
-4.09082
-4.32768
-4.55453
-4.77248
-4.97555
-5.13905
-5.25549
-5.35046
-5.43092
-5.51882
-5.6105
-5.64412
-5.65592
-5.66051
-5.65043
-5.62162
-5.58139
-5.55705
-5.59738
-5.83196
1.26146
1.85372
2.49142
3.09683
3.56524
3.81861
3.92032
3.24755
2.87654
3.96562
4.85699
5.31983
5.61809
5.88411
6.14305
6.40292
6.66203
6.90505
7.11654
7.2896
7.42583
7.53225
7.62161
7.71354
7.82342
7.94298
8.05822
8.16462
8.26053
8.34469
8.41506
8.46923
8.5056
8.52347
8.52464
8.51595
8.51997
8.58817
8.82629
0.64454
0.00833437
-0.659022
-1.24831
-1.69346
-2.00316
-2.13165
-2.06899
-1.85098
-1.2548
-0.871352
-1.09115
-1.42975
-1.665
-1.8481
-2.02234
-2.1907
-2.3463
-2.48489
-2.60226
-2.68781
-2.72387
-2.69736
-2.61627
-2.54042
-2.50193
-2.48008
-2.44518
-2.39026
-2.35222
-2.28833
-2.23518
-2.19882
-2.16581
-2.1287
-2.07919
-1.97494
-1.73931
-1.20152
1.27131
1.8703
2.50351
3.07822
3.47083
3.60263
3.41614
2.40639
2.0297
3.30734
4.43465
5.1475
5.57929
5.78794
5.80233
5.69897
5.56012
5.45249
5.40394
5.41586
5.47772
5.57811
5.69851
5.79778
5.83299
5.8233
5.80401
5.78189
5.75689
5.72884
5.70105
5.67809
5.66348
5.65857
5.65915
5.64802
5.57393
5.33282
4.75423
0.63888
-0.0288119
-0.721228
-1.31568
-1.7377
-1.98559
-2.01042
-1.81085
-1.39414
-0.644382
-0.277617
-0.451011
-0.754564
-1.04092
-1.32962
-1.63065
-1.94679
-2.27965
-2.63387
-3.01779
-3.44304
-3.91571
-4.41395
-4.88144
-5.21716
-5.42015
-5.61912
-5.77591
-6.0409
-6.43015
-6.31514
-6.33218
-6.44877
-6.53473
-6.57466
-6.61159
-6.71558
-6.98668
-7.61879
1.29509
1.91635
2.55986
3.11125
3.42369
3.38855
2.81623
1.51133
0.919052
2.06985
3.34004
4.59374
5.81129
6.96398
7.93977
8.68257
9.21078
9.54294
9.72633
9.81342
9.84949
9.87045
9.92813
10.1062
10.4368
10.7958
11.0873
11.3233
11.526
11.6999
11.8387
11.9391
12.003
12.037
12.0567
12.0932
12.2258
12.5739
13.3352
52.405
52.6957
53.2664
53.716
54.6803
55.9639
56.764
56.712
55.4965
52.9502
49.3439
45.0854
40.5532
36.0314
31.6964
27.6335
23.8626
20.3707
17.1341
14.1263
11.322
8.70131
6.24611
3.94047
1.77031
-0.276427
-2.20892
-4.03442
-5.75861
-7.38734
-8.92368
-10.3672
-11.7158
-12.9663
-14.116
-15.1638
-16.1102
-16.9565
-17.7045
-18.3555
-18.9098
-19.3675
-19.7279
-19.9909
-20.1577
-20.2317
-20.2178
-20.1225
-19.9533
-19.7173
-19.4209
-19.0694
-18.6668
-18.2163
-17.7209
-17.1842
-16.6105
-16.005
-15.3739
-14.7241
-14.0624
-13.395
-12.7275
-12.0639
-11.4083
-10.7618
-10.1285
-9.58837
-9.1073
-8.62299
-8.09858
-7.61688
-6.99246
-6.63965
-5.68833
-5.91846
-3.88293
-6.01129
-0.860085
-8.06961
54.3494
54.4492
53.6914
52.8008
51.8929
50.7741
49.5107
48.1966
46.8588
45.5127
44.1677
42.8287
41.4991
40.1874
38.902
37.6499
36.4372
35.2688
34.1491
33.0811
32.0672
31.1089
30.2066
29.3598
28.5678
27.8293
27.1425
26.5052
25.9152
25.3699
24.8667
24.4029
23.9751
23.5802
23.2145
22.8742
22.555
22.2528
21.9633
21.6822
21.4056
21.1302
20.8525
20.5697
20.2791
19.978
19.6638
19.3343
18.9872
18.6211
18.2354
17.8305
17.408
16.9703
16.5208
16.0632
15.6011
15.1378
14.6758
14.217
13.7626
13.3132
12.8692
12.4302
11.9964
11.5665
11.1424
10.7841
10.4732
10.1509
9.81936
9.48164
9.13765
8.83015
8.42721
8.3638
7.3527
9.00676
4.3624
13.6597
35.2247
32.9233
31.4904
30.4225
29.8525
29.7297
29.7462
29.6655
29.2907
28.5958
27.6366
26.461
25.1329
23.7106
22.2346
20.7274
19.1969
17.644
16.0688
14.4723
12.8569
11.2278
9.58971
7.94735
6.30488
4.66619
3.0375
1.42668
-0.15922
-1.71719
-3.24174
-4.72148
-6.14377
-7.49728
-8.77402
-9.96951
-11.0812
-12.1078
-13.0481
-13.9001
-14.6614
-15.329
-15.9003
-16.3738
-16.7502
-17.0325
-17.2255
-17.3353
-17.3684
-17.3311
-17.2281
-17.0631
-16.8387
-16.5571
-16.2205
-15.8318
-15.3952
-14.9161
-14.4009
-13.8567
-13.2907
-12.7099
-12.1202
-11.5265
-10.9335
-10.343
-9.75941
-9.25845
-8.8102
-8.35956
-7.86411
-7.4144
-6.81362
-6.4912
-5.56256
-5.80881
-3.83008
-5.89446
-0.951758
-7.89771
38.1982
39.9401
40.4926
40.4839
40.3252
40.0623
39.6882
39.2894
38.9029
38.5035
38.0688
37.5894
37.0654
36.4976
35.8882
35.2397
34.5559
33.8415
33.1026
32.3457
31.5777
30.8057
30.0367
29.2774
28.5342
27.8125
27.1171
26.4521
25.8202
25.2236
24.6634
24.1398
23.6517
23.1977
22.7754
22.3815
22.0127
21.6651
21.3349
21.0187
20.7131
20.4153
20.1226
19.8324
19.5419
19.2482
18.9481
18.6383
18.3155
17.9771
17.6214
17.248
16.8576
16.4523
16.0349
15.6091
15.178
14.7449
14.3122
13.8816
13.4543
13.0307
12.6115
12.1963
11.7852
11.3767
10.9727
10.6315
10.3353
10.0272
9.7083
9.38212
9.04721
8.75062
8.35553
8.30376
7.30839
8.91766
4.45251
13.336
24.5167
22.4925
20.2111
18.4374
17.7129
17.3654
16.9334
16.3408
15.6131
14.825
14.0643
13.3689
12.7573
12.2251
11.7554
11.3272
10.9181
10.5063
10.0717
9.59648
9.06513
8.46579
7.79116
7.0405
6.21471
5.31312
4.33643
3.2875
2.17587
1.01515
-0.179166
-1.39061
-2.60411
-3.80622
-4.98568
-6.13336
-7.24106
-8.30099
-9.30505
-10.2447
-11.1118
-11.8987
-12.5996
-13.2106
-13.7314
-14.164
-14.5124
-14.7817
-14.9769
-15.1025
-15.1614
-15.1552
-15.085
-14.9515
-14.7559
-14.5006
-14.1895
-13.8276
-13.4213
-12.9777
-12.5042
-12.0077
-11.4948
-10.9706
-10.4403
-9.90635
-9.37328
-8.91266
-8.4983
-8.08153
-7.61737
-7.19817
-6.6284
-6.32605
-5.44356
-5.66944
-3.80865
-5.72223
-1.09552
-7.62491
26.4208
28.5628
30.6382
32.4787
34.0714
35.2096
35.6131
35.4144
34.927
34.3556
33.7797
33.2114
32.6489
32.0932
31.5434
30.9983
30.4571
29.9188
29.3825
28.8475
28.3137
27.7813
27.251
26.7239
26.2019
25.6867
25.1806
24.686
24.2051
23.74
23.2928
22.8645
22.4561
22.0675
21.6981
21.3467
21.0113
20.6902
20.3812
20.0826
19.7927
19.5101
19.2336
18.9615
18.692
18.4223
18.1494
17.8696
17.5793
17.2752
16.9552
16.618
16.2642
15.8952
15.5137
15.1228
14.7257
14.3254
13.9241
13.5234
13.1245
12.728
12.3343
11.9436
11.556
11.1698
10.7871
10.4638
10.1834
9.89059
9.58586
9.27298
8.94927
8.66266
8.28041
8.22633
7.27918
8.77576
4.59459
12.9592
24.4702
23.3039
22.3464
21.5785
21.5139
22.1066
22.2897
22.0483
21.5283
20.7811
19.9074
18.9871
18.0766
17.202
16.3705
15.579
14.818
14.0763
13.3424
12.6062
11.8576
11.0881
10.2897
9.45473
8.57811
7.65781
6.69485
5.69061
4.64962
3.57843
2.48506
1.37795
0.264135
-0.850432
-1.96032
-3.06008
-4.14301
-5.201
-6.22434
-7.20228
-8.12412
-8.98027
-9.76313
-10.4678
-11.0928
-11.639
-12.109
-12.5065
-12.8343
-13.0949
-13.2891
-13.4168
-13.4775
-13.4708
-13.3972
-13.2587
-13.0585
-12.8016
-12.494
-12.1426
-11.7547
-11.3371
-10.8964
-10.4379
-9.96726
-9.48743
-9.003
-8.58111
-8.19834
-7.81287
-7.37809
-6.98795
-6.44699
-6.16643
-5.32173
-5.54274
-3.76434
-5.59222
-1.16
-7.4469
25.9971
27.9676
30.1828
32.1328
33.6021
34.5737
35.0171
34.9545
34.5146
33.8501
33.0958
32.3242
31.554
30.7913
30.0405
29.3058
28.5915
27.9007
27.2363
26.6006
25.9948
25.4197
24.8754
24.3611
23.8758
23.4179
22.9858
22.5777
22.192
21.8271
21.4815
21.1536
20.8417
20.5442
20.2592
19.9847
19.7189
19.4599
19.2066
18.9578
18.7132
18.4724
18.2353
18.0014
17.7693
17.5373
17.3023
17.0611
16.81
16.5457
16.2657
15.9686
15.6546
15.3249
14.9819
14.6284
14.2673
13.9013
13.5327
13.1628
12.7929
12.4235
12.0552
11.6884
11.3233
10.9587
10.5967
10.2904
10.0244
9.74609
9.45544
9.15616
8.84433
8.56769
8.1965
8.14467
7.22922
8.66138
4.6449
12.7155
26.0791
26.7196
27.0861
27.1882
27.3246
27.9076
28.5886
28.584
28.1724
27.6312
26.9882
26.2437
25.4361
24.5992
23.7419
22.8565
21.9311
20.9565
19.9294
18.8527
17.7327
16.576
15.388
14.1736
12.9392
11.6922
10.4399
9.18825
7.94302
6.70911
5.49025
4.28901
3.10587
1.94035
0.792193
-0.337758
-1.44658
-2.5292
-3.57849
-4.58611
-5.54349
-6.44296
-7.27854
-8.04651
-8.74563
-9.37641
-9.94042
-10.4394
-10.8744
-11.2455
-11.5518
-11.7915
-11.9629
-12.0647
-12.0969
-12.061
-11.9599
-11.7982
-11.5814
-11.3162
-11.0091
-10.6669
-10.296
-9.90169
-9.48962
-9.0633
-8.6273
-8.24384
-7.89241
-7.53806
-7.13284
-6.77233
-6.25988
-6.00397
-5.192
-5.41978
-3.70177
-5.4829
-1.18086
-7.31632
25.1898
24.31
23.5517
22.9175
22.401
22.0016
21.7473
21.6794
21.7897
21.958
22.0982
22.2007
22.2703
22.3023
22.295
22.2494
22.1674
22.0516
21.9055
21.7333
21.5395
21.3289
21.1059
20.8748
20.6396
20.4036
20.1698
19.9404
19.7173
19.5016
19.2941
19.0947
18.9029
18.7177
18.5375
18.3608
18.1857
18.0109
17.8352
17.6583
17.4801
17.3011
17.1216
16.9418
16.761
16.5779
16.39
16.1946
15.9883
15.7682
15.5318
15.278
15.0067
14.7191
14.4172
14.1035
13.7809
13.4516
13.1177
12.7806
12.4412
12.1003
11.7583
11.416
11.074
10.7312
10.39
10.1004
9.84855
9.58477
9.30878
9.02414
8.72579
8.46037
8.10074
8.05458
7.16397
8.55473
4.64569
12.5182
21.4072
23.1796
24.5943
25.5311
26.2167
27.2203
28.2486
28.1755
27.6813
27.1426
26.6377
26.1021
25.5183
24.8987
24.2431
23.539
22.7726
21.938
21.0396
20.0885
19.0956
18.0665
17.0023
15.9034
14.7731
13.6173
12.443
11.2569
10.0654
8.87441
7.68836
6.51068
5.34304
4.18658
3.04277
1.91406
0.804482
-0.280486
-1.33408
-2.34919
-3.31895
-4.23771
-5.10137
-5.90759
-6.6558
-7.34624
-7.97943
-8.55554
-9.07369
-9.53208
-9.92812
-10.2588
-10.5214
-10.7141
-10.8365
-10.8896
-10.8761
-10.8
-10.6665
-10.4815
-10.251
-9.98129
-9.67823
-9.3471
-8.99331
-8.62066
-8.23356
-7.88906
-7.56974
-7.2474
-6.87309
-6.54331
-6.06117
-5.83088
-5.05384
-5.28829
-3.63348
-5.36529
-1.1995
-7.17167
19.3434
17.4027
15.7191
14.3561
13.3123
12.5588
12.065
11.8142
11.8093
12.0191
12.346
12.7177
13.1016
13.4857
13.8641
14.2315
14.5826
14.9132
15.2196
15.4988
15.7488
15.9683
16.1566
16.3141
16.4418
16.5415
16.6151
16.6656
16.6957
16.7083
16.706
16.6913
16.6658
16.6307
16.5865
16.5335
16.4713
16.4
16.3194
16.2302
16.1331
16.029
15.919
15.8036
15.6828
15.5557
15.4206
15.2751
15.1167
14.9429
14.7518
14.5425
14.3152
14.071
13.8117
13.5397
13.2573
12.9667
12.6696
12.3671
12.0602
11.7494
11.4354
11.1189
10.8008
10.4807
10.1609
9.88855
9.65123
9.40255
9.14216
8.87347
8.59058
8.33813
7.99261
7.9518
7.09218
8.43328
4.64329
12.2977
17.2942
18.5095
19.5754
20.4356
21.2584
22.6398
24.1067
24.1461
23.8208
23.4471
23.1202
22.7834
22.3954
21.9502
21.4502
20.896
20.2851
19.6177
18.9026
18.1565
17.3952
16.6252
15.8428
15.0404
14.2125
13.3573
12.4749
11.5658
10.631
9.67179
8.68989
7.68777
6.66824
5.63498
4.59284
3.54769
2.50655
1.47706
0.467222
-0.51536
-1.46406
-2.37366
-3.24047
-4.06224
-4.83788
-5.56662
-6.24745
-6.87873
-7.45785
-7.98138
-8.44542
-8.84609
-9.18014
-9.44538
-9.64118
-9.76839
-9.82937
-9.82774
-9.76804
-9.65541
-9.49533
-9.29319
-9.05442
-8.78387
-8.48664
-8.1666
-7.82783
-7.52211
-7.23495
-6.94466
-6.60174
-6.30284
-5.85222
-5.64733
-4.90807
-5.14684
-3.56082
-5.23634
-1.21755
-7.00857
15.9404
14.6137
13.4422
12.4486
11.6258
10.9711
10.4806
10.1421
9.94149
9.87304
9.91884
10.0362
10.1913
10.367
10.5617
10.7745
11.004
11.2478
11.5034
11.7672
12.0355
12.3043
12.5694
12.8274
13.0747
13.3086
13.5269
13.7282
13.9117
14.077
14.2243
14.3539
14.4661
14.5612
14.6393
14.7006
14.7452
14.7733
14.7856
14.783
14.7667
14.7379
14.698
14.6478
14.5874
14.5164
14.4337
14.3374
14.2257
14.0968
13.9495
13.7834
13.5989
13.3972
13.18
12.9494
12.7074
12.4559
12.1962
11.9293
11.6559
11.3764
11.0914
10.8016
10.5083
10.2113
9.91329
9.65831
9.43572
9.20237
8.95801
8.70589
8.43969
8.20142
7.87239
7.83555
7.01388
8.29598
4.63941
12.0576
16.2132
17.2131
18.0786
18.8497
19.5845
20.4773
21.2883
21.4082
21.2444
21.0299
20.8468
20.6631
20.4285
20.1172
19.729
19.2751
18.7645
18.2022
17.5966
16.9639
16.3219
15.681
15.0397
14.3896
13.7219
13.0317
12.3167
11.5759
10.8078
10.011
9.18447
8.32848
7.44461
6.53612
5.60788
4.66597
3.71739
2.76956
1.82996
0.905469
0.00196444
-0.875855
-1.72443
-2.54106
-3.32359
-4.06978
-4.77686
-5.44138
-6.0591
-6.62533
-7.13525
-7.58442
-7.96942
-8.28798
-8.53947
-8.72464
-8.84562
-8.90558
-8.90842
-8.85852
-8.76058
-8.61924
-8.43923
-8.2249
-7.98085
-7.71087
-7.41857
-7.15045
-6.89462
-6.63549
-6.3234
-6.0545
-5.63543
-5.45514
-4.75476
-4.99711
-3.48055
-5.10067
-1.22581
-6.84073
15.1218
14.0491
13.078
12.2128
11.4537
10.809
10.2886
9.89831
9.63596
9.49399
9.45939
9.49715
9.56905
9.65515
9.74773
9.84839
9.95866
10.08
10.2133
10.3588
10.5159
10.6838
10.8608
11.0451
11.2346
11.427
11.6202
11.8122
12.001
12.1849
12.3624
12.5319
12.6918
12.8408
12.9773
13.1001
13.208
13.3003
13.3767
13.4375
13.4831
13.5144
13.532
13.5363
13.5275
13.505
13.4679
13.4148
13.3445
13.2558
13.1481
13.0214
12.8763
12.7143
12.5369
12.3459
12.143
11.9297
11.7069
11.4755
11.2356
10.9878
10.7323
10.4698
10.2017
9.92787
9.6517
9.4141
9.2061
8.98787
8.75932
8.52359
8.27436
8.05065
7.73961
7.7054
6.9254
8.14647
4.62347
11.8141
15.0374
15.992
16.8337
17.5898
18.285
18.9661
19.5418
19.7683
19.7037
19.5301
19.3489
19.1927
19.0206
18.7929
18.4975
18.1431
17.7426
17.3009
16.8193
16.3056
15.7732
15.2329
14.6861
14.1262
13.544
12.9329
12.2909
11.6189
10.9184
10.1905
9.43589
8.65555
7.8513
7.02604
6.18373
5.3289
4.46655
3.60186
2.73992
1.88542
1.04241
0.214328
-0.59587
-1.38539
-2.15131
-2.89023
-3.59803
-4.26988
-4.90039
-5.48403
-6.01548
-6.49009
-6.90445
-7.25639
-7.54527
-7.77177
-7.9377
-8.04573
-8.09908
-8.10133
-8.05632
-7.96786
-7.83995
-7.67634
-7.48105
-7.25764
-7.00917
-6.77692
-6.55123
-6.322
-6.0398
-5.79958
-5.41145
-5.25468
-4.59324
-4.83908
-3.39058
-4.95885
-1.22136
-6.67232
14.0092
12.9937
12.0753
11.2505
10.5171
9.88238
9.3573
8.95203
8.67226
8.51725
8.48061
8.53965
8.65114
8.78371
8.91971
9.05506
9.18935
9.32277
9.45577
9.58885
9.7225
9.85718
9.99322
10.1309
10.2704
10.4116
10.5546
10.6992
10.8451
10.9918
11.1386
11.2847
11.4288
11.5697
11.7058
11.8355
11.9573
12.0697
12.1717
12.2625
12.3416
12.4084
12.4628
12.5042
12.5319
12.5452
12.5427
12.5235
12.4865
12.431
12.3569
12.2644
12.1545
12.0285
11.8877
11.7338
11.5679
11.3912
11.2043
11.0075
10.8009
10.5847
10.3589
10.1241
9.8816
9.63146
9.37728
9.15709
8.96355
8.76015
8.54695
8.32702
8.09448
7.8851
7.59293
7.5601
6.82359
7.98418
4.59212
11.5683
13.3826
14.2234
14.9843
15.6798
16.3239
16.924
17.446
17.7602
17.7874
17.6352
17.4632
17.3465
17.2045
17.0058
16.772
16.5133
16.2203
15.8853
15.5109
15.1048
14.6768
14.2358
13.7843
13.317
12.824
12.297
11.7321
11.1307
10.497
9.83525
9.14897
8.44098
7.71399
6.97115
6.21592
5.45173
4.68192
3.90965
3.13784
2.36906
1.60554
0.8493
0.102463
-0.632463
-1.35239
-2.0534
-2.73073
-3.37897
-3.99225
-4.56475
-5.09108
-5.56662
-5.98801
-6.35312
-6.66117
-6.91257
-7.10866
-7.25144
-7.34335
-7.38709
-7.38559
-7.34181
-7.25893
-7.14008
-6.98863
-6.80788
-6.60027
-6.40195
-6.20512
-6.00451
-5.75115
-5.53826
-5.1803
-5.04576
-4.42297
-4.67182
-3.29021
-4.80886
-1.20519
-6.50101
12.4861
11.6141
10.8231
10.1099
9.47277
8.91636
8.44945
8.08209
7.82242
7.67287
7.62841
7.6727
7.77305
7.89838
8.03316
8.1727
8.31546
8.46004
8.60554
8.75099
8.89549
9.03833
9.17895
9.31696
9.45222
9.58477
9.71483
9.84277
9.96903
10.094
10.218
10.3413
10.4637
10.5851
10.7047
10.822
10.936
11.0457
11.1501
11.2481
11.3388
11.4209
11.4933
11.5548
11.604
11.6396
11.6602
11.6648
11.6525
11.6228
11.576
11.5124
11.4331
11.3391
11.2318
11.1121
10.981
10.8391
10.6866
10.5235
10.3497
10.1648
9.96895
9.76233
9.54604
9.32022
9.08859
8.88613
8.70718
8.51848
8.32024
8.11549
7.89909
7.70355
7.43076
7.39827
6.70647
7.80652
4.5463
11.3153
11.5006
12.1646
12.7883
13.3612
13.8937
14.3886
14.8279
15.1379
15.2512
15.2012
15.1663
15.193
15.1511
15.0175
14.822
14.5889
14.3267
14.0335
13.7058
13.3463
12.9697
12.5851
12.193
11.7888
11.3638
10.9092
10.4195
9.89537
9.34165
8.76428
8.16804
7.55618
6.93098
6.2946
5.64926
4.99704
4.33983
3.67932
3.01705
2.3543
1.69221
1.03195
0.375017
-0.27646
-0.919648
-1.55082
-2.16541
-2.7583
-3.32394
-3.85686
-4.35196
-4.80484
-5.21211
-5.57151
-5.88188
-6.14308
-6.3557
-6.52092
-6.64025
-6.71544
-6.74847
-6.74141
-6.69664
-6.6166
-6.50404
-6.36191
-6.19206
-6.02568
-5.85642
-5.68314
-5.45764
-5.27082
-4.94226
-4.82864
-4.24398
-4.49501
-3.17929
-4.64938
-1.17774
-6.32448
10.7962
10.1212
9.50606
8.95118
8.45509
8.02029
7.65267
7.3606
7.15313
7.03578
7.00499
7.04278
7.119
7.20824
7.30322
7.40394
7.51045
7.62271
7.7407
7.86395
7.99186
8.12357
8.25808
8.3943
8.5311
8.66745
8.80244
8.93538
9.06583
9.19354
9.31845
9.44069
9.56047
9.67796
9.79328
9.90645
10.0173
10.1254
10.2301
10.3308
10.4262
10.5152
10.5963
10.6681
10.729
10.7776
10.8126
10.833
10.8383
10.8284
10.8034
10.7641
10.7112
10.6457
10.5685
10.4803
10.3816
10.2725
10.1528
10.0222
9.88019
9.72633
9.56025
9.38208
9.19261
8.9919
8.78364
8.5995
8.4355
8.26162
8.07817
7.88814
7.68737
7.50513
7.25199
7.21911
6.57306
7.61197
4.4866
11.0523
8.89449
9.32986
9.75416
10.1368
10.4891
10.8157
11.1134
11.357
11.5332
11.7148
12.0629
12.415
12.575
12.5637
12.4357
12.2345
11.9825
11.6877
11.3782
11.0611
10.7244
10.381
10.0412
9.69681
9.33567
8.94911
8.53313
8.08873
7.62126
7.13755
6.64313
6.14114
5.63285
5.11887
4.59971
4.07577
3.54734
3.01469
2.47814
1.93805
1.39489
0.849408
0.302791
-0.243158
-0.786011
-1.32268
-1.84943
-2.36208
-2.85609
-3.32687
-3.76996
-4.18131
-4.55754
-4.89601
-5.195
-5.45352
-5.67126
-5.8484
-5.98547
-6.08323
-6.14272
-6.16517
-6.15211
-6.10537
-6.02699
-5.91961
-5.78448
-5.64805
-5.50501
-5.35784
-5.15931
-4.9975
-4.69775
-4.6039
-4.05678
-4.30909
-3.05813
-4.48026
-1.13888
-6.14232
8.42337
7.97952
7.57973
7.22412
6.91083
6.64064
6.41658
6.24414
6.13107
6.08409
6.10182
6.16834
6.25759
6.35016
6.44307
6.53794
6.63528
6.73572
6.83986
6.9482
7.06116
7.17894
7.30148
7.42842
7.55915
7.69285
7.8285
7.96507
8.10156
8.23704
8.37077
8.50226
8.63119
8.75742
8.88093
9.00169
9.11963
9.23453
9.34593
9.45316
9.55526
9.65106
9.73922
9.81839
9.8872
9.94451
9.98941
10.0213
10.0401
10.0459
10.0392
10.0206
9.99085
9.95072
9.90075
9.84124
9.77225
9.69351
9.60453
9.50464
9.39312
9.26924
9.1324
8.98253
8.82014
8.64512
8.46097
8.29582
8.14728
7.98859
7.82002
7.64453
7.45906
7.28965
7.05631
7.02263
6.42329
7.40048
4.41315
10.7785
6.36569
6.59856
6.83174
7.03725
7.22303
7.39484
7.55568
7.70236
7.81803
7.96262
8.25816
8.65061
8.95115
9.0722
9.04876
8.92862
8.73624
8.50306
8.24563
7.99474
7.75555
7.52157
7.28071
7.03383
6.77653
6.49915
6.19566
5.8665
5.51726
5.15548
4.78722
4.41557
4.04112
3.66345
3.28194
2.89593
2.50471
2.1076
1.70409
1.29396
0.87733
0.45473
0.0272321
-0.403582
-0.835717
-1.2668
-1.69411
-2.11467
-2.52521
-2.92226
-3.30218
-3.66137
-3.99646
-4.30445
-4.58291
-4.82998
-5.04438
-5.22532
-5.37235
-5.48536
-5.56451
-5.61025
-5.62336
-5.605
-5.55659
-5.48039
-5.37708
-5.26863
-5.15042
-5.02814
-4.8558
-4.71823
-4.44697
-4.37209
-3.86209
-4.11493
-2.9276
-4.30213
-1.08959
-5.95445
6.10854
5.87536
5.66888
5.49027
5.33828
5.21263
5.11432
5.04649
5.0148
5.0248
5.07593
5.15796
5.25499
5.35643
5.46095
5.56854
5.67856
5.79069
5.90481
6.02092
6.1392
6.25982
6.38295
6.50869
6.63704
6.76782
6.90071
7.03528
7.17099
7.30726
7.4435
7.57921
7.71393
7.84728
7.97891
8.10846
8.23552
8.35955
8.47986
8.59556
8.70561
8.80883
8.90402
8.99003
9.06586
9.13073
9.18422
9.2262
9.25687
9.27668
9.28628
9.28633
9.27746
9.26017
9.23473
9.20109
9.15897
9.10782
9.04688
8.97527
8.89208
8.7964
8.68746
8.565
8.42927
8.27995
8.12024
7.97456
7.84198
7.69891
7.54554
7.3847
7.21445
7.05762
6.84409
6.80948
6.25766
7.17275
4.32657
10.4927
4.37785
4.45354
4.52985
4.59648
4.65434
4.70463
4.75021
4.79402
4.81467
4.80794
4.84453
4.95843
5.09415
5.1863
5.1993
5.1442
5.03403
4.87158
4.69815
4.5515
4.4223
4.3154
4.2228
4.08972
3.94748
3.80347
3.6433
3.46025
3.25855
3.04604
2.82878
2.60921
2.38681
2.15987
1.92671
1.68588
1.43611
1.17626
0.90547
0.623347
0.33004
0.0262818
-0.286667
-0.607161
-0.933362
-1.26338
-1.59527
-1.92706
-2.25655
-2.58124
-2.89826
-3.20445
-3.49647
-3.77105
-4.02521
-4.25637
-4.46244
-4.64184
-4.79336
-4.91612
-5.00963
-5.07365
-5.10829
-5.11415
-5.09203
-5.04379
-4.96955
-4.88704
-4.79219
-4.69357
-4.5467
-4.43278
-4.18995
-4.13363
-3.66061
-3.91344
-2.78901
-4.11582
-1.03149
-5.76
4.28829
4.21678
4.15635
4.11013
4.07813
4.05927
4.05289
4.05993
4.08324
4.12587
4.18836
4.26717
4.35616
4.45207
4.55474
4.66346
4.77728
4.89548
5.01742
5.14247
5.27007
5.39971
5.53097
5.66349
5.79694
5.93107
6.06564
6.20043
6.33529
6.47005
6.60458
6.73877
6.87253
7.00568
7.13801
7.26916
7.39865
7.52577
7.64966
7.7693
7.88351
7.99111
8.09096
8.18211
8.26378
8.33553
8.39723
8.44906
8.49144
8.52496
8.55027
8.56796
8.57848
8.5821
8.57879
8.56828
8.55004
8.52332
8.48724
8.44083
8.38307
8.31299
8.22973
8.13289
8.0225
7.89806
7.76242
7.63623
7.51983
7.39273
7.25494
7.10907
6.95414
6.80984
6.61605
6.58053
6.07686
6.92939
4.22817
10.1923
3.13874
3.08336
3.03816
2.99487
2.94811
2.89596
2.84214
2.79043
2.6992
2.53182
2.34758
2.20704
2.09548
2.00424
1.92806
1.8571
1.78635
1.69949
1.55764
1.40657
1.3484
1.32654
1.30206
1.30863
1.32781
1.3404
1.33405
1.30428
1.25541
1.19522
1.12969
1.06071
0.986702
0.904588
0.811503
0.705316
0.584448
0.447647
0.294047
0.123358
-0.064006
-0.266957
-0.483868
-0.712828
-0.951919
-1.19939
-1.45367
-1.7133
-1.97669
-2.24196
-2.50672
-2.76813
-3.02294
-3.26779
-3.4994
-3.71478
-3.91139
-4.08712
-4.24031
-4.36959
-4.47397
-4.55272
-4.60542
-4.63218
-4.63323
-4.61007
-4.56225
-4.50357
-4.43047
-4.35423
-4.23204
-4.14117
-3.92676
-3.8888
-3.45307
-3.7054
-2.64418
-3.9221
-0.967458
-5.55768
3.18988
3.24269
3.29503
3.34918
3.40447
3.4584
3.5083
3.55339
3.59638
3.64247
3.6958
3.75685
3.82436
3.8983
3.97894
4.06598
4.15917
4.25836
4.36324
4.47342
4.58837
4.70754
4.83029
4.95598
5.08396
5.21358
5.34423
5.47541
5.60667
5.73767
5.86817
5.99802
6.12715
6.25547
6.38287
6.50914
6.63393
6.7567
6.87675
6.99322
7.10515
7.21155
7.31152
7.40429
7.48932
7.56634
7.63537
7.69663
7.75054
7.79758
7.83821
7.8728
7.90154
7.92436
7.94102
7.951
7.95363
7.94807
7.9334
7.90868
7.87292
7.82519
7.76463
7.6908
7.60356
7.50228
7.38949
7.28221
7.18176
7.07068
6.94868
6.81807
6.67862
6.54696
6.37273
6.33647
5.88147
6.67038
4.11987
9.87266
2.91874
2.80118
2.69763
2.59796
2.49587
2.38926
2.27939
2.16921
2.04198
1.85147
1.52063
1.10953
0.765443
0.516147
0.339444
0.213935
0.12332
0.0545945
-0.0350236
-0.229335
-0.431028
-0.447338
-0.400632
-0.307889
-0.184814
-0.0584145
0.0472152
0.124476
0.178146
0.217134
0.248793
0.275529
0.295097
0.303357
0.296605
0.272365
0.229174
0.166161
0.0829052
-0.0204765
-0.143236
-0.284023
-0.441059
-0.612398
-0.796223
-0.990989
-1.19542
-1.4084
-1.62869
-1.85473
-2.08445
-2.31526
-2.54413
-2.76778
-2.98298
-3.1867
-3.37628
-3.5495
-3.70445
-3.83952
-3.95344
-4.04511
-4.11377
-4.15914
-4.18098
-4.18037
-4.1565
-4.11954
-4.06653
-4.01119
-3.91268
-3.84402
-3.65788
-3.63784
-3.24012
-3.49101
-2.49503
-3.72113
-0.9006
-5.34487
3.03831
3.14781
3.24996
3.34284
3.42388
3.49044
3.54175
3.58091
3.61392
3.64628
3.68054
3.71705
3.75625
3.79893
3.84551
3.89631
3.95176
4.01225
4.07806
4.14939
4.22631
4.3088
4.39672
4.48984
4.58778
4.69008
4.79619
4.90552
5.01745
5.13137
5.2467
5.36294
5.47965
5.59645
5.71295
5.82878
5.94354
6.05676
6.16786
6.27623
6.38122
6.48215
6.57845
6.66964
6.75542
6.83566
6.91039
6.9798
7.04412
7.10358
7.15835
7.20842
7.25363
7.29361
7.3278
7.35552
7.37594
7.38821
7.39145
7.3848
7.36741
7.33845
7.2972
7.24321
7.17627
7.09573
7.00382
6.91422
6.82898
6.73348
6.62713
6.51186
6.38798
6.26909
6.11416
6.07726
5.67172
6.39412
4.00461
9.5278
3.50876
3.41622
3.33108
3.24658
3.15943
3.06946
2.97746
2.88549
2.78789
2.61108
2.23199
1.75731
1.36268
1.04713
0.809127
0.644765
0.534751
0.459588
0.403283
0.316291
0.105037
-0.143102
-0.0972537
0.0774699
0.236064
0.345678
0.430165
0.489159
0.528643
0.558613
0.583313
0.603531
0.617394
0.620963
0.610388
0.583167
0.538017
0.47446
0.392637
0.293249
0.177422
0.0465631
-0.0978072
-0.254217
-0.42141
-0.598422
-0.784534
-0.979104
-1.18132
-1.39004
-1.60355
-1.81964
-2.03567
-2.24875
-2.456
-2.6547
-2.84235
-3.01679
-3.17611
-3.31866
-3.44293
-3.54763
-3.63173
-3.69464
-3.73578
-3.7559
-3.75386
-3.73671
-3.70222
-3.66619
-3.59008
-3.54224
-3.38415
-3.3805
-3.02268
-3.26914
-2.34433
-3.51002
-0.836297
-5.11667
3.60227
3.68314
3.75539
3.81622
3.86491
3.90219
3.93023
3.95212
3.97056
3.98684
4.00134
4.01458
4.02734
4.0403
4.05393
4.06881
4.08561
4.10493
4.12735
4.15343
4.18369
4.21861
4.25862
4.30405
4.35512
4.41195
4.47455
4.54274
4.61627
4.69474
4.77766
4.8645
4.95468
5.04758
5.14258
5.23906
5.3364
5.43398
5.53117
5.62737
5.72203
5.81462
5.90474
5.99207
6.07643
6.15775
6.23602
6.31131
6.38366
6.45303
6.51925
6.58199
6.64072
6.69476
6.74332
6.78545
6.8203
6.84695
6.86455
6.87241
6.86982
6.85607
6.83062
6.79313
6.74337
6.68073
6.6072
6.53359
6.46235
6.38151
6.29022
6.19005
6.0816
5.97559
5.8397
5.80186
5.44812
6.09655
3.88915
9.14619
4.10073
4.06626
4.02296
3.97874
3.93347
3.88638
3.83691
3.78646
3.73345
3.62912
3.41302
3.16542
2.94737
2.7314
2.52864
2.36393
2.24776
2.17259
2.12481
2.08779
2.01728
1.84196
1.6138
1.64069
1.86808
1.992
1.99043
1.95913
1.91511
1.85219
1.78321
1.71994
1.66213
1.60163
1.52935
1.44072
1.33633
1.21896
1.09085
0.953018
0.805894
0.649956
0.485955
0.314691
0.136658
-0.0478383
-0.238763
-0.436004
-0.639166
-0.847541
-1.05983
-1.27425
-1.48875
-1.70097
-1.90855
-2.10919
-2.30077
-2.48131
-2.64894
-2.802
-2.93883
-3.058
-3.15823
-3.23866
-3.29849
-3.33824
-3.35652
-3.3576
-3.34028
-3.32175
-3.26677
-3.23736
-3.10743
-3.11654
-2.80257
-3.0373
-2.19549
-3.28525
-0.781757
-4.86762
4.12798
4.15321
4.17437
4.19273
4.20914
4.22392
4.23722
4.24897
4.25882
4.26637
4.27149
4.2744
4.27535
4.27458
4.27238
4.26917
4.26545
4.2617
4.25848
4.25633
4.25584
4.25762
4.26229
4.27044
4.28266
4.29947
4.32132
4.34857
4.38151
4.4203
4.46488
4.51512
4.57077
4.63149
4.69679
4.76608
4.83881
4.91436
4.99207
5.07129
5.15148
5.23208
5.31271
5.39305
5.47284
5.55197
5.6303
5.70772
5.78409
5.8591
5.93236
6.00325
6.07093
6.13452
6.19305
6.2454
6.29059
6.32774
6.35596
6.37466
6.38329
6.38121
6.36806
6.34366
6.30778
6.25991
6.20187
6.14208
6.08325
6.01565
5.93836
5.85257
5.75899
5.66563
5.54859
5.50842
5.21213
5.77153
3.7823
8.71929
4.03503
4.01962
4.00255
3.98391
3.96577
3.94676
3.92483
3.9009
3.87624
3.83146
3.75775
3.69762
3.65332
3.60307
3.54518
3.48377
3.42632
3.38152
3.35187
3.33264
3.3156
3.28813
3.23165
3.10761
3.05948
3.33301
3.40104
3.32295
3.22535
3.12833
3.02545
2.92063
2.81624
2.70829
2.59147
2.46213
2.31914
2.16409
1.99971
1.82834
1.65119
1.46881
1.28148
1.08949
0.893025
0.692195
0.487016
0.277551
0.064095
-0.152796
-0.372187
-0.592811
-0.81315
-1.03153
-1.24617
-1.45527
-1.65706
-1.84977
-2.03164
-2.20086
-2.35572
-2.49455
-2.61588
-2.71858
-2.80161
-2.86512
-2.90788
-2.93008
-2.93343
-2.93409
-2.905
-2.89355
-2.80048
-2.81659
-2.56439
-2.77087
-2.04616
-3.02703
-0.746057
-4.59045
4.04138
4.04666
4.05184
4.05765
4.06437
4.0721
4.08074
4.08996
4.09928
4.10834
4.11684
4.1245
4.13107
4.13636
4.14018
4.14244
4.14319
4.14244
4.14033
4.13703
4.13282
4.12805
4.12308
4.11834
4.11433
4.1116
4.11071
4.1122
4.11666
4.12468
4.13669
4.15311
4.17433
4.20061
4.23201
4.26854
4.31013
4.35663
4.4077
4.46298
4.52208
4.58456
4.6501
4.71832
4.78883
4.86139
4.93565
5.01123
5.08783
5.16487
5.24175
5.31771
5.39172
5.46275
5.52976
5.59153
5.64693
5.69508
5.73504
5.76617
5.78794
5.79985
5.80161
5.79305
5.77396
5.74411
5.70483
5.66191
5.61834
5.56714
5.50744
5.44001
5.36571
5.28911
5.1978
5.15404
4.93907
5.37203
3.68792
8.19704
3.36123
3.35393
3.35201
3.34671
3.33991
3.33324
3.32579
3.31733
3.30938
3.3016
3.29208
3.28855
3.31902
3.3594
3.38703
3.40989
3.43462
3.46412
3.50018
3.54137
3.58264
3.61795
3.63971
3.64276
3.63441
3.61947
3.6545
3.69246
3.62699
3.56124
3.50718
3.4362
3.35252
3.26449
3.16884
3.06056
2.93845
2.80355
2.65761
2.50269
2.34047
2.17181
1.9966
1.81441
1.62496
1.42827
1.22467
1.01469
0.799125
0.57898
0.355457
0.12989
-0.0962043
-0.321329
-0.543972
-0.762556
-0.975514
-1.18122
-1.37795
-1.56393
-1.7373
-1.89627
-2.03917
-2.16466
-2.27144
-2.35938
-2.42717
-2.47157
-2.49559
-2.51734
-2.51249
-2.52385
-2.461
-2.49843
-2.28789
-2.5043
-1.84553
-2.80278
-0.641217
-4.4131
3.36911
3.37476
3.38016
3.38548
3.39146
3.39826
3.40613
3.41519
3.42547
3.43699
3.44967
3.46334
3.47781
3.49284
3.50807
3.5232
3.53794
3.55194
3.56495
3.5767
3.587
3.59581
3.60306
3.60876
3.61311
3.61633
3.61878
3.62086
3.62304
3.6259
3.63002
3.63596
3.6444
3.65592
3.67095
3.68995
3.71328
3.74119
3.77379
3.81112
3.85312
3.89966
3.95061
4.00569
4.06473
4.12747
4.19356
4.26265
4.33437
4.40814
4.48331
4.5591
4.6345
4.70846
4.77989
4.84761
4.91045
4.96747
5.0177
5.06048
5.09524
5.12152
5.139
5.14747
5.14671
5.13658
5.11817
5.09399
5.06734
5.03452
4.99467
4.94832
4.89629
4.84136
4.77755
4.74405
4.59147
4.9745
3.45231
7.85955
2.53944
2.53567
2.53462
2.53228
2.52945
2.52589
2.51974
2.51031
2.49917
2.48896
2.48412
2.5002
2.56292
2.65748
2.73715
2.79457
2.84405
2.89946
2.9708
3.06215
3.16699
3.26659
3.3427
3.39061
3.41247
3.41215
3.39816
3.42697
3.63447
3.67536
3.55088
3.47047
3.42134
3.36478
3.29059
3.2014
3.09907
2.98501
2.86213
2.73321
2.59946
2.46061
2.31543
2.16246
2.00045
1.82879
1.64763
1.45763
1.25992
1.05575
0.846536
0.633653
0.418526
0.202511
-0.013045
-0.226755
-0.43719
-0.642849
-0.842073
-1.03305
-1.21384
-1.38252
-1.53717
-1.67623
-1.79818
-1.90259
-1.98794
-2.04846
-2.08792
-2.12552
-2.13927
-2.16853
-2.12969
-2.18547
-2.00866
-2.23824
-1.63276
-2.5842
-0.516181
-4.24705
2.54425
2.5469
2.54975
2.55256
2.55578
2.55945
2.56375
2.56888
2.57515
2.58276
2.59191
2.60283
2.61571
2.63061
2.64749
2.66632
2.68692
2.70907
2.7325
2.75679
2.78156
2.80649
2.83119
2.85532
2.87865
2.90091
2.92209
2.9422
2.96133
2.97971
2.9977
3.01563
3.03404
3.05342
3.07421
3.09694
3.12206
3.14992
3.18085
3.21512
3.25286
3.2942
3.33916
3.3877
3.43985
3.49549
3.55445
3.61652
3.68146
3.74891
3.81827
3.88898
3.96021
4.03104
4.10053
4.16762
4.23125
4.29051
4.34451
4.39255
4.43411
4.46864
4.49586
4.51555
4.52748
4.53158
4.52875
4.519
4.50571
4.48776
4.46433
4.4359
4.40323
4.36805
4.32897
4.30783
4.21079
4.5652
3.17634
7.52921
1.41085
1.41567
1.41273
1.40784
1.39795
1.38409
1.36999
1.35614
1.33942
1.31738
1.29049
1.26778
1.32669
2.08059
2.96669
3.21451
3.27718
3.29337
3.31217
3.35347
3.42417
3.51961
3.62578
3.72175
3.78968
3.82432
3.82487
3.80025
3.78022
3.78178
3.8277
3.76688
3.66515
3.56033
3.43688
3.30203
3.16149
3.01289
2.85863
2.70504
2.55673
2.41374
2.27282
2.13024
1.98333
1.83071
1.67207
1.50773
1.33835
1.16466
0.987408
0.807162
0.624522
0.440077
0.254476
0.0685399
-0.116806
-0.30044
-0.480992
-0.656816
-0.826077
-0.986825
-1.13706
-1.27503
-1.39897
-1.50811
-1.60059
-1.66909
-1.71726
-1.76416
-1.79013
-1.83106
-1.81036
-1.8785
-1.73105
-1.9678
-1.41533
-2.35349
-0.387338
-4.04801
1.40765
1.4104
1.41436
1.41925
1.42522
1.43213
1.43994
1.44866
1.45843
1.46935
1.48161
1.4955
1.51135
1.52941
1.54996
1.57332
1.59965
1.62906
1.66158
1.69707
1.73535
1.77615
1.8191
1.86374
1.90962
1.95622
2.00315
2.05001
2.09648
2.14234
2.1875
2.23192
2.27575
2.31914
2.3623
2.40555
2.44918
2.49346
2.53867
2.58504
2.63278
2.68203
2.73291
2.78554
2.83999
2.89635
2.95458
3.01469
3.0766
3.14018
3.20512
3.27106
3.33752
3.40379
3.46922
3.53295
3.59414
3.65204
3.70586
3.75497
3.79889
3.83712
3.8694
3.89558
3.91542
3.92894
3.93685
3.93753
3.93421
3.92767
3.9172
3.90327
3.88659
3.86854
3.851
3.84217
3.79643
4.12336
2.87724
7.11289
0.992601
0.990251
0.960187
0.941127
0.933508
0.929438
0.924349
0.916155
0.904399
0.889479
0.872541
0.854427
0.842065
0.85246
0.948851
1.44775
1.97929
2.13474
2.18774
2.219
2.25726
2.32228
2.41877
2.53161
2.64128
2.7288
2.77936
2.78856
2.76803
2.74125
2.75921
2.97929
3.05034
2.90662
2.76891
2.6483
2.52539
2.3911
2.25093
2.11353
1.98392
1.86248
1.74619
1.63097
1.5138
1.39358
1.27053
1.14545
1.01909
0.891842
0.763797
0.634696
0.504179
0.371873
0.237557
0.101235
-0.0368651
-0.176234
-0.31605
-0.455171
-0.592107
-0.725182
-0.852509
-0.972313
-1.08272
-1.1827
-1.26995
-1.33681
-1.38584
-1.43462
-1.46564
-1.51155
-1.50245
-1.57702
-1.45305
-1.6918
-1.18826
-2.10767
-0.246542
-3.81628
0.977303
0.967434
0.958836
0.952448
0.947294
0.943293
0.940359
0.938369
0.937237
0.936908
0.937362
0.938685
0.941024
0.944628
0.949807
0.956958
0.96647
0.97878
0.994295
1.01336
1.03624
1.06306
1.09391
1.12869
1.16722
1.2092
1.25423
1.30191
1.35176
1.40336
1.45625
1.51008
1.56458
1.61953
1.67477
1.73026
1.78598
1.84196
1.89824
1.95487
2.01191
2.06942
2.12743
2.18599
2.24514
2.30491
2.36536
2.42647
2.48821
2.55057
2.61338
2.67644
2.73946
2.80197
2.86352
2.92353
2.98133
3.03636
3.08802
3.13579
3.17928
3.21811
3.25206
3.28108
3.30504
3.32401
3.3386
3.34623
3.34988
3.35156
3.35071
3.34786
3.34365
3.33956
3.33949
3.34158
3.34016
3.63934
2.53356
6.61898
0.464843
0.478098
0.487789
0.49684
0.502066
0.501858
0.498789
0.495545
0.492562
0.488924
0.484155
0.478608
0.472877
0.468557
0.469826
0.481148
0.506334
0.542451
0.57418
0.590716
0.60386
0.631845
0.663462
0.7045
0.769244
0.840054
0.899559
0.935737
0.941928
0.924363
0.896702
0.884238
0.88669
0.946908
0.971208
0.957925
0.934195
0.90031
0.858666
0.817042
0.779514
0.744925
0.709752
0.670762
0.625996
0.575259
0.519763
0.461235
0.401078
0.339955
0.277835
0.214252
0.148504
0.0799444
0.00803928
-0.0675357
-0.146872
-0.229857
-0.316141
-0.405107
-0.495814
-0.587034
-0.677275
-0.765006
-0.8485
-0.926662
-0.997019
-1.05278
-1.0947
-1.13774
-1.16639
-1.21037
-1.20601
-1.28094
-1.17386
-1.40962
-0.947905
-1.8443
-0.0850381
-3.54781
0.449737
0.432702
0.41676
0.402382
0.389713
0.378855
0.369817
0.362562
0.35701
0.353028
0.350464
0.349202
0.349133
0.350215
0.352472
0.356012
0.361042
0.367857
0.376843
0.388403
0.40296
0.420943
0.442736
0.468639
0.498883
0.533544
0.572599
0.615929
0.663272
0.714297
0.768568
0.825652
0.885106
0.946457
1.00927
1.07319
1.13788
1.20305
1.26849
1.33402
1.39945
1.46472
1.52973
1.5944
1.65872
1.72265
1.78623
1.84942
1.91222
1.97462
2.0365
2.09778
2.15828
2.21767
2.27565
2.33183
2.38574
2.43695
2.48504
2.52968
2.57055
2.60743
2.64024
2.66899
2.69368
2.71455
2.73213
2.74351
2.75126
2.75801
2.76338
2.76798
2.7724
2.77848
2.79099
2.8011
2.83536
3.10603
2.12836
6.0465
-0.0910106
-0.0760531
-0.0629964
-0.0544179
-0.0511789
-0.0527911
-0.0586864
-0.0675236
-0.0775206
-0.087336
-0.0963005
-0.10403
-0.110325
-0.115198
-0.118692
-0.120904
-0.122118
-0.123612
-0.126177
-0.131066
-0.142132
-0.161397
-0.180527
-0.16585
-0.121576
-0.0803976
-0.0498819
-0.0263193
-0.0131907
-0.0161272
-0.0332787
-0.0563594
-0.0896753
-0.134313
-0.149654
-0.1515
-0.165543
-0.176355
-0.179946
-0.182298
-0.183955
-0.183596
-0.181764
-0.180881
-0.183183
-0.189316
-0.198234
-0.208108
-0.217478
-0.225922
-0.233988
-0.242742
-0.253375
-0.266892
-0.284023
-0.305231
-0.330772
-0.360768
-0.395234
-0.434042
-0.476829
-0.522962
-0.57152
-0.621454
-0.671422
-0.720541
-0.766508
-0.804551
-0.833486
-0.865018
-0.885423
-0.921779
-0.916233
-0.986074
-0.889605
-1.11696
-0.690336
-1.55464
0.099909
-3.20402
-0.102349
-0.109718
-0.116123
-0.121834
-0.126498
-0.129961
-0.132065
-0.132695
-0.131779
-0.129309
-0.125324
-0.119904
-0.113184
-0.10533
-0.0965051
-0.0868527
-0.0764545
-0.0653186
-0.0533762
-0.0404809
-0.0263893
-0.0107695
0.00676004
0.0265981
0.049176
0.0748691
0.104012
0.13686
0.173572
0.214185
0.258633
0.306745
0.358281
0.41289
0.470191
0.529787
0.591245
0.654145
0.718088
0.782732
0.847719
0.912789
0.977687
1.04222
1.10624
1.16961
1.23225
1.29409
1.35505
1.41506
1.47402
1.53183
1.58833
1.64327
1.69643
1.74751
1.79617
1.84211
1.88502
1.92469
1.96091
1.99359
2.02279
2.04857
2.07109
2.09073
2.10803
2.1202
2.12946
2.13842
2.14684
2.15535
2.16437
2.17605
2.19484
2.20706
2.2651
2.50492
1.63263
5.34004
-0.199194
-0.204259
-0.231083
-0.251934
-0.268379
-0.284171
-0.299194
-0.312772
-0.325053
-0.336589
-0.347577
-0.357567
-0.365716
-0.371375
-0.374538
-0.375845
-0.376248
-0.376976
-0.379993
-0.387538
-0.400016
-0.413388
-0.422795
-0.440671
-0.471061
-0.483358
-0.47473
-0.465188
-0.47566
-0.490569
-0.505532
-0.524966
-0.553678
-0.604067
-0.711095
-0.822734
-0.824246
-0.808934
-0.807147
-0.790578
-0.758381
-0.725852
-0.699384
-0.677389
-0.657996
-0.640582
-0.624345
-0.607894
-0.589893
-0.569816
-0.548201
-0.526311
-0.505554
-0.487029
-0.471406
-0.459033
-0.450094
-0.444744
-0.443191
-0.445658
-0.452255
-0.462889
-0.477189
-0.494618
-0.51433
-0.535826
-0.557263
-0.576508
-0.590809
-0.608717
-0.618172
-0.643909
-0.633354
-0.69456
-0.603186
-0.817533
-0.419267
-1.23615
0.300954
-2.73942
-0.207535
-0.20519
-0.202761
-0.199607
-0.196541
-0.193417
-0.190092
-0.186421
-0.182245
-0.177426
-0.171841
-0.165405
-0.158082
-0.149901
-0.140949
-0.131356
-0.121274
-0.110863
-0.100282
-0.0896531
-0.0790367
-0.0684093
-0.0576652
-0.046627
-0.0350245
-0.0225221
-0.00874231
0.00670869
0.0242233
0.044159
0.0668073
0.0923988
0.121072
0.152858
0.187716
0.225521
0.266078
0.309103
0.354299
0.401366
0.449946
0.499721
0.550386
0.601665
0.653295
0.705039
0.756706
0.808112
0.859085
0.909451
0.959045
1.00767
1.05512
1.10114
1.14548
1.18784
1.22792
1.2655
1.3003
1.33219
1.36103
1.3868
1.40965
1.42971
1.44725
1.46275
1.47674
1.48723
1.49534
1.5034
1.51134
1.51981
1.52916
1.54205
1.56211
1.57164
1.64047
1.84767
1.0574
4.43762
-0.283142
-0.29593
-0.309887
-0.323085
-0.334878
-0.345936
-0.35756
-0.370205
-0.383314
-0.396171
-0.40835
-0.419553
-0.42939
-0.437477
-0.443778
-0.44878
-0.453365
-0.458533
-0.465503
-0.475651
-0.489559
-0.505739
-0.520838
-0.536948
-0.553235
-0.598147
-0.689641
-0.812492
-0.884168
-0.88985
-0.937265
-0.983073
-1.02305
-1.06558
-1.12638
-1.21816
-1.33639
-1.37777
-1.29769
-1.2089
-1.1192
-1.00405
-0.88783
-0.798859
-0.742244
-0.705523
-0.676654
-0.649265
-0.620599
-0.589975
-0.558124
-0.526562
-0.496793
-0.469707
-0.445347
-0.423237
-0.402835
-0.383881
-0.366523
-0.351189
-0.338365
-0.328404
-0.32141
-0.317293
-0.315685
-0.316516
-0.318488
-0.321873
-0.323728
-0.329674
-0.329109
-0.344401
-0.32856
-0.378511
-0.293515
-0.480539
-0.133617
-0.824205
0.446085
-1.91717
-0.2728
-0.262698
-0.253134
-0.243864
-0.235036
-0.226687
-0.218822
-0.211405
-0.204359
-0.197586
-0.190959
-0.184329
-0.17754
-0.170458
-0.162984
-0.155064
-0.14669
-0.137914
-0.128854
-0.119652
-0.110476
-0.101502
-0.0928794
-0.0847126
-0.0770428
-0.0698364
-0.0629749
-0.056273
-0.0494707
-0.0422526
-0.0342907
-0.0252416
-0.014793
-0.00266831
0.0113493
0.02741
0.0455887
0.065872
0.0882088
0.112472
0.138489
0.16607
0.195017
0.225111
0.256133
0.287894
0.320184
0.352825
0.385638
0.418433
0.451038
0.483238
0.514829
0.545568
0.575225
0.603535
0.630254
0.655187
0.678108
0.69888
0.717407
0.733698
0.747882
0.760082
0.770583
0.779811
0.788288
0.794634
0.800082
0.806029
0.812446
0.819557
0.82667
0.835188
0.846507
0.838244
0.884482
1.05196
0.34184
3.04145
-0.0426518
-0.0458599
-0.0469274
-0.0496012
-0.0535706
-0.0576017
-0.0611813
-0.0645366
-0.068101
-0.0719692
-0.0757508
-0.0788152
-0.0806168
-0.0808922
-0.0797176
-0.0774457
-0.0745717
-0.0715342
-0.0686729
-0.0663971
-0.0650095
-0.0639489
-0.0617004
-0.0586037
-0.0558189
-0.0482781
-0.0113615
0.130025
0.339354
0.485593
0.562733
0.647827
0.704322
0.72495
0.728589
0.719889
0.680832
0.585804
0.442516
0.391006
0.455353
0.413193
0.270761
0.129525
0.0347291
-0.019279
-0.0537873
-0.0823776
-0.107761
-0.12851
-0.144071
-0.155496
-0.164167
-0.170786
-0.175252
-0.177114
-0.176065
-0.172188
-0.165992
-0.158273
-0.149905
-0.141627
-0.133906
-0.126992
-0.120934
-0.116038
-0.111817
-0.109867
-0.106759
-0.106651
-0.101598
-0.108401
-0.0927309
-0.124304
-0.0629509
-0.181424
0.0367601
-0.357067
0.361072
-0.829698
-0.0377019
-0.0327432
-0.0276993
-0.0227034
-0.0177275
-0.0128673
-0.00818769
-0.00377598
0.000287229
0.00393916
0.00714364
0.00990307
0.0122529
0.0142682
0.0160552
0.0177411
0.0194587
0.0213225
0.0234267
0.0258271
0.0285154
0.0314302
0.034464
0.0374676
0.0402673
0.0426896
0.0445794
0.0458203
0.0463625
0.0462233
0.0454869
0.0443053
0.042885
0.0414756
0.0403359
0.0397184
0.0398523
0.0409295
0.0430971
0.0464326
0.0509621
0.056668
0.0634903
0.0713246
0.0800536
0.0895433
0.0996439
0.110213
0.121103
0.132177
0.143296
0.154304
0.16506
0.175404
0.185191
0.194271
0.202528
0.209886
0.216256
0.221619
0.225983
0.229407
0.232003
0.233907
0.235375
0.23661
0.237987
0.240289
0.240555
0.239807
0.238172
0.236447
0.235556
0.239021
0.250279
0.254562
0.290308
0.378114
0.00170757
1.26933
)
;

boundaryField
{
    inlet
    {
        type            freestreamPressure;
        freestreamValue uniform 0;
        value           nonuniform List<scalar> 
134
(
0.635769
-0.0286717
-0.717717
-1.30928
-1.72924
-1.97593
-2.00064
-1.80204
-1.38735
-0.641245
-0.119556
-0.194329
-0.325369
-0.449243
-0.574405
-0.705191
-0.842842
-0.988107
-1.14303
-1.31127
1.28878
-1.49791
-1.70562
-1.92483
-2.13084
-2.27935
-2.35045
-2.47685
-2.47802
-2.52515
-3.01462
-2.77024
-2.77916
-2.83175
-2.87084
-2.88967
-2.90717
-2.95422
-3.07506
-3.22208
1.90702
2.5474
3.0961
3.40702
3.37205
2.80252
1.50397
-3.55428
-3.47871
-3.35861
-3.28033
-3.22299
-3.15946
-3.0878
-3.01406
-2.94008
-2.86481
-2.78724
-2.70717
-2.62457
-2.53905
-2.45002
-2.35634
-2.25584
-2.14612
-2.02392
-1.94572
-1.87246
-1.7846
-1.68228
-1.56371
-1.41189
-1.20679
-0.84427
-0.365167
0.523053
1.17718
1.89818
2.60879
3.29816
3.95028
4.50185
4.92126
5.21906
5.40582
5.50834
5.55633
5.57543
5.58592
5.61709
5.71622
5.90159
6.10302
6.2662
6.3981
6.51115
6.608
6.68509
6.74052
6.77541
6.79347
6.80343
6.82297
6.89664
7.0919
7.5207
7.70361
7.5213
7.30902
7.17177
7.06068
6.9365
6.80124
6.66403
6.52554
6.38294
6.23474
6.08045
5.91944
5.75017
5.5701
5.37583
5.16085
4.92033
4.62601
4.43605
4.25022
4.01595
3.73795
3.41561
3.01757
2.50868
1.72016
0.71843
)
;
    }
    outlet
    {
        type            freestreamPressure;
        freestreamValue uniform 0;
        value           nonuniform List<scalar> 
160
(
-0.000134075
-0.000118502
-0.000144239
-0.000102894
-0.000147832
-8.70064e-05
-0.000156375
-7.12652e-05
-0.000168962
-5.55837e-05
-0.000181795
-4.02588e-05
-0.000193252
-2.54922e-05
-0.000204007
-1.15581e-05
-0.000215405
1.2888e-06
-0.000227762
1.28503e-05
-0.00023989
2.30083e-05
-0.000249844
3.17654e-05
-0.00025593
3.92269e-05
-0.000257322
4.56242e-05
-0.000254244
5.12906e-05
-0.000247786
5.66255e-05
-0.000239513
6.205e-05
-0.000230782
6.79282e-05
-0.000222537
7.45639e-05
-0.000215917
8.21402e-05
-0.000211947
9.06358e-05
-0.000209186
9.98628e-05
-0.000202996
0.000109484
-0.000194188
0.000119027
-0.000186722
0.000127941
-0.000163779
0.000135671
-4.30575e-05
0.000141721
0.00041054
0.000145714
0.00108076
0.000147486
0.0015477
0.000147083
0.00179349
0.00014477
0.00206201
0.000141025
0.00223617
0.000136507
0.00229723
0.000132013
0.00230257
0.000128371
0.00226389
0.000126394
0.0021245
0.000126822
0.00180914
0.000130275
0.00135221
0.00013723
0.0011864
0.000147946
0.00137616
0.000162512
0.00124948
0.000180883
0.000829382
0.000202874
0.000410521
0.000228165
0.000127102
0.000256392
-3.56498e-05
0.000287141
-0.000140446
0.00031995
-0.000227757
0.000354381
-0.000305697
0.000389984
-0.000369886
0.000426345
-0.000418507
0.000463038
-0.000454638
0.000499593
-0.000482465
0.000535581
-0.000504178
0.000570513
-0.00051954
0.000603946
-0.000527178
0.000635417
-0.000526079
0.000664565
-0.000516391
0.000691156
-0.000499557
0.000714905
-0.000477938
0.000735747
-0.00045417
0.000753708
-0.000430512
0.000768976
-0.000408411
0.000781912
-0.000388655
0.000792972
-0.000371431
0.000803011
-0.000357705
0.000812739
-0.000346071
0.000823459
-0.000341214
0.000836985
-0.000332745
0.000843005
-0.000333509
0.000846146
-0.000319395
0.0008468
-0.000341716
0.00084784
-0.00029507
0.000852676
-0.000394818
0.000874284
-0.000204317
0.000926153
-0.000576707
0.000955425
0.000124036
0.00110462
-0.00110495
0.00146402
0.00133773
6.96095e-06
-0.00226953
0.00479468
)
;
    }
    walls
    {
        type            zeroGradient;
    }
    frontAndBack
    {
        type            empty;
    }
}


// ************************************************************************* //
