/*--------------------------------*- C++ -*----------------------------------*\
| =========                 |                                                 |
| \\      /  F ield         | OpenFOAM: The Open Source CFD Toolbox           |
|  \\    /   O peration     | Version:  2312                                  |
|   \\  /    A nd           | Website:  www.openfoam.com                      |
|    \\/     M anipulation  |                                                 |
\*---------------------------------------------------------------------------*/
FoamFile
{
    version     2.0;
    format      ascii;
    arch        "LSB;label=32;scalar=64";
    class       volScalarField;
    location    "50";
    object      p;
}
// * * * * * * * * * * * * * * * * * * * * * * * * * * * * * * * * * * * * * //

dimensions      [0 2 -2 0 0 0 0];

internalField   nonuniform List<scalar> 
10720
(
160.556
109.322
46.9814
-19.1143
-85.6057
-155.74
-222.264
-282.74
-338.375
-386.113
-426.637
-460.454
-487.768
-508.941
-524.489
-534.575
-540.193
-540.253
-535.196
-523.502
-505.641
-481.039
-451.247
-417.477
-379.432
-345.849
-322.117
-285.215
-245.034
-219.739
-192.188
-161.135
-131.178
-104.116
-93.4685
-92.4497
-63.7093
-10.8576
22.2924
207.379
248.33
287.229
318.247
336.155
341.702
337.625
321.706
296.307
266.171
235.232
206.201
179.929
156.792
136.818
118.79
102.397
86.9269
71.9711
56.8448
41.4697
25.5345
9.34467
-6.39948
-19.5183
-28.7998
-35.6859
-41.0453
-45.2453
-48.0634
-49.1371
-48.1854
-45.3252
-40.5557
-33.8595
-25.5224
-15.8557
-0.677893
29.6305
193.073
154.34
108.781
57.9371
3.3034
-54.7464
-113.465
-170.815
-225.737
-276.492
-322.356
-362.883
-397.772
-427.049
-450.794
-468.893
-481.44
-487.877
-488.698
-483.368
-471.999
-453.851
-430.048
-400.185
-365.92
-331.391
-300.177
-275.569
-252.691
-225.728
-194.025
-161.31
-131.05
-104.02
-93.4405
-92.4529
-63.7759
-9.13105
21.6511
226.363
256.505
284.523
308.061
323.301
329.482
326.424
313.972
294.224
269.912
243.609
217.404
192.466
169.455
148.621
129.514
111.872
95.2585
79.2752
63.4054
47.5252
31.4272
15.2946
-0.214801
-13.3242
-23.1319
-30.8193
-37.0495
-41.8686
-45.0843
-46.4858
-45.8611
-43.3393
-38.9208
-32.5519
-24.484
-15.0847
1.12695
29.8696
191.082
156.621
115.964
69.5526
19.2583
-34.5481
-90.2873
-145.788
-199.551
-250.309
-296.769
-338.316
-374.554
-405.269
-430.171
-449.226
-462.514
-470.122
-471.99
-467.674
-457.044
-439.889
-417.123
-389.345
-357.923
-325.678
-295.217
-272.421
-250.873
-223.442
-192.181
-160.27
-130.677
-104.111
-93.5288
-91.9413
-62.8372
-8.31425
27.3753
220.682
247.503
272.122
292.586
306.158
312.558
311.265
302.054
286.238
265.587
242.15
217.844
193.988
171.401
150.509
131.232
113.342
96.5106
80.3911
64.5529
48.8025
33.0038
17.3118
2.1852
-10.9463
-21.155
-29.1646
-35.5805
-40.4894
-43.7942
-45.3125
-44.818
-42.4266
-38.1487
-31.9008
-23.9385
-14.3647
1.86939
29.3466
188.106
158.886
124.221
84.7266
41.7303
-4.87658
-53.6872
-103.17
-152.169
-199.489
-244.018
-285.009
-321.868
-354.174
-381.519
-403.719
-420.695
-432.365
-438.464
-438.52
-432.132
-419.147
-400.304
-376.31
-348.332
-318.721
-291.249
-269.469
-247.412
-220.562
-190.325
-159.31
-130.371
-104.359
-93.4413
-90.6744
-61.353
-7.39582
31.4733
213.249
236.03
257.221
275.163
287.563
294.178
294.341
287.775
275.416
258.53
238.69
217.449
195.938
174.953
154.988
136.155
118.358
101.418
85.0928
69.0911
53.2428
37.4499
21.8083
6.77272
-6.48765
-17.0934
-25.4908
-32.2477
-37.475
-41.0925
-42.8999
-42.6818
-40.5694
-36.5879
-30.6304
-22.9127
-13.4456
2.65411
28.7146
180.198
154.296
123.465
88.2566
49.9214
8.02617
-36.269
-81.6873
-127.39
-172.288
-215.348
-255.779
-292.858
-325.999
-354.714
-378.641
-397.492
-410.912
-418.682
-420.418
-415.801
-404.788
-388.009
-366.24
-340.459
-312.842
-286.803
-265.018
-243.056
-217.376
-188.328
-158.236
-129.932
-104.519
-93.2054
-89.023
-59.6049
-6.42818
30.254
202.549
222.691
241.554
257.688
269.229
276.001
277.301
272.84
263.261
249.463
232.644
214.057
194.654
175.181
156.178
137.886
120.344
103.495
87.1968
71.2558
55.5204
39.9118
24.5214
9.74388
-3.48663
-14.3478
-23.0473
-30.0654
-35.5149
-39.3097
-41.2713
-41.2122
-39.2816
-35.5152
-29.7745
-22.2419
-12.8456
3.089
27.8451
171.235
148.159
120.649
89.2914
55.2576
17.9113
-21.7141
-62.6025
-104.178
-145.518
-185.765
-224.199
-260.078
-292.76
-321.7
-346.424
-366.497
-381.59
-391.439
-395.675
-393.865
-385.866
-372.147
-353.406
-330.481
-305.302
-281.007
-259.876
-238.562
-214.035
-186.055
-156.877
-129.264
-104.492
-92.8304
-87.1314
-57.6945
-5.01583
27.8645
191.196
209.146
226.136
240.861
251.73
258.593
260.744
257.909
250.553
239.344
225.216
209.185
192.019
174.365
156.738
139.424
122.543
106.121
90.0983
74.3591
58.7981
43.3729
28.1776
13.5716
0.338568
-10.7639
-19.7703
-27.0643
-32.7615
-36.7839
-38.9775
-39.1688
-37.5095
-34.0379
-28.5858
-21.3087
-12.0598
3.63967
27.0677
161.604
140.751
115.871
87.5334
56.8964
23.1916
-12.6626
-49.8
-87.8649
-126.08
-163.745
-200.245
-234.857
-266.93
-295.88
-321.148
-342.221
-358.671
-370.056
-375.971
-375.961
-369.929
-358.327
-341.847
-321.221
-298.113
-275.398
-254.996
-234.263
-210.712
-183.728
-155.461
-128.547
-104.358
-92.2913
-85.0215
-55.5905
-3.21606
27.1812
179.664
195.894
211.406
225.008
235.316
242.206
244.995
243.415
237.828
228.742
216.898
203.119
188.014
172.119
155.897
139.639
123.512
107.612
91.9512
76.4851
61.1647
45.9861
31.0505
16.6847
3.54479
-7.68849
-16.9301
-24.4673
-30.4052
-34.6664
-37.091
-37.5107
-36.0785
-32.8421
-27.6159
-20.5283
-11.392
4.09121
26.3679
151.944
132.958
110.305
84.5318
56.7858
26.2343
-6.28179
-40.0095
-74.7364
-109.827
-144.705
-178.881
-211.71
-242.574
-270.877
-296.031
-317.456
-334.639
-347.136
-354.545
-356.367
-352.457
-343.188
-329.167
-310.989
-290.095
-269.13
-249.691
-229.68
-207.169
-181.265
-153.979
-127.83
-104.176
-91.6092
-82.7356
-53.2929
-1.68269
26.5721
168.426
183.256
197.555
210.229
220.052
226.917
230.169
229.557
225.372
218.02
208.102
196.298
183.089
168.905
154.143
139.067
123.864
108.669
93.5431
78.5014
63.5441
48.7015
34.0843
19.9897
6.98162
-4.33082
-13.7808
-21.5606
-27.7516
-32.2662
-34.9382
-35.604
-34.4187
-31.4354
-26.4525
-19.5755
-10.5873
4.63467
25.7653
142.502
125.076
104.298
80.6813
55.3668
27.4935
-2.17308
-32.9545
-64.7463
-97.0053
-129.273
-161.173
-192.148
-221.64
-249.084
-273.879
-295.412
-313.134
-326.518
-335.121
-338.384
-336.152
-328.783
-316.856
-300.863
-282.031
-262.747
-244.322
-225.074
-203.57
-178.726
-152.412
-127.06
-103.914
-90.7837
-80.3147
-50.9569
-0.624316
25.4852
157.675
171.35
184.632
196.523
205.911
212.708
216.298
216.432
213.357
207.417
199.11
189.007
177.489
164.897
151.557
137.689
123.479
109.077
94.5774
80.0402
65.5104
51.0509
36.7828
22.9826
10.1428
-1.19098
-10.8007
-18.7938
-25.2212
-29.9826
-32.9007
-33.8111
-32.8626
-30.112
-25.3476
-18.6561
-9.8064
5.14085
25.1946
133.454
117.358
98.1782
76.4193
53.1972
27.6386
0.454611
-27.7368
-56.9002
-86.5609
-116.352
-145.989
-175.001
-202.918
-229.219
-253.316
-274.603
-292.498
-306.434
-315.948
-320.476
-319.813
-314.272
-304.374
-290.51
-273.708
-256.118
-238.803
-220.387
-199.87
-176.078
-150.716
-126.154
-103.489
-89.7549
-77.821
-48.6896
-0.164746
23.9869
147.521
160.21
172.612
183.826
192.818
199.512
203.345
204.055
201.863
197.072
190.107
181.458
171.432
160.298
148.315
135.661
122.496
108.969
95.1904
81.2499
67.2261
53.2092
39.3333
25.86
13.2311
1.93851
-7.77106
-15.934
-22.5672
-27.5571
-30.7135
-31.8686
-31.1663
-28.6631
-24.1357
-17.6542
-8.97645
5.62492
24.6188
124.884
109.938
92.1371
71.9861
50.5787
27.0349
2.01737
-23.9069
-50.7404
-78.0653
-105.582
-133.08
-160.166
-186.448
-211.47
-234.689
-255.515
-273.366
-287.649
-297.861
-303.431
-304.101
-300.152
-292.055
-280.12
-265.211
-249.245
-233.068
-215.521
-195.984
-173.256
-148.851
-125.047
-102.826
-88.4822
-75.3153
-46.525
-0.23701
22.2643
137.992
149.817
161.445
172.058
180.681
187.248
191.245
192.402
190.915
187.059
181.209
173.795
165.072
155.249
144.535
133.06
120.95
108.343
95.3468
82.0681
68.6078
55.0791
41.6265
28.5032
16.117
4.91604
-4.83957
-13.129
-19.9356
-25.1318
-28.5161
-29.9128
-29.4585
-27.2069
-22.9236
-16.6632
-8.17868
6.02027
23.9427
116.815
102.882
86.2911
67.5518
47.7316
25.9582
2.85361
-21.059
-45.8165
-71.0397
-96.4761
-121.971
-147.194
-171.828
-195.481
-217.664
-237.83
-255.41
-269.809
-280.493
-286.915
-288.755
-286.247
-279.8
-269.649
-256.517
-242.107
-227.079
-210.44
-191.892
-170.245
-146.804
-123.723
-101.901
-86.9951
-72.8479
-44.4997
-0.744305
20.3293
129.075
140.135
151.072
161.142
169.415
175.839
179.939
181.439
180.515
177.423
172.497
166.126
158.529
149.872
140.322
129.967
118.901
107.235
95.0687
82.5099
69.6721
56.6818
43.69
30.9458
18.834
7.77059
-1.97949
-10.3504
-17.2926
-22.6653
-26.2559
-27.8814
-27.672
-25.6775
-21.6522
-15.6367
-7.38231
6.34301
23.1462
109.24
96.2047
80.6845
63.1933
44.7735
24.5686
3.16381
-18.9549
-41.8518
-65.1847
-88.7301
-112.375
-135.839
-158.865
-181.124
-202.187
-221.556
-238.694
-253.023
-263.991
-271.073
-273.901
-272.658
-267.691
-259.165
-247.683
-234.748
-220.865
-205.164
-187.605
-167.05
-144.58
-122.203
-100.761
-85.3715
-70.4917
-42.7274
-1.67784
18.1957
120.741
131.124
141.437
151.009
158.951
165.222
169.377
171.139
170.666
168.199
164.041
158.548
151.917
144.285
135.785
126.473
116.412
105.686
94.3763
82.5802
70.4124
58.0035
45.5081
33.171
21.3611
10.4715
0.768797
-7.64576
-14.6913
-20.2122
-23.9871
-25.8255
-25.8504
-24.1081
-20.3442
-14.5877
-6.59425
6.59427
22.2731
102.136
89.8965
75.3328
58.9547
41.7805
22.9728
3.08548
-17.4245
-38.6461
-60.2662
-82.0893
-104.032
-125.852
-147.338
-168.22
-188.122
-206.598
-223.156
-237.246
-248.316
-255.866
-259.509
-259.368
-255.728
-248.692
-238.752
-227.22
-214.467
-199.72
-183.14
-163.676
-142.189
-120.521
-99.4857
-83.7158
-68.3101
-41.3037
-3.0153
15.8697
112.959
122.731
132.486
141.598
149.228
155.337
159.511
161.471
161.361
159.408
155.892
151.141
145.337
138.599
131.036
122.68
113.569
103.759
93.3114
82.3038
70.843
59.0559
47.094
35.1952
23.7168
13.0356
3.41797
-5.00645
-12.1266
-17.7706
-21.7079
-23.7411
-23.9863
-22.4868
-18.9835
-13.4982
-5.79712
6.79512
21.3837
95.4781
83.9539
70.2531
54.8775
38.8185
21.2608
2.73555
-16.3283
-36.033
-56.0934
-76.3425
-96.7203
-117.015
-137.054
-156.603
-175.341
-192.872
-208.752
-222.471
-233.494
-241.338
-245.621
-246.416
-243.945
-238.262
-229.756
-219.556
-207.914
-194.129
-178.51
-160.13
-139.64
-118.707
-98.1454
-82.1262
-66.3488
-40.2306
-4.6835
13.334
105.689
114.91
124.154
132.846
140.177
146.119
150.285
152.393
152.576
151.049
148.072
143.951
138.858
132.897
126.165
118.676
110.447
101.513
91.9099
81.6983
70.9688
59.837
48.4445
37.0171
25.9016
15.4633
5.96607
-2.43775
-9.60869
-15.3563
-19.4396
-21.6538
-22.1063
-20.8385
-17.5894
-12.3806
-4.99591
6.95544
20.5027
89.2434
78.373
65.4602
50.9954
35.9411
19.5096
2.21106
-15.5474
-33.8756
-52.5133
-71.3204
-90.257
-109.137
-127.815
-146.094
-163.691
-180.26
-195.404
-208.654
-219.505
-227.493
-232.26
-233.826
-232.366
-227.895
-220.716
-211.778
-201.225
-188.403
-173.733
-156.424
-136.939
-116.784
-96.7766
-80.6505
-64.6404
-39.4528
-6.5772
10.669
98.895
107.615
116.391
124.688
131.733
137.505
141.639
143.855
144.274
143.103
140.581
136.999
132.517
127.235
121.235
114.525
107.105
98.9928
90.2043
80.78
70.7913
60.3376
49.5451
38.624
27.9082
17.7507
8.41204
0.0613548
-7.13615
-12.9696
-17.1856
-19.5703
-20.2201
-19.1744
-16.1724
-11.2417
-4.19117
7.08881
19.6318
83.4098
73.1381
60.9485
47.317
33.1745
17.7637
1.57374
-15.0026
-32.0797
-49.4194
-66.9015
-84.5042
-102.069
-119.474
-136.549
-153.046
-168.66
-183.037
-195.752
-206.335
-214.344
-219.453
-221.635
-221.029
-217.626
-211.656
-203.906
-194.414
-182.559
-168.83
-152.567
-134.087
-114.758
-95.3794
-79.2673
-63.1689
-38.9049
-8.52436
8.11219
92.5458
100.806
109.148
117.075
123.847
129.445
133.529
135.819
136.426
135.551
133.416
130.294
126.342
121.652
116.299
110.285
103.601
96.2505
88.2338
79.5726
70.3194
60.5543
50.3844
40.0003
29.7203
19.8845
10.7461
2.48518
-4.7114
-10.6123
-14.9496
-17.4982
-18.3399
-17.5111
-14.7508
-10.0978
-3.39162
7.20156
18.7708
77.9504
68.2285
56.7061
43.8377
30.5297
16.0473
0.866141
-14.6377
-30.5764
-46.7297
-62.9933
-79.3645
-95.7055
-111.918
-127.854
-143.296
-157.975
-171.576
-183.713
-193.957
-201.889
-207.216
-209.874
-209.974
-207.493
-202.61
-195.961
-187.496
-176.608
-163.813
-148.575
-131.092
-112.627
-93.9352
-77.9145
-61.8453
-38.5098
-10.3509
5.90692
86.61
94.4454
102.387
109.967
116.475
121.899
125.916
128.253
129.01
128.38
126.573
123.848
120.356
116.183
111.401
106.008
99.9896
93.339
86.0442
78.1112
69.5744
60.4951
50.9594
41.1357
31.324
21.8495
12.955
4.82499
-2.33794
-8.28392
-12.7295
-15.4367
-16.4686
-15.8569
-13.3382
-8.96422
-2.60878
7.29473
17.9254
72.8414
63.6273
52.7195
40.5566
28.0133
14.3835
0.123525
-14.4014
-29.3039
-44.3735
-59.5199
-74.7528
-89.956
-105.049
-119.909
-134.343
-148.116
-160.945
-172.483
-182.339
-190.118
-195.56
-198.573
-199.24
-197.54
-193.612
-187.967
-180.482
-170.556
-158.69
-144.459
-127.969
-110.388
-92.4181
-76.5294
-60.5518
-38.1734
-11.9635
4.13994
81.0611
88.504
96.0728
103.326
109.58
114.832
118.771
121.131
122.004
121.578
120.049
117.666
114.574
110.855
106.579
101.74
96.3218
90.3104
83.6849
76.4382
68.5886
60.1793
51.2765
42.0267
32.7092
23.6311
15.0227
7.06699
-0.0244684
-5.9875
-10.5243
-13.3829
-14.6051
-14.2151
-11.944
-7.85556
-1.8566
7.36293
17.0993
68.0643
59.3212
48.9831
37.473
25.6368
12.792
-0.619844
-14.2491
-28.204
-42.2833
-56.4045
-70.5881
-84.7335
-98.7795
-112.625
-126.101
-139.001
-151.073
-162.003
-171.436
-179.007
-184.482
-187.747
-188.861
-187.808
-184.704
-179.955
-173.388
-164.403
-153.462
-140.232
-124.731
-108.032
-90.7997
-75.0704
-59.2015
-37.8113
-13.3398
2.69629
75.8745
82.9526
90.1732
97.1168
103.128
108.208
112.062
114.427
115.39
115.131
113.84
111.751
109.007
105.688
101.859
97.5162
92.6395
87.211
81.2029
74.5974
67.3996
59.6365
51.3555
42.6818
33.873
25.2185
16.9336
9.19476
2.21572
-3.73064
-8.3356
-11.3343
-12.7447
-12.5823
-10.5704
-6.78057
-1.1474
7.3977
16.2906
63.6
55.297
45.4904
34.588
23.4069
11.2902
-1.33807
-14.1417
-27.2261
-40.3975
-53.5799
-66.7973
-79.9646
-93.0344
-105.925
-118.492
-130.554
-141.887
-152.209
-161.202
-168.524
-173.966
-177.399
-178.859
-178.335
-175.927
-171.962
-166.234
-158.157
-148.131
-135.895
-121.38
-105.55
-89.0549
-73.5172
-57.7668
-37.3798
-14.5052
1.39758
71.027
77.7627
84.6561
91.3066
97.0845
101.996
105.758
108.114
109.144
109.024
107.935
106.1
103.66
100.692
97.2605
93.3606
88.9729
84.0759
78.6361
72.6274
66.0433
58.8973
51.2196
43.1143
34.8191
26.606
18.6743
11.1907
4.3652
-1.52712
-6.17115
-9.29196
-10.8838
-10.9529
-9.21394
-5.74131
-0.488602
7.39072
15.4929
59.4293
51.5404
42.2309
31.8964
21.3256
9.88599
-2.01388
-14.0532
-26.3326
-38.6687
-50.9875
-63.3171
-75.5802
-87.7427
-99.74
-111.448
-122.709
-133.327
-143.049
-151.588
-158.631
-163.988
-167.522
-169.243
-169.147
-167.321
-164.026
-159.051
-151.831
-142.7
-131.445
-117.909
-102.939
-87.1706
-71.8687
-56.2729
-36.8817
-15.4939
0.190799
66.4952
72.9088
79.4923
85.8635
91.4169
96.1623
99.828
102.164
103.244
103.239
102.322
100.707
98.5308
95.8724
92.793
89.2898
85.3432
80.9298
76.0124
70.558
64.5503
57.9897
50.8914
43.3407
35.5565
27.7935
20.2359
13.039
6.4047
0.604713
-4.04497
-7.26365
-9.02334
-9.32228
-7.86802
-4.73316
0.11924
7.33739
14.6976
55.5333
48.0345
39.1923
29.3903
19.3879
8.58113
-2.64005
-13.9678
-25.5013
-37.0634
-48.5859
-60.0959
-71.5245
-82.8459
-94.0097
-104.909
-115.411
-125.342
-134.475
-142.554
-149.297
-154.524
-158.102
-160.016
-160.261
-158.915
-156.188
-151.875
-145.449
-137.177
-126.876
-114.31
-100.198
-85.1493
-70.1432
-54.7742
-36.3522
-16.305
-0.862677
62.2577
68.3683
74.6573
80.7611
86.0981
90.6799
94.2461
96.5523
97.6679
97.7585
96.9878
95.5631
93.619
91.2329
88.4651
85.3158
81.7664
77.7924
73.3542
68.4138
62.946
56.9392
50.395
43.3816
36.0994
28.7873
21.6162
14.7287
8.31738
2.64566
-1.97498
-5.26266
-7.17015
-7.68963
-6.52614
-3.74756
0.682415
7.23956
13.8973
51.8942
44.7637
36.3618
27.06
17.5903
7.37485
-3.21204
-13.8763
-24.714
-35.5581
-46.3424
-57.0951
-67.7518
-78.294
-88.682
-98.8257
-108.61
-117.883
-126.444
-134.064
-140.489
-145.552
-149.125
-151.172
-151.686
-150.733
-148.482
-144.744
-139.042
-131.579
-122.192
-110.581
-97.3304
-83.007
-68.3724
-53.3223
-35.8171
-16.9177
-1.71463
58.296
64.1196
70.1289
75.9769
81.1039
85.524
88.9883
91.2578
92.3978
92.5674
91.9229
90.6636
88.9221
86.7753
84.2837
81.4499
78.2571
74.6813
70.6816
66.2162
61.2524
55.7684
49.7528
43.2572
36.4647
29.599
22.8188
16.2564
10.0921
4.57896
0.0204012
-3.30566
-5.33667
-6.05974
-5.18495
-2.77504
1.21179
7.10556
13.0894
48.4958
41.714
33.7277
24.8969
15.9273
6.26606
-3.7269
-13.7705
-23.9589
-34.1329
-44.2304
-54.2798
-64.2222
-74.0434
-83.7108
-93.149
-102.259
-110.907
-118.917
-126.083
-132.181
-137.051
-140.576
-142.703
-143.424
-142.791
-140.937
-137.694
-132.641
-125.927
-117.404
-106.726
-94.3437
-80.7637
-66.5849
-51.9374
-35.2635
-17.3207
-2.38421
54.5927
60.1443
65.8865
71.4883
76.4117
80.6725
84.0335
86.2611
87.4156
87.6504
87.115
86.0008
84.4378
82.5024
80.2553
77.7019
74.8281
71.6114
68.011
63.9827
59.4879
54.4955
48.9827
42.9857
36.6688
30.2424
23.8532
17.6238
11.7236
6.39328
1.92489
-1.41036
-3.53849
-4.44258
-3.8461
-1.80831
1.7203
6.94919
12.2774
45.3237
38.8725
31.2793
22.8931
14.3938
5.25298
-4.18316
-13.6458
-23.2263
-32.7735
-42.2303
-51.6248
-60.9031
-70.0553
-79.0542
-87.8354
-96.3139
-104.373
-111.856
-118.58
-124.344
-129.001
-132.441
-134.604
-135.476
-135.1
-133.575
-130.755
-126.278
-120.25
-112.533
-102.756
-91.2465
-78.4353
-64.7878
-50.5985
-34.6567
-17.5305
-2.97197
51.1316
56.4241
61.9107
67.2751
72.0009
76.1052
79.3614
81.5428
82.7039
82.993
82.5525
81.5661
80.1612
78.413
76.3828
74.0788
71.4898
68.5958
65.3573
61.7291
57.6684
53.1365
48.1003
42.581
36.7261
30.7302
24.7291
18.8366
13.2114
8.08133
3.72601
0.407358
-1.79222
-2.85201
-2.51664
-0.844297
2.21987
6.7873
11.4712
42.3642
36.2263
29.0061
21.0402
12.9843
4.33334
-4.57994
-13.4978
-22.5087
-31.4687
-40.3262
-49.1092
-57.7694
-66.2988
-74.6769
-82.8468
-90.7358
-98.2413
-105.223
-111.52
-116.951
-121.38
-124.707
-126.865
-127.84
-127.665
-126.41
-123.952
-119.983
-114.574
-107.602
-98.6883
-88.0479
-76.0253
-62.9684
-49.2629
-33.9748
-17.6042
-3.60606
47.8965
52.9421
58.1836
63.3193
67.8527
71.8032
74.954
77.0848
78.246
78.5801
78.2227
77.35
76.0859
74.5048
72.6678
70.5858
68.2511
65.646
62.7337
59.4693
55.8077
51.7048
47.1181
42.056
36.6479
31.0727
25.4553
19.9011
14.5579
9.64051
5.41544
2.13463
-0.113401
-1.30384
-1.20769
0.114917
2.71931
6.63682
10.6859
39.603
33.7633
26.8963
19.3292
11.6919
3.50282
-4.91826
-13.3252
-21.8016
-30.2115
-38.5073
-46.7187
-54.8007
-62.7504
-70.5498
-78.1505
-85.4895
-92.4757
-98.9844
-104.87
-109.974
-114.166
-117.36
-119.479
-120.515
-120.492
-119.457
-117.305
-113.781
-108.93
-102.639
-94.5408
-84.7564
-73.5306
-61.1024
-47.9007
-33.2349
-17.6434
-4.34594
44.8726
49.6824
54.6889
59.6032
63.9498
67.7492
70.7941
72.8712
74.0268
74.398
74.1138
73.3428
72.2054
70.7742
69.1101
67.2262
65.1179
62.771
60.1514
57.2159
53.9187
50.2125
46.0475
41.4199
36.4421
31.2774
26.0388
20.8225
15.7659
11.0705
6.98897
3.7623
1.48525
0.186803
0.0672998
1.06283
3.22256
6.51266
9.93951
37.0268
31.4706
24.9395
17.7507
10.5095
2.75632
-5.20092
-13.1272
-21.1019
-28.996
-36.7649
-44.4405
-51.9823
-59.3895
-66.6496
-73.7202
-80.5458
-87.0456
-93.1083
-98.6026
-103.387
-107.34
-110.382
-112.439
-113.5
-113.587
-112.727
-110.832
-107.697
-103.341
-97.668
-90.3343
-81.3789
-70.9465
-59.1741
-46.5078
-32.4834
-17.7398
-5.15627
42.0459
46.63
51.4104
56.1109
60.2762
63.9274
66.8667
68.8873
70.0324
70.4338
70.2142
69.5346
68.5117
67.2162
65.7074
64.0012
62.0953
59.9788
57.6211
54.9814
52.0151
48.6726
44.8996
40.6821
36.1164
31.3499
26.484
21.6048
16.8382
12.3718
8.444
5.285
2.99453
1.607
1.29466
1.9897
3.72899
6.42475
9.24973
34.6233
29.3368
23.1253
16.2959
9.42995
2.08942
-5.43034
-12.904
-20.4071
-27.8166
-35.0919
-42.2651
-49.3007
-56.201
-62.9571
-69.5325
-75.8787
-81.923
-87.566
-92.6889
-97.1639
-100.878
-103.759
-105.733
-106.792
-106.952
-106.229
-104.549
-101.749
-97.8325
-92.7149
-86.0884
-77.9257
-68.272
-57.1807
-45.0972
-31.7663
-17.9051
-5.93989
39.403
43.7707
48.3341
52.8285
56.8177
60.3237
63.158
65.1201
66.2506
66.6761
66.5135
65.9167
64.9975
63.8253
62.4574
60.9112
59.187
57.2762
55.1523
52.7777
50.1095
47.0982
43.6867
39.853
35.6788
31.2963
26.795
22.2501
17.7758
13.5447
9.77965
6.69921
4.40824
2.94702
2.46249
2.88457
4.23355
6.37784
8.6314
32.3803
27.3513
21.4441
14.9569
8.44695
1.49694
-5.60945
-12.6566
-19.7161
-26.6707
-33.4826
-40.1848
-46.7462
-53.1716
-59.4562
-65.5686
-71.4665
-77.0843
-82.3322
-87.1028
-91.2806
-94.7595
-97.4737
-99.3509
-100.385
-100.59
-99.9717
-98.4706
-95.9576
-92.4255
-87.8034
-81.8238
-74.4098
-65.516
-55.1282
-43.6792
-31.0885
-18.0789
-6.59876
36.9312
41.0921
45.4467
49.7424
53.5608
56.925
59.6551
61.5577
62.6701
63.1144
63.0021
62.4798
61.6556
60.5958
59.3562
57.9549
56.3943
54.6681
52.7531
50.6155
48.2149
45.5032
42.4223
38.9443
35.1387
31.1231
26.9753
22.7602
18.579
14.5883
10.9941
8.00267
5.72261
4.20061
3.56176
3.73727
4.72909
6.37128
8.09427
30.2872
25.5039
19.8874
13.7262
7.55428
0.974387
-5.74119
-12.3862
-19.0282
-25.5551
-31.9324
-38.1927
-44.3096
-50.29
-56.1333
-61.8124
-67.2902
-72.5081
-77.3844
-81.8215
-85.714
-88.963
-91.5074
-93.2786
-94.2718
-94.4995
-93.9604
-92.607
-90.339
-87.1417
-82.9575
-77.5638
-70.8492
-62.6921
-53.0255
-42.249
-30.4121
-18.1724
-7.08072
34.6191
38.5819
42.7361
46.8397
50.493
53.719
56.3464
58.1884
59.2797
59.7383
59.6703
59.2159
58.4782
57.5211
56.3989
55.1299
53.7173
52.1573
50.4295
48.5036
46.3425
43.9004
41.1198
37.969
34.5068
30.8382
27.0301
23.1371
19.2474
15.5008
12.0854
9.19306
6.93479
5.36376
4.58646
4.53952
5.2078
6.40049
7.64203
28.3336
23.7854
18.4466
12.5965
6.74605
0.517262
-5.82852
-12.0937
-18.3422
-24.4671
-30.4367
-36.283
-41.9832
-47.5471
-52.9765
-58.2496
-63.3335
-68.1761
-72.7027
-76.8239
-80.4435
-83.4686
-85.8431
-87.5029
-88.4435
-88.677
-88.1977
-86.9669
-84.9082
-82.0011
-78.2013
-73.3322
-67.2655
-59.8174
-50.8778
-40.7891
-29.6821
-18.1151
-7.36987
32.456
36.2291
40.1906
44.1092
47.6026
50.6942
53.2206
55.0014
56.0696
56.5385
56.5094
56.1159
55.4572
54.5947
53.58
52.4319
51.1541
49.7442
48.1848
46.4485
44.5017
42.3013
39.7919
36.9397
33.7948
30.4509
26.9658
23.3841
19.7814
16.2805
13.0503
10.2671
8.04199
6.43361
5.53298
5.28564
5.66273
6.45845
7.2727
26.5101
22.1869
17.1139
11.561
6.01659
0.120968
-5.87448
-11.7811
-17.6586
-23.4057
-28.9925
-34.4507
-39.7606
-44.9341
-49.976
-54.8682
-59.5827
-64.0727
-68.2696
-72.0919
-75.4504
-78.2586
-80.4642
-82.0089
-82.889
-83.1163
-82.6824
-81.5556
-79.6766
-77.0218
-73.5579
-69.1549
-63.6816
-56.9095
-48.6878
-39.2827
-28.858
-17.8816
-7.48034
30.4319
34.0234
37.7997
41.5399
44.8787
47.8398
50.267
51.9868
53.0299
53.5055
53.5104
53.172
52.5853
51.8093
50.8936
49.8561
48.7014
47.4282
46.0207
44.4547
42.6997
40.7158
38.4503
35.869
33.0151
29.9726
26.791
23.5066
20.1829
16.9263
13.8858
11.2215
9.04108
7.40756
6.39929
5.97232
6.08866
6.53743
6.97987
24.8084
20.7004
15.882
10.6131
5.36031
-0.218565
-5.88224
-11.45
-16.9782
-22.3699
-27.5977
-32.6924
-37.6369
-42.4447
-47.123
-51.6579
-56.0254
-60.1835
-64.0699
-67.6091
-70.7186
-73.3174
-75.3567
-76.7844
-77.5976
-77.8097
-77.4109
-76.3742
-74.6521
-72.2179
-69.0484
-65.0564
-60.121
-53.9853
-46.4595
-37.7209
-27.9342
-17.494
-7.46415
28.5378
31.9549
35.5532
39.1216
42.311
45.1456
47.476
49.1351
50.1517
50.6308
50.6655
50.3764
49.8553
49.1586
48.3334
47.3975
46.3556
45.2068
43.9371
42.5246
40.9417
39.1519
37.1056
34.7689
32.1801
29.4148
26.5158
23.5121
20.4564
17.4391
14.5905
12.0528
9.92872
8.28289
7.18373
6.59768
6.48209
6.63003
6.75422
23.2202
19.3185
14.744
9.74689
4.77218
-0.505352
-5.85415
-11.1016
-16.3008
-21.3587
-26.2499
-31.0042
-35.6067
-40.0723
-44.41
-48.6095
-52.6507
-56.4965
-60.0899
-63.3612
-66.2335
-68.6307
-70.5073
-71.8171
-72.5595
-72.7497
-72.3779
-71.4205
-69.838
-67.6001
-64.6903
-61.0591
-56.6059
-51.0613
-44.2004
-36.108
-26.9328
-17.0041
-7.3974
26.7651
30.0149
33.4419
36.8447
39.89
42.6021
44.8379
46.437
47.426
47.9063
47.9667
47.7219
47.2601
46.6355
45.8933
45.0504
44.1118
43.0767
41.9324
40.6589
39.2311
37.6155
35.766
33.6502
31.3017
28.7898
26.1518
23.4102
20.6083
17.8225
15.1644
12.759
10.7019
9.05689
7.88447
7.16016
6.8405
6.7296
6.58514
21.7378
18.0339
13.6932
8.95632
4.24718
-0.743402
-5.79335
-10.738
-15.6268
-20.3711
-24.9467
-29.3826
-33.6654
-37.8108
-41.8296
-45.7146
-49.4492
-53.0008
-56.3176
-59.3355
-61.9821
-64.186
-65.9044
-67.097
-67.766
-67.9288
-67.5773
-66.6906
-65.2343
-63.1742
-60.4963
-57.1819
-53.156
-48.1536
-41.9209
-34.4562
-25.8856
-16.4697
-7.34285
25.1055
28.1947
31.4569
34.6999
37.6064
40.1999
42.3439
43.8837
44.8445
45.3236
45.4061
45.201
44.793
44.2341
43.5674
42.8095
41.9652
41.034
40.0042
38.857
37.5694
36.111
34.4385
32.5216
30.3906
28.1093
25.7104
23.2115
20.6475
18.0821
15.6101
13.34
11.3587
9.72731
8.49941
7.65801
7.16161
6.8301
6.46166
20.3539
16.8397
12.7233
8.23575
3.78031
-0.936604
-5.70254
-10.3603
-14.9563
-19.4059
-23.6862
-27.8245
-31.8087
-35.655
-39.3755
-42.9654
-46.4121
-49.6867
-52.7425
-55.5202
-57.9525
-59.9719
-61.5378
-62.6151
-63.2091
-63.3406
-63.0033
-62.1795
-60.8385
-58.9418
-56.4742
-53.4393
-49.7893
-45.2775
-39.6334
-32.7795
-24.8169
-15.9322
-7.31539
23.5512
26.4862
29.5893
32.6786
35.4512
37.9304
39.9851
41.4669
42.3988
42.8749
42.976
42.8064
42.4469
41.9476
41.3496
40.6692
39.9109
39.0746
38.149
37.1169
35.9569
34.6404
33.1278
31.3903
29.4559
27.3838
25.203
22.927
20.5838
18.2259
15.933
13.7982
11.8991
10.293
9.02669
8.08936
7.44311
6.92597
6.37318
19.0613
15.7289
11.828
7.57936
3.36645
-1.08912
-5.5848
-9.97066
-14.2903
-18.4629
-22.4663
-26.3264
-30.032
-33.5995
-37.0414
-40.3553
-43.5316
-46.5454
-49.3549
-51.9055
-54.1344
-55.9782
-57.3979
-58.3631
-58.8824
-58.9794
-58.6505
-57.8822
-56.6465
-54.9017
-52.6276
-49.8414
-46.5202
-42.4475
-37.3489
-31.0868
-23.735
-15.4063
-7.29147
22.0948
24.8812
27.8315
30.7725
33.4164
35.7852
37.7534
39.178
40.081
40.5523
40.6692
40.5311
40.2152
39.7698
39.2341
38.624
37.9439
37.1939
36.3636
35.4364
34.3924
33.2051
31.8373
30.2621
28.5056
26.6228
24.6401
22.5678
20.4278
18.2632
16.1403
14.1382
12.3255
10.7543
9.46535
8.45257
7.68244
7.01174
6.30955
17.8528
14.6951
11.001
6.98145
3.00065
-1.20545
-5.44356
-9.57142
-13.6298
-17.5416
-21.2853
-24.8854
-28.3313
-31.6388
-34.821
-37.8771
-40.8001
-43.5689
-46.1461
-48.4821
-50.5183
-52.1954
-53.4761
-54.3337
-54.7796
-54.8399
-54.5145
-53.7939
-52.6539
-51.0505
-48.957
-46.3941
-43.3607
-39.6763
-35.077
-29.382
-22.635
-14.8817
-7.24432
20.7288
23.3726
26.1759
28.9744
31.4944
33.7567
35.6409
37.0096
37.8834
38.3484
38.4785
38.3682
38.0914
37.6947
37.2154
36.6688
36.0596
35.388
34.6442
33.8128
32.8747
31.805
30.569
29.1411
27.5457
25.8343
24.0313
22.1442
20.1902
18.2041
16.2409
14.3671
12.6423
11.1136
9.81599
8.74664
7.87709
7.08198
6.26123
16.722
13.7321
10.2365
6.43653
2.67769
-1.29004
-5.28262
-9.16537
-12.9763
-16.6422
-20.1422
-23.4991
-26.7028
-29.7683
-32.7086
-35.5243
-38.2106
-40.7495
-43.1082
-45.2416
-47.0957
-48.6151
-49.7642
-50.5196
-50.8949
-50.9177
-50.5912
-49.9104
-48.8563
-47.384
-45.4597
-43.1008
-40.3201
-36.9761
-32.8271
-27.6664
-21.5059
-14.3341
-7.1616
19.4467
21.9535
24.6158
27.2775
29.6783
31.8376
33.6403
34.9543
35.7988
36.2561
36.397
36.3111
36.0695
35.7166
35.2881
34.7988
34.2536
33.653
32.9879
32.2436
31.4022
30.4399
29.324
28.0304
26.5814
25.0254
23.3848
21.6656
19.881
18.0589
16.2445
14.4931
12.8564
11.3758
10.0811
8.97191
8.02508
7.13167
6.21923
15.6626
12.8338
9.52888
5.93937
2.39285
-1.34725
-5.10572
-8.75533
-12.3319
-15.7655
-19.0364
-22.1655
-25.1432
-27.9833
-30.6988
-33.2908
-35.7561
-38.08
-40.2336
-42.1763
-43.8588
-45.2293
-46.2548
-46.9141
-47.2224
-47.2081
-46.8769
-46.2285
-45.2497
-43.8978
-42.1323
-39.9617
-37.4057
-34.3589
-30.6098
-25.9428
-20.3387
-13.739
-7.03757
18.2421
20.6179
23.1451
25.6757
27.9619
30.0218
31.7451
33.0053
33.8204
34.2689
34.4182
34.3537
34.1434
33.8299
33.4472
33.0096
32.5223
31.9858
31.3918
30.7267
29.9734
29.1093
28.1033
26.9323
25.6167
24.2017
22.7081
21.1407
19.5097
17.8375
16.1608
14.5256
12.9756
11.5469
10.2648
9.13036
8.12562
7.15662
6.17555
14.6693
11.9952
8.87321
5.48513
2.14161
-1.38124
-4.91668
-8.34451
-11.6985
-14.9124
-17.9675
-20.8831
-23.6496
-26.2801
-28.7865
-31.1705
-33.4304
-35.5536
-37.5152
-39.279
-40.7999
-42.0308
-42.9405
-43.5105
-43.7563
-43.7062
-43.368
-42.7453
-41.8313
-40.588
-38.9705
-36.9757
-34.6225
-31.836
-28.4386
-24.2192
-19.1322
-13.0819
-6.8612
17.1097
19.3604
21.7587
24.164
26.3399
28.3035
29.9495
31.1567
31.9422
32.3806
32.5362
32.4901
32.3077
32.0295
31.6881
31.2972
30.862
30.3835
29.8539
29.2607
28.5875
27.813
26.9076
25.8488
24.6551
23.3682
22.0076
20.5773
19.0852
17.5493
15.9997
14.4739
13.0086
11.6346
10.373
9.22559
8.17948
7.15412
6.12376
13.7376
11.2117
8.26493
5.06957
1.91973
-1.39584
-4.71874
-7.93559
-11.0784
-14.0845
-16.9362
-19.6512
-22.2204
-24.6554
-26.9675
-29.1584
-31.2272
-33.1637
-34.9461
-36.5425
-37.9123
-39.0126
-39.8146
-40.3021
-40.4906
-40.4075
-40.061
-39.4583
-38.599
-37.4517
-35.9703
-34.1399
-31.9731
-29.4176
-26.3284
-22.5097
-17.8963
-12.3637
-6.62117
16.0453
18.177
20.4526
22.7381
24.8078
26.6781
28.2485
29.4035
30.1589
30.586
30.7456
30.7153
30.5574
30.311
30.0067
29.6579
29.2699
28.8437
28.3723
27.8442
27.2438
26.5511
25.7377
24.7817
23.6994
22.5291
21.2889
19.9822
18.6155
17.2033
15.7704
14.3472
12.9641
11.6467
10.4122
9.26245
8.18902
7.1233
6.05934
12.8642
10.4798
7.70042
4.68904
1.72384
-1.3942
-4.51493
-7.5313
-10.4737
-13.2832
-15.9428
-18.4693
-20.8537
-23.1066
-25.238
-27.2497
-29.1414
-30.9043
-32.52
-33.9604
-35.1893
-36.1679
-36.8702
-37.2821
-37.4191
-37.3067
-36.9524
-36.3653
-35.5512
-34.4869
-33.1286
-31.4511
-29.4577
-27.1107
-24.2941
-20.8328
-16.6498
-11.5999
-6.31771
15.0457
17.0647
19.2237
21.3947
23.3621
25.1417
26.6381
27.7413
28.4662
28.8805
29.0421
29.0248
28.8884
28.6701
28.3992
28.0886
27.7433
27.3644
26.9457
26.4766
25.9424
25.3241
24.5945
23.7327
22.7522
21.6882
20.5571
19.362
18.1081
16.8078
15.4815
14.1543
12.8505
11.5909
10.3892
9.24643
8.15775
7.06499
5.98004
12.0469
9.79705
7.17702
4.34078
1.5513
-1.37889
-4.30751
-7.13363
-9.88616
-12.5094
-14.9879
-17.3372
-19.5484
-21.6313
-23.5947
-25.4402
-27.1677
-28.77
-30.231
-31.5264
-32.6243
-33.4902
-34.1008
-34.4441
-34.5355
-34.398
-34.0376
-33.4637
-32.6868
-31.6931
-30.4435
-28.9066
-27.0751
-24.9195
-22.3474
-19.2068
-15.4155
-10.8157
-5.96913
14.1089
16.0214
18.0696
20.1312
21.9998
23.6912
25.1151
26.1668
26.8605
27.2606
27.4219
27.415
27.297
27.1037
26.8626
26.5864
26.2797
25.9438
25.573
25.1573
24.6831
24.1323
23.4792
22.7033
21.816
20.8488
19.8167
18.7222
17.57
16.3706
15.1415
13.9033
12.6756
11.4745
10.3103
9.18303
8.08975
6.98138
5.88558
11.2846
9.16215
6.69299
4.02291
1.40024
-1.35176
-4.09819
-6.74409
-9.3168
-11.7642
-14.0719
-16.2544
-18.3035
-20.2276
-22.0348
-23.7261
-25.3017
-26.7554
-28.0734
-29.2348
-30.2115
-30.9733
-31.4998
-31.7813
-31.833
-31.6752
-31.3115
-30.75
-30.0046
-29.0702
-27.9151
-26.5049
-24.8238
-22.8454
-20.496
-17.6469
-14.2148
-10.0375
-5.60512
13.234
15.0458
16.9888
18.9456
20.7186
22.3242
23.6769
24.6776
25.3394
25.7236
25.8824
25.8832
25.7807
25.609
25.3944
25.149
24.8772
24.5803
24.2529
23.8856
23.4659
22.9763
22.3928
21.6951
20.8927
20.0138
19.0716
18.0682
17.0076
15.8992
14.7584
13.6023
12.4469
11.3043
10.1816
9.07723
7.98902
6.87518
5.77712
10.577
8.57454
6.24758
3.73443
1.26954
-1.31377
-3.88795
-6.36352
-8.7664
-11.0479
-13.1947
-15.2205
-17.1176
-18.8935
-20.5555
-22.104
-23.5393
-24.8559
-26.0422
-27.08
-27.945
-28.6112
-29.061
-29.2872
-29.3045
-29.1312
-28.7677
-28.2196
-27.5024
-26.6183
-25.544
-24.2464
-22.703
-20.8887
-18.7444
-16.1627
-13.0632
-9.28626
-5.25371
12.4204
14.1371
15.9796
17.8355
19.5161
21.0383
22.3215
23.2715
23.9007
24.2676
24.4219
24.4278
24.3378
24.1843
23.9928
23.7746
23.534
23.2721
22.984
22.6606
22.2901
21.8561
21.3355
20.7091
19.984
19.1856
18.3253
17.4045
16.4268
15.4007
14.3398
13.2592
12.1719
11.0868
10.0085
8.93352
7.8592
6.74931
5.65666
9.92367
8.03405
5.84054
3.47508
1.15887
-1.26536
-3.67713
-5.99213
-8.23506
-10.3604
-12.3558
-14.2346
-15.9893
-17.627
-19.1539
-20.5704
-21.8763
-23.067
-24.1323
-25.0567
-25.8196
-26.3983
-26.7784
-26.9551
-26.9432
-26.7587
-26.3991
-25.8666
-25.1764
-24.3363
-23.3315
-22.1325
-20.7139
-19.0507
-17.095
-14.7598
-11.9694
-8.57329
-4.93091
11.6673
13.2935
15.0397
16.7984
18.3895
19.8309
21.0464
21.9464
22.5428
22.8912
23.0391
23.0478
22.9673
22.8288
22.6567
22.4619
22.2486
22.0178
21.7646
21.4807
21.1545
20.7707
20.3073
19.7454
19.0908
18.3658
17.5803
16.7351
15.833
14.8816
13.8933
12.8817
11.8579
10.8287
9.7964
8.756
7.70348
6.60644
5.52644
9.32382
7.54028
5.47181
3.2448
1.06822
-1.20654
-3.46564
-5.62982
-7.72256
-9.70124
-11.5546
-13.2955
-14.9171
-16.4259
-17.8275
-19.1219
-20.3088
-21.384
-22.3387
-23.1599
-23.8296
-24.329
-24.6464
-24.7791
-24.7422
-24.55
-24.1976
-23.6834
-23.0207
-22.2212
-21.2774
-20.1652
-18.8587
-17.3335
-15.5509
-13.4414
-10.9375
-7.90176
-4.63913
10.9731
12.5126
14.1658
15.8302
17.3349
18.6982
19.8483
20.6997
21.2634
21.5926
21.7329
21.7423
21.6687
21.5421
21.3857
21.2104
21.0202
20.816
20.5934
20.3442
20.0575
19.7187
19.3067
18.8034
18.213
17.5553
16.8386
16.063
15.2305
14.3477
13.4258
12.4773
11.5124
10.5366
9.55077
8.54871
7.52472
6.44865
5.38821
8.77539
7.09195
5.14073
3.04347
0.997646
-1.13711
-3.25325
-5.27627
-7.22842
-9.06979
-10.7903
-12.4021
-13.8994
-15.2881
-16.5735
-17.7552
-18.8328
-19.8025
-20.6567
-21.3842
-21.9699
-22.398
-22.6592
-22.753
-22.6949
-22.498
-22.1554
-21.6618
-21.028
-20.2676
-19.3794
-18.3449
-17.1396
-15.7405
-14.1157
-12.2115
-9.97013
-7.27069
-4.37241
10.3346
11.7902
13.353
14.9259
16.3473
17.6356
18.7228
19.5273
20.0591
20.3693
20.5013
20.5102
20.4414
20.3237
20.1796
20.0197
19.8481
19.6659
19.4688
19.2494
18.9971
18.698
18.3322
17.8817
17.3499
16.7541
16.1012
15.3906
14.623
13.804
12.9436
12.0534
11.1429
10.2175
9.27761
8.31615
7.32587
6.27785
5.24333
8.27477
6.68643
4.84565
2.8702
0.946796
-1.05709
-3.03968
-4.93095
-6.75186
-8.46513
-10.0616
-11.5532
-12.9346
-14.2117
-15.3894
-16.4672
-17.4447
-18.3183
-19.0814
-19.7245
-20.2349
-20.5994
-20.8111
-20.871
-20.795
-20.5956
-20.2643
-19.7933
-19.1899
-18.4686
-17.633
-16.6699
-15.5576
-14.2743
-12.7936
-11.0748
-9.07081
-6.67979
-4.12331
9.74725
11.1211
12.5956
14.0795
15.4206
16.637
17.664
18.4238
18.9254
19.2173
19.3413
19.3492
19.2839
19.173
19.0381
18.8897
18.7323
18.567
18.3903
18.1951
17.9718
17.707
17.3817
16.9788
16.5004
15.9617
15.3686
14.7193
14.0135
13.2549
12.4523
11.6165
10.7569
9.87893
8.98339
8.06338
7.11035
6.09599
5.09281
7.81692
6.31956
4.58364
2.72307
0.914486
-0.966991
-2.82493
-4.59337
-6.29213
-7.88623
-9.36738
-10.7471
-12.0209
-13.1946
-14.2729
-15.2551
-16.141
-16.9272
-17.6081
-18.1755
-18.6189
-18.9276
-19.0962
-19.1272
-19.0364
-18.836
-18.5172
-18.0696
-17.498
-16.8164
-16.032
-15.1365
-14.1112
-12.9359
-11.5877
-10.0363
-8.24466
-6.13142
-3.88783
9.20521
10.499
11.887
13.2846
14.5483
15.6958
16.6654
17.3829
17.8561
18.1314
18.2484
18.2556
18.1932
18.0877
17.9598
17.8198
17.6724
17.5193
17.3575
17.1809
16.9807
16.7445
16.4542
16.0934
15.6635
15.1779
14.6411
14.0504
13.404
12.7038
11.9567
11.1727
10.3611
9.52794
8.67496
7.79612
6.88224
5.90547
4.93777
7.39576
5.986
4.35038
2.59892
0.898577
-0.868028
-2.60941
-4.26334
-5.84844
-7.33184
-8.7061
-9.98232
-11.1567
-12.2349
-13.2216
-14.1162
-14.9185
-15.6256
-16.2325
-16.7324
-17.1166
-17.3765
-17.5083
-17.515
-17.4125
-17.2128
-16.9071
-16.4836
-15.9446
-15.3033
-14.5696
-13.7392
-12.7968
-11.7235
-10.4988
-9.09948
-7.49746
-5.63095
-3.66742
8.70203
9.91747
11.2213
12.535
13.7243
14.8057
15.7205
16.3981
16.8452
17.1057
17.217
17.2242
17.165
17.0644
16.9421
16.8082
16.6676
16.5225
16.3708
16.2074
16.0246
15.8109
15.5497
15.2256
14.8392
14.4026
13.9192
13.3849
12.7962
12.153
11.4603
10.7268
9.9614
9.17119
8.359
7.5204
6.64618
5.70927
4.77971
7.00481
5.67962
4.1406
2.49351
0.895859
-0.762349
-2.3942
-3.94102
-5.42014
-6.80075
-8.0761
-9.25681
-10.3396
-11.3302
-12.2329
-13.0478
-13.7743
-14.41
-14.9506
-15.3906
-15.7229
-15.9406
-16.0413
-16.0282
-15.9169
-15.7193
-15.4274
-15.0285
-14.5226
-13.9223
-13.2389
-12.472
-11.6092
-10.6332
-9.52508
-8.26578
-6.83396
-5.18556
-3.46857
8.23127
9.37058
10.593
11.8259
12.944
13.9622
14.8245
15.4642
15.887
16.1343
16.2411
16.2492
16.1935
16.0979
15.9808
15.8519
15.7161
15.5761
15.4307
15.2758
15.105
14.9083
14.6706
14.3774
14.0295
13.6376
13.2041
12.7238
12.1913
11.6042
10.9654
10.2819
9.56224
8.81404
8.04148
7.242
6.40712
5.51088
4.62068
6.63806
5.39439
3.94869
2.40198
0.90243
-0.65279
-2.18109
-3.62714
-5.00704
-6.29192
-7.47565
-8.56833
-9.56711
-10.4776
-11.3041
-12.0466
-12.7048
-13.2767
-13.7585
-14.1458
-14.4328
-14.6145
-14.6892
-14.6604
-14.5429
-14.3491
-14.0718
-13.698
-13.226
-12.6672
-12.0339
-11.3287
-10.5424
-9.65958
-8.66209
-7.53357
-6.25674
-4.80211
-3.30093
7.78752
8.85376
9.99839
11.1543
12.2046
13.1625
13.9747
14.5783
14.9782
15.213
15.3158
15.325
15.273
15.1826
15.0708
14.9465
14.8148
14.6785
14.5371
14.3876
14.2249
14.0404
13.8209
13.5533
13.2385
12.8865
12.4988
12.0692
11.5906
11.0583
10.4729
9.83959
9.16607
8.46007
7.72687
6.96587
6.16977
5.31418
4.46336
6.29091
5.12527
3.76959
2.31962
0.914218
-0.542474
-1.97221
-3.32287
-4.60934
-5.80465
-6.9032
-7.9146
-8.83635
-9.67383
-10.4313
-11.1088
-11.7063
-12.2217
-12.6519
-12.9934
-13.2416
-13.3929
-13.4465
-13.4056
-13.2844
-13.0958
-12.834
-12.486
-12.0487
-11.5319
-10.9485
-10.3032
-9.59011
-8.79597
-7.90367
-6.89838
-5.76512
-4.48522
-3.17425
7.36695
8.3641
9.43565
10.5192
11.5057
12.4068
13.1712
13.74
14.1174
14.3397
14.4378
14.4473
14.3986
14.313
14.2065
14.0871
13.9596
13.8269
13.6889
13.5436
13.3868
13.2115
13.0061
12.7593
12.4725
12.1551
11.8082
11.4247
10.9963
10.5163
9.98313
9.40002
8.7734
8.11067
7.41765
6.6954
5.93794
5.12283
4.31083
5.96088
4.86924
3.59987
2.24291
0.928016
-0.434108
-1.7696
-3.02943
-4.22743
-5.33847
-6.35749
-7.29357
-8.14456
-8.9156
-9.61081
-10.2304
-10.7741
-11.2402
-11.6259
-11.9284
-12.1441
-12.2704
-12.3073
-12.2577
-12.1353
-11.9533
-11.7079
-11.3866
-10.9847
-10.5106
-9.97669
-9.38956
-8.7459
-8.03525
-7.24225
-6.35338
-5.35473
-4.23529
-3.09481
6.96799
7.90095
8.90493
9.92144
10.8489
11.697
12.4158
12.9505
13.3047
13.5134
13.6054
13.6136
13.5668
13.4851
13.3834
13.269
13.1464
13.0181
12.8844
12.7436
12.5926
12.4254
12.2319
12.0025
11.7391
11.4509
11.1387
10.7954
10.4117
9.97976
9.49617
8.96234
8.38316
7.76514
7.114
6.43183
5.71385
4.93966
4.1662
5.64831
4.62602
3.43864
2.17052
0.942349
-0.329067
-1.57434
-2.74755
-3.86154
-4.89301
-5.83743
-6.70349
-7.48932
-8.19992
-8.8391
-9.40712
-9.90376
-10.3273
-10.6753
-10.9451
-11.1342
-11.2408
-11.2654
-11.2106
-11.0892
-10.9155
-10.6874
-10.3934
-10.0277
-9.5967
-9.112
-8.58098
-8.0028
-7.36993
-6.66953
-5.8899
-5.018
-4.04788
-3.06305
6.59184
7.46623
8.40865
9.36384
10.2372
11.036
11.7109
12.2107
12.5401
12.7333
12.8173
12.8227
12.7761
12.697
12.5991
12.4894
12.3717
12.2489
12.1209
11.9864
11.8426
11.6842
11.5023
11.2887
11.0455
10.7816
10.4978
10.1876
9.84156
9.45145
9.01283
8.52568
7.99339
7.42115
6.81394
6.1741
5.4976
4.76591
4.03178
5.35579
4.39778
3.28753
2.10358
0.957972
-0.226903
-1.38615
-2.47693
-3.51121
-4.4675
-5.34187
-6.14276
-6.86873
-7.52446
-8.1135
-8.63602
-9.09171
-9.47885
-9.79511
-10.0382
-10.2061
-10.2977
-10.3139
-10.257
-10.1393
-9.97559
-9.76602
-9.49994
-9.17078
-8.78304
-8.34694
-7.87002
-7.35333
-6.79227
-6.17707
-5.49869
-4.74528
-3.91453
-3.07346
6.24131
7.06277
7.94978
8.84949
9.67347
10.4261
11.057
11.5195
11.821
11.9966
12.0715
12.0734
12.0265
11.9492
11.8542
11.7482
11.6351
11.5179
11.3966
11.2701
11.1355
10.9878
10.8188
10.621
10.3965
10.1534
9.8926
9.60823
9.29196
8.9359
8.5356
8.09039
7.60248
7.07573
6.51393
5.91888
5.2868
4.60054
3.90834
5.08715
4.18847
3.15019
2.04533
0.977669
-0.125331
-1.20315
-2.21598
-3.17504
-4.06056
-4.86933
-5.60982
-6.2811
-6.88753
-7.43222
-7.91504
-8.33552
-8.69184
-8.98175
-9.2032
-9.35445
-9.43491
-9.44591
-9.38957
-9.27769
-9.12589
-8.936
-8.69846
-8.40598
-8.06126
-7.6729
-7.24809
-6.78915
-6.29408
-5.75649
-5.17053
-4.52639
-3.82472
-3.11662
5.92005
6.69382
7.53097
8.38031
9.15874
9.86654
10.4512
10.872
11.1417
11.2978
11.3637
11.3633
11.3178
11.2436
11.1522
11.0496
10.9402
10.8276
10.7125
10.5941
10.4696
10.334
10.1794
9.99845
9.79282
9.56907
9.32779
9.06378
8.76998
8.43982
8.06979
7.65953
7.21092
6.72691
6.21015
5.66149
5.07683
4.43998
3.79431
4.84537
4.00162
3.03041
1.99957
1.00508
-0.0210109
-1.02235
-1.96216
-2.85084
-3.6704
-4.41826
-5.10313
-5.72488
-6.2876
-6.79375
-7.24275
-7.63364
-7.96445
-8.23285
-8.4369
-8.57507
-8.64714
-8.6549
-8.6007
-8.49621
-8.35769
-8.18849
-7.97994
-7.72404
-7.42185
-7.08029
-6.70584
-6.30153
-5.86743
-5.4003
-4.89775
-4.35274
-3.76886
-3.18288
5.63004
6.36023
7.15187
7.95463
8.68967
9.35197
9.88602
10.2599
10.4938
10.6293
10.6874
10.6875
10.6477
10.5813
10.4974
10.4005
10.2953
10.1861
10.0751
9.96242
9.846
9.72117
9.58028
9.41651
9.23038
9.02647
8.80416
8.55825
8.28259
7.972
7.62444
7.2408
6.82374
6.37638
5.90098
5.39772
4.86207
4.27842
3.6853
4.6298
3.83762
2.92926
1.96785
1.04208
0.088246
-0.841406
-1.71315
-2.53653
-3.29533
-3.9873
-4.62148
-5.19873
-5.72297
-6.19618
-6.61719
-6.98435
-7.29507
-7.54675
-7.73728
-7.86518
-7.9305
-7.93568
-7.88371
-7.78671
-7.66169
-7.51332
-7.33351
-7.11357
-6.85298
-6.55711
-6.23159
-5.8797
-5.50288
-5.10044
-4.67318
-4.21722
-3.73938
-3.26427
5.36907
6.05827
6.80715
7.56514
8.25695
8.87125
9.34991
9.67296
9.86867
9.98348
10.0347
10.0385
10.01
9.95925
9.89078
9.80646
9.70967
9.60523
9.49662
9.38566
9.27187
9.152
9.01978
8.86944
8.70129
8.51786
8.31648
8.09076
7.83403
7.54143
7.21185
6.84767
6.45328
6.0334
5.59145
5.12818
4.63934
4.11012
3.57459
4.43592
3.69254
2.84327
1.94702
1.08616
0.200505
-0.661387
-1.46928
-2.23193
-2.93523
-3.57606
-4.16411
-4.70131
-5.19135
-5.63616
-6.03455
-6.38399
-6.68068
-6.92098
-7.10205
-7.22213
-7.28158
-7.28383
-7.23313
-7.14261
-7.03027
-6.90192
-6.74978
-6.56433
-6.34358
-6.09152
-5.8131
-5.51168
-5.18952
-4.84765
-4.48941
-4.11388
-3.73116
-3.35626
5.13165
5.78112
6.488
7.20071
7.84721
8.40978
8.8294
9.10121
9.25923
9.3546
9.39926
9.40776
9.39507
9.36803
9.32585
9.26558
9.18736
9.09448
8.99051
8.87856
8.76034
8.63538
8.50051
8.35311
8.19544
8.02962
7.85099
7.65075
7.41964
7.15068
6.84165
6.49523
6.11748
5.71586
5.29679
4.86365
4.41423
3.93566
3.45888
4.25494
3.55807
2.76426
1.92895
1.12929
0.308455
-0.488572
-1.23576
-1.94124
-2.59361
-3.18638
-3.73105
-4.23119
-4.68945
-5.10828
-5.48783
-5.82532
-6.11495
-6.35056
-6.52714
-6.64183
-6.69546
-6.69324
-6.6417
-6.55599
-6.4554
-6.34664
-6.22172
-6.06976
-5.88702
-5.67618
-5.44178
-5.18757
-4.91664
-4.63135
-4.33678
-4.0344
-3.73707
-3.45191
4.90797
5.51756
6.18162
6.84646
7.44438
7.95216
8.313
8.53859
8.66223
8.74032
8.77676
8.78747
8.791
8.79298
8.78734
8.76511
8.72092
8.65337
8.56316
8.45265
8.32507
8.18347
8.02967
7.86699
7.7036
7.54481
7.38591
7.21556
7.01998
6.78694
6.50961
6.18804
5.82838
5.44063
5.03551
4.62125
4.20007
3.76311
3.34093
4.07855
3.42636
2.68439
1.90528
1.16268
0.40324
-0.331894
-1.02122
-1.67285
-2.27696
-2.82327
-3.32578
-3.79003
-4.21614
-4.60773
-4.96879
-5.29815
-5.58791
-5.82721
-6.00611
-6.11866
-6.16585
-6.15567
-6.09866
-6.01402
-5.92348
-5.83467
-5.73865
-5.62194
-5.47789
-5.30713
-5.11374
-4.9024
-4.67778
-4.44405
-4.20789
-3.97254
-3.75286
-3.54948
4.68921
5.25807
5.87668
6.48951
7.03494
7.48643
7.79354
7.98321
8.07909
8.1432
8.16773
8.17437
8.18922
8.21942
8.25585
8.28419
8.29206
8.2698
8.21084
8.11277
7.97759
7.81116
7.62134
7.42018
7.22633
7.05384
6.90214
6.75923
6.6063
6.42316
6.1944
5.91325
5.58241
5.21256
4.81847
4.41464
4.01007
3.60237
3.2254
3.90283
3.29366
2.5997
1.87089
1.18002
0.477302
-0.19929
-0.834342
-1.43518
-1.99291
-2.49233
-2.95451
-3.38429
-3.77524
-4.13384
-4.47158
-4.79227
-5.08727
-5.33937
-5.52976
-5.64594
-5.68728
-5.66526
-5.59592
-5.50544
-5.4207
-5.35127
-5.28695
-5.21011
-5.1089
-4.98014
-4.82619
-4.65306
-4.46817
-4.2787
-4.09376
-3.91807
-3.76725
-3.63561
4.47117
4.99807
5.56821
6.12418
6.61409
7.00985
7.27222
7.43643
7.51074
7.56849
7.57813
7.57212
7.58878
7.63926
7.71539
7.8008
7.87642
7.92158
7.91762
7.85204
7.72102
7.53033
7.29327
7.03209
6.77985
6.56532
6.39792
6.26904
6.15662
6.03176
5.86755
5.64603
5.36189
5.0226
4.64495
4.24934
3.85284
3.46163
3.11589
3.74806
3.17521
2.51694
1.82528
1.17363
0.516571
-0.106624
-0.687959
-1.22911
-1.73507
-2.1591
-2.59142
-3.00713
-3.37364
-3.70448
-4.02239
-4.33888
-4.64692
-4.92307
-5.13756
-5.26854
-5.31217
-5.28113
-5.19624
-5.09417
-5.00928
-4.95471
-4.91933
-4.88075
-4.82068
-4.72996
-4.60849
-4.46331
-4.30538
-4.14642
-3.999
-3.86913
-3.7723
-3.69632
4.27828
4.76503
5.28747
5.78293
6.21383
6.54655
6.75379
6.86878
6.91514
7.01206
7.02932
7.01701
7.03411
7.09778
7.20449
7.34085
7.48487
7.60583
7.67187
7.65782
7.55056
7.352
7.07765
6.75755
6.43824
6.16478
5.96011
5.82315
5.73269
5.65441
5.55159
5.39459
5.16771
4.87154
4.52079
4.13856
3.74822
3.36336
3.03016
3.60958
3.06717
2.43819
1.77516
1.15354
0.53315
-0.0438783
-0.574117
-1.05175
-1.50464
-1.84193
-2.25664
-2.66989
-3.01704
-3.32282
-3.62209
-3.93377
-4.2539
-4.55476
-4.79672
-4.94821
-5.00053
-4.96423
-4.86529
-4.75128
-4.66335
-4.61856
-4.60601
-4.60007
-4.57703
-4.52009
-4.4271
-4.30478
-4.16684
-4.02952
-3.9094
-3.81505
-3.76236
-3.7335
4.10477
4.55262
5.02552
5.45866
5.82741
6.09486
6.24541
6.30503
6.32871
6.48467
6.52533
6.5137
6.53154
6.60235
6.7277
6.89954
7.09683
7.28295
7.41626
7.46043
7.39254
7.20815
6.92082
6.56333
6.19057
5.86086
5.61053
5.44864
5.3591
5.30723
5.25073
5.15093
4.98198
4.73568
4.4213
4.06081
3.68116
3.30171
2.97185
3.45832
2.94622
2.34619
1.7103
1.11559
0.527632
-0.0074833
-0.488364
-0.902265
-1.30076
-1.55743
-1.95458
-2.36429
-2.69195
-2.97085
-3.24595
-3.54308
-3.86348
-4.17935
-4.44427
-4.61724
-4.68106
-4.64112
-4.52942
-4.40274
-4.30913
-4.27106
-4.27964
-4.3075
-4.32587
-4.30852
-4.24975
-4.15377
-4.03542
-3.91534
-3.81521
-3.74789
-3.73106
-3.74367
3.91923
4.32958
4.75506
5.13067
5.44471
5.65603
5.76193
5.77732
5.78648
5.98858
6.04974
6.0351
6.046
6.11201
6.23903
6.42591
6.65649
6.89333
7.08885
7.19755
7.18601
7.04046
6.76796
6.39825
5.98864
5.6068
5.30241
5.09759
4.98652
4.93997
4.91528
4.86792
4.76218
4.5787
4.3173
3.99435
3.63616
3.26649
2.93645
3.29842
2.8153
2.24449
1.63659
1.06899
0.512512
0.017044
-0.415463
-0.767539
-1.11208
-1.2982
-1.67517
-2.07866
-2.39025
-2.64658
-2.89783
-3.17427
-3.4828
-3.79981
-4.07743
-4.2683
-4.34449
-4.30521
-4.18658
-4.05025
-3.95061
-3.91663
-3.94342
-4.00417
-4.06586
-4.09266
-4.07422
-4.00991
-3.91327
-3.80815
-3.72153
-3.6719
-3.68017
-3.72245
3.72816
4.10556
4.48998
4.81687
5.08462
5.24558
5.3131
5.2891
5.28723
5.52302
5.60311
5.58713
5.59052
5.64715
5.76428
5.94673
6.18591
6.44934
6.68951
6.85624
6.90766
6.8197
6.58988
6.23967
5.82166
5.40637
5.05337
4.79787
4.64738
4.58354
4.56965
4.56077
4.51463
4.40091
4.20718
3.93958
3.61875
3.26912
2.94277
3.13704
2.68105
2.14026
1.56359
1.02684
0.505025
0.0497817
-0.335899
-0.633171
-0.930197
-1.05744
-1.41144
-1.80581
-2.10627
-2.34784
-2.57991
-2.83314
-3.1192
-3.42172
-3.69757
-3.89718
-3.98336
-3.9503
-3.8333
-3.69483
-3.59336
-3.56419
-3.60757
-3.69939
-3.80405
-3.87726
-3.90393
-3.87687
-3.80609
-3.71639
-3.63917
-3.59922
-3.62308
-3.69164
3.53995
3.89041
4.24178
4.52943
4.75742
4.86931
4.90082
4.83722
4.82476
5.08395
5.18209
5.16968
5.17178
5.22302
5.32671
5.48986
5.71238
5.97204
6.22869
6.43402
6.54239
6.52114
6.35682
6.05896
5.66865
5.25101
4.86933
4.56869
4.37014
4.26944
4.24141
4.24736
4.24439
4.19501
4.07504
3.87776
3.61339
3.30169
2.99406
2.98266
2.5524
2.04264
1.50124
1.00027
0.517756
0.103649
-0.239432
-0.494409
-0.754494
-0.835656
-1.16393
-1.54496
-1.83749
-2.07116
-2.289
-2.51802
-2.77282
-3.04602
-3.3037
-3.49841
-3.58947
-3.56772
-3.46301
-3.33374
-3.23886
-3.21764
-3.27519
-3.39146
-3.53073
-3.64304
-3.71011
-3.71807
-3.67203
-3.59583
-3.52325
-3.48353
-3.50615
-3.57074
3.36224
3.69061
4.01519
4.27088
4.46303
4.52582
4.52376
4.41682
4.38949
4.66657
4.7834
4.77947
4.78889
4.8454
4.94171
5.07955
5.26417
5.4869
5.72276
5.93461
6.08043
6.1233
6.0395
5.82402
5.50035
5.12003
4.7419
4.41535
4.17201
4.02215
3.95551
3.9455
3.95581
3.94845
3.89198
3.76795
3.5739
3.31995
3.04871
2.84271
2.43745
1.95904
1.45459
0.991315
0.549043
0.173422
-0.134481
-0.360344
-0.590679
-0.638754
-0.937765
-1.2991
-1.583
-1.81138
-2.01724
-2.22114
-2.43844
-2.67031
-2.89422
-3.07049
-3.16243
-3.15894
-3.08199
-2.98112
-2.91022
-2.90879
-2.98521
-3.12442
-3.29346
-3.43932
-3.54299
-3.58485
-3.56424
-3.50217
-3.43315
-3.39149
-3.41498
-3.50037
3.20046
3.50882
3.80919
4.0368
4.19502
4.2096
4.17753
4.02007
3.96843
4.26729
4.40954
4.41722
4.43616
4.50442
4.60433
4.72529
4.86846
5.03386
5.21469
5.3937
5.54317
5.63049
5.62636
5.51163
5.2886
4.98769
4.65452
4.33458
4.06453
3.86631
3.74506
3.69001
3.67766
3.67711
3.65682
3.59154
3.4677
3.28475
3.07092
2.7214
2.34067
1.89226
1.42228
0.992608
0.584716
0.239534
-0.0417788
-0.246614
-0.44595
-0.473534
-0.738438
-1.0711
-1.34079
-1.5607
-1.75264
-1.92985
-2.10642
-2.28998
-2.47
-2.61976
-2.71069
-2.73018
-2.6899
-2.62672
-2.58562
-2.60251
-2.68744
-2.83083
-3.0057
-3.16236
-3.28383
-3.34643
-3.34353
-3.29089
-3.21974
-3.16209
-3.15022
-3.16731
3.05734
3.34554
3.62168
3.82333
3.94865
3.91717
3.85798
3.63735
3.54423
3.87724
4.06485
4.09713
4.12643
4.1984
4.29586
4.40419
4.51778
4.63425
4.75434
4.87806
4.99789
5.09604
5.14801
5.12872
5.02324
4.83764
4.59584
4.32987
4.07233
3.85001
3.67956
3.56563
3.50065
3.46689
3.44056
3.39701
3.31605
3.18381
3.00343
2.61827
2.2616
1.84111
1.40069
0.997131
0.613956
0.289051
0.0274589
-0.158883
-0.323223
-0.342181
-0.566185
-0.858988
-1.10507
-1.30854
-1.48056
-1.62832
-1.76399
-1.89975
-2.03649
-2.16216
-2.25894
-2.31533
-2.33312
-2.33151
-2.34013
-2.38823
-2.48642
-2.63319
-2.81162
-2.97624
-3.11743
-3.21058
-3.24262
-3.22197
-3.17456
-3.13546
-3.1513
-3.24718
2.93198
3.20012
3.45359
3.63406
3.7303
3.66122
3.57832
3.26753
3.10264
3.4764
3.72873
3.81353
3.88161
3.97077
4.05829
4.1361
4.20754
4.27431
4.33805
4.40359
4.47523
4.55053
4.61743
4.65622
4.64653
4.57793
4.45341
4.28641
4.09682
3.90676
3.73597
3.5982
3.49856
3.43258
3.38762
3.3464
3.29326
3.22
3.13993
2.53158
2.19781
1.80378
1.38972
1.00733
0.642602
0.331827
0.0860553
-0.0847322
-0.219712
-0.238957
-0.413199
-0.653305
-0.864715
-1.04241
-1.18879
-1.30774
-1.40983
-1.50845
-1.61129
-1.71691
-1.81589
-1.89679
-1.9521
-1.98776
-2.02067
-2.06861
-2.13837
-2.2317
-2.34554
-2.45262
-2.55322
-2.62702
-2.65883
-2.64863
-2.60885
-2.5527
-2.49247
-2.39249
2.82442
3.07515
3.31142
3.47931
3.55521
3.46783
3.36254
2.91157
2.64533
3.06144
3.35947
3.48026
3.59963
3.75115
3.889
3.98793
4.04879
4.07973
4.09121
4.09546
4.10447
4.12644
4.1617
4.20049
4.22408
4.21508
4.16456
4.07201
3.94392
3.79224
3.63218
3.47963
3.34737
3.24198
3.1619
3.09713
3.02894
2.92786
2.76331
2.46344
2.14646
1.77357
1.38162
1.0176
0.669877
0.373382
0.142536
-0.0173772
-0.13578
-0.154891
-0.268761
-0.444636
-0.612694
-0.757822
-0.875817
-0.96972
-1.04913
-1.1269
-1.21461
-1.31951
-1.44291
-1.58067
-1.72239
-1.85395
-1.97158
-2.08705
-2.20325
-2.32874
-2.46548
-2.57759
-2.6843
-2.78147
-2.85635
-2.90551
-2.93994
-2.98788
-3.10128
-3.33658
2.74208
2.98196
3.20771
3.36695
3.42362
3.32286
3.1567
2.50472
2.16327
2.68737
3.03059
3.1201
3.17448
3.26663
3.38362
3.50844
3.62943
3.73296
3.80991
3.86018
3.89043
3.9097
3.92758
3.95544
3.99921
4.04549
4.07609
4.08229
4.06143
4.01491
3.94751
3.86685
3.78199
3.701
3.6298
3.57327
3.54221
3.56317
3.68443
2.41629
2.10039
1.7309
1.34497
0.988334
0.652074
0.370602
0.157305
0.0116661
-0.0866352
-0.0882989
-0.132647
-0.235714
-0.3563
-0.472099
-0.572333
-0.654839
-0.72208
-0.779464
-0.833343
-0.887587
-0.94013
-0.984936
-1.01746
-1.04813
-1.08473
-1.12378
-1.15548
-1.17285
-1.19654
-1.21203
-1.2292
-1.24715
-1.25923
-1.26293
-1.25635
-1.22163
-1.13007
-0.888271
2.69443
2.93322
3.15275
3.29451
3.30939
3.14516
2.7941
1.90616
1.56504
2.32766
2.90046
3.1587
3.25079
3.23077
3.11724
2.95441
2.78878
2.65714
2.57094
2.52701
2.51704
2.53339
2.56318
2.57905
2.55536
2.50779
2.45707
2.40205
2.33842
2.26443
2.1833
2.1011
2.02441
1.95862
1.90478
1.85497
1.78025
1.62458
1.29332
2.38077
2.0532
1.66984
1.27054
0.905965
0.570914
0.3006
0.106203
-0.0172892
-0.0811843
-0.0463161
-0.0326097
-0.051366
-0.0973513
-0.162994
-0.244238
-0.339347
-0.447347
-0.569309
-0.7091
-0.872609
-1.06344
-1.27474
-1.48426
-1.65532
-1.78606
-1.91956
-2.04446
-2.20161
-2.4021
-2.43257
-2.52139
-2.65018
-2.76618
-2.87146
-2.99478
-3.17844
-3.49053
-4.00241
2.66904
2.91333
3.12857
3.24601
3.20446
2.93347
2.31855
1.23183
0.729384
1.50457
2.30565
3.04287
3.72326
4.34128
4.83591
5.18196
5.40053
5.51015
5.54221
5.52762
5.49039
5.44741
5.42293
5.45798
5.56586
5.67784
5.74595
5.78229
5.80089
5.80393
5.7886
5.7552
5.7074
5.65093
5.59533
5.55679
5.57309
5.69768
6.00723
72.3992
65.5708
60.9051
56.1872
52.1633
49.4515
48.017
46.8926
45.7837
44.826
43.891
42.8596
41.5405
39.7499
37.4105
34.6255
31.5961
28.4834
25.3721
22.3446
19.5327
17.0787
15.0505
13.3938
11.9467
10.5492
9.10983
7.61084
6.15329
4.89186
3.88371
3.10852
2.48009
1.95298
1.49604
1.06483
0.638982
0.230958
-0.14159
-0.476163
-0.777384
-1.04111
-1.25015
-1.3864
-1.44805
-1.45517
-1.44107
-1.43661
-1.45831
-1.50654
-1.57102
-1.63851
-1.69909
-1.74895
-1.79156
-1.8363
-1.89522
-1.97852
-2.09082
-2.23044
-2.39099
-2.56504
-2.74573
-2.92986
-3.10974
-3.28591
-3.44102
-3.5533
-3.63461
-3.68719
-3.69656
-3.69853
-3.57698
-3.5399
-3.14655
-3.30338
-2.27748
-3.47127
-0.702661
-4.30378
77.6335
76.9787
74.0574
72.4826
72.7625
73.1843
72.4873
70.2005
66.6067
62.4396
58.2208
54.1045
50.1193
46.292
42.6172
39.1012
35.7664
32.6401
29.741
27.0757
24.638
22.4112
20.3727
18.4981
16.7661
15.1616
13.6772
12.3132
11.0752
9.97065
9.00546
8.1812
7.49381
6.93403
6.48823
6.14036
5.8736
5.67166
5.51949
5.40354
5.31161
5.233
5.15891
5.08265
4.99999
4.90906
4.80994
4.70382
4.59236
4.47685
4.35808
4.23629
4.11155
3.98425
3.85532
3.72653
3.60058
3.48097
3.3714
3.27507
3.19359
3.12561
3.06554
3.0083
2.95214
2.89514
2.83345
2.77234
2.72037
2.67737
2.67088
2.71878
2.78103
2.83194
2.7764
3.00494
2.56932
3.71459
1.0489
6.06583
-0.73739
0.113716
1.99567
3.8317
5.92023
7.26576
7.89441
8.16055
8.60984
9.29054
10.2981
11.5782
12.9585
14.2469
15.2929
16.0386
16.4912
16.6792
16.6343
16.412
16.0665
15.6391
15.1897
14.7728
14.411
14.1007
13.7729
13.3379
12.7169
11.9002
10.984
10.1131
9.29135
8.50234
7.79476
7.16657
6.55548
5.9234
5.27199
4.61216
3.9612
3.35253
2.82685
2.408
2.08655
1.82603
1.58316
1.32659
1.04515
0.744664
0.439738
0.14595
-0.124974
-0.367444
-0.583114
-0.780156
-0.970514
-1.16552
-1.37212
-1.59199
-1.82261
-2.0604
-2.30107
-2.54313
-2.77883
-3.00822
-3.2132
-3.36782
-3.48153
-3.56254
-3.59386
-3.61634
-3.50757
-3.48525
-3.09562
-3.24816
-2.22531
-3.39078
-0.716917
-4.20399
1.22082
3.87921
4.52031
6.85394
12.4113
17.6853
21.239
23.3328
24.3475
24.5684
24.3383
23.9088
23.3774
22.7313
21.9435
21.0448
20.0721
19.063
18.0509
17.0604
16.106
15.1908
14.3093
13.4509
12.6033
11.7578
10.9127
10.0742
9.25532
8.47372
7.74789
7.0937
6.52179
6.03664
5.6366
5.31501
5.062
4.86613
4.71564
4.59934
4.50683
4.42897
4.35814
4.2885
4.2162
4.13931
4.05746
3.9713
3.88168
3.78915
3.69376
3.59501
3.49228
3.38528
3.27441
3.16104
3.04785
2.93892
2.83931
2.75455
2.68963
2.64697
2.62404
2.61592
2.61711
2.61932
2.61148
2.58436
2.54726
2.50257
2.4792
2.50738
2.55779
2.61379
2.57563
2.82627
2.43585
3.56507
1.04888
5.82482
32.2442
40.3326
44.304
43.8328
43.6569
43.7946
42.755
41.4994
40.4897
39.6278
38.8087
38.0135
37.1708
36.181
34.9537
33.4489
31.671
29.6829
27.5911
25.5142
23.5459
21.7126
20.0288
18.5429
17.3118
16.4095
15.8857
15.6929
15.6351
15.4479
15.0323
14.4861
13.9332
13.3927
12.8449
12.3077
11.7617
11.1111
10.3189
9.4376
8.54231
7.69265
6.92841
6.26543
5.68747
5.15323
4.62024
4.06549
3.4896
2.90818
2.34101
1.80471
1.31083
0.865021
0.466594
0.108967
-0.21847
-0.526694
-0.823909
-1.11497
-1.40205
-1.68665
-1.96861
-2.24921
-2.52206
-2.78711
-3.0259
-3.21053
-3.34629
-3.44464
-3.48852
-3.52195
-3.42432
-3.40927
-3.03738
-3.17214
-2.18313
-3.2721
-0.741888
-4.05179
25.3392
23.0231
20.4278
15.4104
9.58054
4.68021
0.787704
-2.28021
-4.4456
-5.35745
-5.13389
-4.43625
-3.67507
-2.94635
-2.238
-1.52945
-0.828042
-0.131572
0.562741
1.25678
1.94679
2.62151
3.26196
3.84438
4.34351
4.73762
5.0131
5.16676
5.20605
5.14789
5.01549
4.83456
4.62964
4.42122
4.22431
4.04797
3.8962
3.76915
3.66444
3.5783
3.50657
3.44514
3.39058
3.3402
3.29213
3.24519
3.19859
3.15168
3.10353
3.05281
2.99785
2.93689
2.8685
2.79191
2.70737
2.61627
2.52138
2.42711
2.33942
2.2656
2.21343
2.18911
2.19422
2.22616
2.2781
2.33742
2.3871
2.40404
2.39397
2.35991
2.32745
2.33427
2.36292
2.40746
2.37578
2.62685
2.28951
3.37503
1.05074
5.58247
15.8843
25.6279
35.757
44.8542
53.2575
57.5127
58.0638
57.8693
57.305
56.6095
55.7845
54.8344
53.737
52.4381
50.8733
49.0042
46.8324
44.4073
41.8071
39.1184
36.4147
33.7449
31.1307
28.6084
26.2472
24.15
22.4535
21.257
20.532
20.135
19.8571
19.4703
18.9078
18.2508
17.5495
16.8148
16.0986
15.3714
14.5325
13.5845
12.6252
11.7311
10.9137
10.1441
9.38514
8.60462
7.78255
6.91839
6.03007
5.14487
4.28921
3.48302
2.73908
2.06372
1.45724
0.914549
0.427011
-0.0146092
-0.418116
-0.790134
-1.13682
-1.46505
-1.77983
-2.08671
-2.38242
-2.66863
-2.92619
-3.12711
-3.27391
-3.37881
-3.42509
-3.45982
-3.36373
-3.35073
-2.98814
-3.11689
-2.13845
-3.18634
-0.720042
-3.97399
8.61166
5.08177
3.05474
0.999552
-1.07236
-2.84236
-4.21158
-5.23589
-6.01824
-6.58606
-6.82728
-6.54722
-5.8173
-4.9746
-4.19941
-3.52072
-2.9324
-2.40844
-1.92009
-1.43868
-0.942338
-0.419501
0.128656
0.689132
1.2397
1.7538
2.20595
2.57604
2.85235
3.03289
3.12457
3.14124
3.10056
3.0207
2.91819
2.8062
2.69419
2.58823
2.49171
2.40634
2.33294
2.27191
2.22355
2.18803
2.16504
2.15362
2.15193
2.15734
2.16632
2.17489
2.17896
2.1748
2.15966
2.13191
2.09129
2.03888
1.97719
1.91043
1.84472
1.78824
1.75069
1.74148
1.76663
1.82767
1.91924
2.02745
2.13186
2.19817
2.22509
2.21581
2.18978
2.18576
2.19515
2.22285
2.18654
2.43306
2.12296
3.20515
0.995612
5.42775
31.1875
37.2596
44.5577
50.4635
54.3429
56.4732
57.1222
56.9734
56.464
55.6748
54.4235
52.7172
50.8412
49.1089
47.6764
46.5299
45.5649
44.6561
43.6869
42.5798
41.296
39.8287
38.1839
36.3741
34.4289
32.408
30.4267
28.6409
27.2055
26.2175
25.5916
25.0506
24.38
23.508
22.4313
21.2106
19.9889
18.8874
17.877
16.8682
15.8778
14.9745
14.1663
13.3899
12.5656
11.6453
10.6238
9.5251
8.38631
7.24645
6.13917
5.08959
4.11411
3.22124
2.41267
1.68473
1.03121
0.445952
-0.076234
-0.541108
-0.956465
-1.33296
-1.68043
-2.00924
-2.32047
-2.61922
-2.88601
-3.09423
-3.24537
-3.35072
-3.39333
-3.4227
-3.31973
-3.30235
-2.93996
-3.06923
-2.08992
-3.11495
-0.676496
-3.93505
26.83
23.8349
21.337
18.8806
16.3041
13.5907
10.8478
8.21076
5.75186
3.53074
1.71487
0.549794
0.1145
0.154908
0.351175
0.547043
0.704588
0.822086
0.90768
0.977503
1.05084
1.14561
1.27358
1.43773
1.63166
1.84104
2.04678
2.22862
2.36879
2.45484
2.48112
2.44905
2.3657
2.24167
2.08932
1.92075
1.74673
1.57622
1.41631
1.27263
1.14966
1.05093
0.979109
0.935699
0.920738
0.9325
0.967462
1.02062
1.08576
1.15614
1.22507
1.28665
1.33629
1.3709
1.38897
1.3905
1.37697
1.35161
1.31979
1.28957
1.27152
1.27726
1.31678
1.39644
1.51454
1.65886
1.80836
1.92124
1.98894
2.01592
2.01477
2.0201
2.02661
2.04611
2.00524
2.24675
1.95118
3.04144
0.923518
5.29858
29.4246
31.9787
35.0499
38.6333
42.2191
44.3957
45.0159
44.7659
44.183
43.5226
42.762
41.7484
40.5308
39.3596
38.5021
38.0936
38.1099
38.4199
38.8473
39.2218
39.4152
39.3533
38.9952
38.3212
37.3337
36.0553
34.555
32.9634
31.4578
30.2038
29.2418
28.4392
27.6323
26.6789
25.4659
24.0411
22.6132
21.4018
20.4473
19.586
18.6694
17.7177
16.8011
15.9124
14.9814
13.9436
12.7825
11.5245
10.2149
8.89963
7.61643
6.39366
5.25007
4.19523
3.23091
2.35393
1.56012
0.847003
0.213614
-0.342487
-0.827788
-1.25402
-1.63397
-1.9819
-2.30332
-2.60767
-2.8764
-3.08595
-3.23759
-3.34028
-3.3759
-3.39526
-3.27936
-3.25012
-2.8821
-3.0086
-2.03358
-3.03007
-0.629628
-3.88784
26.7446
24.0795
21.4011
18.7537
16.1131
13.446
10.8056
8.29234
5.99593
4.0149
2.48108
1.50351
1.04584
0.907708
0.88921
0.888318
0.87807
0.85043
0.804939
0.748022
0.692158
0.65298
0.645258
0.679187
0.757868
0.876455
1.02278
1.17922
1.32572
1.44302
1.51549
1.53323
1.4926
1.39573
1.2498
1.06548
0.855471
0.633271
0.412083
0.204219
0.0204621
-0.130384
-0.241832
-0.310025
-0.333981
-0.31573
-0.259938
-0.173368
-0.0642433
0.0585862
0.186406
0.31133
0.426884
0.528177
0.61189
0.676211
0.720864
0.747268
0.759204
0.763589
0.770623
0.792812
0.842952
0.93194
1.06275
1.22714
1.406
1.55467
1.65956
1.72817
1.76705
1.80341
1.82982
1.85918
1.82421
2.06281
1.78467
2.86886
0.859995
5.15546
24.3252
26.2069
27.819
29.4358
31.2554
32.9762
33.9079
34.0242
33.672
33.2467
33.0292
33.0151
33.1194
33.3124
33.6226
34.0764
34.6578
35.3164
35.9889
36.609
37.1085
37.4221
37.4853
37.2464
36.6827
35.8029
34.6513
33.321
31.9455
30.6532
29.5067
28.4761
27.5096
26.5416
25.4606
24.2466
23.0614
22.1555
21.6365
21.3199
20.8646
20.0924
19.0862
17.9818
16.8195
15.5772
14.2409
12.8288
11.3809
9.94036
8.54326
7.21605
5.97522
4.8274
3.77125
2.80177
1.91527
1.11213
0.395704
-0.232113
-0.774526
-1.24185
-1.64743
-2.0076
-2.33123
-2.63219
-2.89414
-3.09884
-3.2471
-3.34427
-3.37013
-3.37568
-3.24245
-3.19472
-2.81599
-2.93286
-1.96774
-2.92883
-0.576418
-3.82668
22.1767
19.8786
17.5135
15.1486
12.8152
10.5358
8.35348
6.32967
4.53907
3.06475
1.9725
1.26764
0.866618
0.636018
0.471399
0.321612
0.169837
0.0074728
-0.169408
-0.359243
-0.553548
-0.738094
-0.895503
-1.00872
-1.06444
-1.05577
-0.983942
-0.858707
-0.697032
-0.520705
-0.353083
-0.215701
-0.125774
-0.0946043
-0.126413
-0.218535
-0.362254
-0.544194
-0.748098
-0.956457
-1.15231
-1.32061
-1.44939
-1.53053
-1.56007
-1.53828
-1.46903
-1.35908
-1.21712
-1.05278
-0.875741
-0.695077
-0.5187
-0.35318
-0.203693
-0.0740868
0.0331918
0.117308
0.179803
0.225578
0.263306
0.304947
0.364528
0.456258
0.587716
0.755815
0.945406
1.11402
1.24635
1.35424
1.44031
1.52322
1.58997
1.64933
1.63612
1.87787
1.6249
2.69103
0.799538
5.00549
19.3893
21.0952
22.6442
24.2096
25.9429
27.7168
29.0841
29.8272
30.101
30.2179
30.458
30.926
31.5794
32.3219
33.0642
33.7521
34.3604
34.8752
35.2821
35.5589
35.6767
35.6086
35.3365
34.8552
34.1733
33.3063
32.2706
31.0999
29.8555
28.6061
27.4069
26.2858
25.2654
24.3612
23.5315
22.7247
21.9949
21.523
21.4495
21.6659
21.7909
21.4511
20.5792
19.3599
17.9792
16.5161
14.9925
13.4306
11.8653
10.334
8.86823
7.48958
6.20919
5.02786
3.93887
2.93348
2.00681
1.16055
0.401081
-0.265921
-0.840096
-1.32912
-1.74516
-2.1048
-2.41875
-2.7045
-2.94877
-3.14092
-3.2807
-3.36874
-3.38209
-3.37122
-3.21847
-3.14856
-2.7552
-2.85622
-1.90111
-2.82514
-0.51677
-3.76301
17.5743
15.627
13.6831
11.7662
9.9038
8.12846
6.47802
4.99358
3.71553
2.67386
1.87252
1.27843
0.830324
0.463736
0.134326
-0.17874
-0.483228
-0.785232
-1.09048
-1.40212
-1.71824
-2.03106
-2.32788
-2.5927
-2.80881
-2.96155
-3.04104
-3.04439
-2.97691
-2.85179
-2.68846
-2.50975
-2.33903
-2.19744
-2.10093
-2.05877
-2.07267
-2.13711
-2.24069
-2.36778
-2.5007
-2.62198
-2.7161
-2.771
-2.77902
-2.73705
-2.64626
-2.51131
-2.33945
-2.13936
-1.92029
-1.69136
-1.46102
-1.23688
-1.02552
-0.83252
-0.662382
-0.518206
-0.400936
-0.308248
-0.233904
-0.167791
-0.0962882
-0.00363902
0.121277
0.280505
0.463996
0.635921
0.782672
0.920679
1.05142
1.18604
1.30514
1.41021
1.43483
1.68907
1.46924
2.51504
0.734253
4.85886
14.5877
16.0528
17.4955
18.9065
20.436
22.0816
23.6172
24.7958
25.586
26.1734
26.8197
27.6453
28.5549
29.3898
30.0644
30.5797
30.9597
31.2274
31.3934
31.4427
31.3404
31.055
30.5817
29.9474
29.1996
28.385
27.5319
26.6524
25.7571
24.8589
23.9779
23.1388
22.3746
21.7249
21.2008
20.7758
20.4455
20.2966
20.4444
20.858
21.2465
21.194
20.5154
19.3417
17.9014
16.3505
14.7553
13.1465
11.5548
10.013
8.54932
7.18259
5.92044
4.75956
3.68927
2.69812
1.78018
0.937771
0.179084
-0.487841
-1.06009
-1.543
-1.94706
-2.28797
-2.5769
-2.83368
-3.0481
-3.21895
-3.34406
-3.4186
-3.41693
-3.3887
-3.21738
-3.12587
-2.71736
-2.79873
-1.85115
-2.73734
-0.462472
-3.70479
13.0678
11.4727
9.90874
8.39515
6.96216
5.6312
4.41685
3.33073
2.38368
1.5792
0.905716
0.3354
-0.165926
-0.626959
-1.06451
-1.48354
-1.8838
-2.26718
-2.6382
-3.00115
-3.35801
-3.70745
-4.04466
-4.36147
-4.64684
-4.88819
-5.07313
-5.19177
-5.239
-5.2159
-5.13005
-4.9946
-4.82709
-4.64725
-4.47408
-4.32365
-4.20699
-4.12891
-4.08791
-4.07677
-4.08402
-4.09579
-4.09785
-4.07741
-4.02461
-3.93329
-3.80121
-3.62966
-3.42284
-3.18691
-2.92922
-2.6576
-2.37997
-2.10397
-1.83676
-1.58499
-1.35465
-1.15074
-0.97652
-0.832387
-0.715078
-0.617289
-0.527257
-0.429579
-0.311311
-0.166316
0.000490367
0.162538
0.310835
0.465763
0.63037
0.810891
0.983194
1.14107
1.21535
1.49204
1.31332
2.34161
0.664272
4.71367
9.49334
10.7068
11.9204
13.0018
14.0468
15.1247
16.2198
17.2151
18.0098
18.703
19.569
20.7252
21.9367
22.9741
23.7471
24.2684
24.6054
24.8112
24.9005
24.8653
24.6893
24.3561
23.8811
23.3124
22.7035
22.1004
21.5317
21.007
20.523
20.0713
19.6473
19.2542
18.905
18.6232
18.4258
18.3075
18.2532
18.2842
18.4615
18.7862
19.0925
19.0555
18.4517
17.3743
16.0438
14.6142
13.1555
11.6936
10.2475
8.84104
7.49926
6.24081
5.07411
3.99681
2.99922
2.07118
1.20853
0.415458
-0.298197
-0.923063
-1.45507
-1.89848
-2.26275
-2.56255
-2.80852
-3.02146
-3.19354
-3.33405
-3.43771
-3.4938
-3.47478
-3.42987
-3.24392
-3.13562
-2.71605
-2.77763
-1.83618
-2.68228
-0.430034
-3.65625
8.22406
6.89067
5.60395
4.38376
3.25106
2.20577
1.24065
0.354453
-0.445704
-1.15454
-1.7782
-2.33452
-2.84421
-3.32134
-3.77093
-4.19205
-4.58313
-4.94585
-5.28443
-5.60306
-5.90491
-6.19204
-6.46523
-6.72364
-6.96407
-7.18043
-7.36415
-7.50572
-7.59636
-7.62975
-7.60319
-7.51831
-7.38149
-7.20342
-6.99758
-6.77855
-6.56002
-6.35303
-6.1647
-5.99744
-5.8492
-5.71406
-5.58358
-5.44835
-5.2994
-5.12956
-4.93413
-4.71105
-4.46087
-4.18622
-3.89142
-3.58188
-3.26379
-2.94375
-2.62854
-2.32499
-2.03976
-1.77907
-1.54803
-1.34952
-1.18337
-1.04556
-0.927286
-0.815181
-0.696432
-0.562524
-0.414306
-0.268893
-0.128748
0.029425
0.212295
0.424424
0.640305
0.847997
0.97637
1.2827
1.15256
2.1669
0.591761
4.56524
4.45324
5.44013
6.40037
7.18552
7.8576
8.50477
9.18418
9.86603
10.4791
11.0502
11.7293
12.6175
13.6648
14.7997
15.9278
16.8789
17.5299
17.9078
18.0744
18.0532
17.86
17.5334
17.1314
16.7138
16.3305
16.0097
15.7553
15.5579
15.4021
15.2728
15.1605
15.0615
14.9796
14.9248
14.9054
14.9196
14.9535
14.9994
15.0717
15.1673
15.2006
14.9933
14.3798
13.4191
12.3168
11.1968
10.0841
8.97212
7.85759
6.75028
5.66895
4.63223
3.65203
2.73113
1.86574
1.05189
0.291015
-0.408342
-1.03374
-1.57485
-2.02754
-2.39629
-2.69066
-2.9248
-3.10861
-3.2626
-3.38022
-3.48143
-3.55665
-3.58907
-3.55058
-3.49066
-3.29588
-3.17855
-2.75604
-2.80185
-1.86816
-2.6721
-0.432657
-3.62115
3.40672
2.28974
1.22231
0.21457
-0.727547
-1.61457
-2.45484
-3.24462
-3.97203
-4.62886
-5.21755
-5.74931
-6.2362
-6.68451
-7.09457
-7.46443
-7.79401
-8.08652
-8.34704
-8.58011
-8.78924
-8.97788
-9.14988
-9.30899
-9.45756
-9.59524
-9.71855
-9.82135
-9.89581
-9.93347
-9.92634
-9.86818
-9.75582
-9.59025
-9.37636
-9.1226
-8.83979
-8.53968
-8.2334
-7.93003
-7.63567
-7.35291
-7.08101
-6.81657
-6.55457
-6.28951
-6.01628
-5.73089
-5.43094
-5.11564
-4.78585
-4.44389
-4.09334
-3.73885
-3.38585
-3.04038
-2.70886
-2.3979
-2.11369
-1.86106
-1.64258
-1.45756
-1.30073
-1.16203
-1.03053
-0.89738
-0.761206
-0.631741
-0.504271
-0.353556
-0.168336
0.0570925
0.29972
0.545338
0.723664
1.06138
0.984898
1.98784
0.517121
4.41273
0.143842
0.907432
1.68965
2.35259
2.92363
3.46847
4.05058
4.66546
5.2605
5.81074
6.33241
6.83598
7.34964
7.93043
8.61243
9.37099
10.0967
10.6377
10.939
11.0176
10.916
10.7125
10.4953
10.321
10.2236
10.2124
10.2625
10.3416
10.4243
10.4928
10.5389
10.562
10.5675
10.5613
10.5456
10.5162
10.4612
10.3672
10.2323
10.0552
9.79929
9.38908
8.75833
7.96051
7.16632
6.469
5.83798
5.21287
4.55784
3.86592
3.14863
2.42394
1.7072
1.00756
0.329539
-0.322017
-0.937562
-1.5024
-2.00054
-2.42046
-2.75865
-3.02064
-3.217
-3.36209
-3.46528
-3.54612
-3.59816
-3.65147
-3.69146
-3.69517
-3.63538
-3.56234
-3.36487
-3.24723
-2.83209
-2.86965
-1.94896
-2.71119
-0.476966
-3.60292
-0.669554
-1.58368
-2.46209
-3.30287
-4.10506
-4.87562
-5.61801
-6.32647
-6.9887
-7.59599
-8.14853
-8.65226
-9.11321
-9.53296
-9.90875
-10.2379
-10.5209
-10.7613
-10.9639
-11.1328
-11.2709
-11.3821
-11.4715
-11.5449
-11.608
-11.6644
-11.715
-11.758
-11.7891
-11.8014
-11.7862
-11.7343
-11.6372
-11.4887
-11.2861
-11.0307
-10.7275
-10.3848
-10.0133
-9.62404
-9.22764
-8.83276
-8.44533
-8.06838
-7.70225
-7.34516
-6.99399
-6.64501
-6.29464
-5.93994
-5.579
-5.2112
-4.83731
-4.45949
-4.08108
-3.70647
-3.34093
-2.99046
-2.66141
-2.35973
-2.09001
-1.85448
-1.6514
-1.47472
-1.31677
-1.17019
-1.03361
-0.912947
-0.796897
-0.658942
-0.483465
-0.261982
-0.0118427
0.254254
0.470886
0.835139
0.813091
1.80499
0.440504
4.25763
-3.99551
-3.46023
-2.81573
-2.21707
-1.66058
-1.10792
-0.517107
0.103399
0.706036
1.25871
1.7518
2.15421
2.46658
2.7785
3.15136
3.54833
3.89364
4.1312
4.23969
4.24445
4.18966
4.12066
4.10269
4.18588
4.37119
4.61814
4.87609
5.10815
5.29306
5.4228
5.49707
5.51919
5.49646
5.43573
5.33459
5.18389
4.97211
4.68879
4.33483
3.9244
3.46422
2.9439
2.36488
1.79091
1.35146
1.10823
0.990614
0.887715
0.727322
0.485256
0.16727
-0.208806
-0.624426
-1.06486
-1.51815
-1.9712
-2.40678
-2.80423
-3.14422
-3.41413
-3.611
-3.74168
-3.8181
-3.85531
-3.86267
-3.85851
-3.83545
-3.8329
-3.83144
-3.80199
-3.71924
-3.63444
-3.43912
-3.32856
-2.93078
-2.96923
-2.06975
-2.79451
-0.562486
-3.60241
-4.54208
-5.223
-5.87904
-6.51327
-7.1268
-7.72523
-8.31011
-8.8759
-9.41258
-9.91376
-10.3793
-10.8116
-11.2123
-11.5798
-11.9094
-12.1975
-12.4435
-12.6498
-12.8188
-12.9525
-13.0519
-13.1195
-13.1594
-13.1771
-13.1788
-13.1696
-13.1535
-13.1324
-13.106
-13.0715
-13.0233
-12.9535
-12.8531
-12.7134
-12.5272
-12.2901
-12.0013
-11.6636
-11.2833
-10.8696
-10.4328
-9.98346
-9.53116
-9.08338
-8.6452
-8.21921
-7.80573
-7.40329
-7.00929
-6.62061
-6.23422
-5.8477
-5.45961
-5.06972
-4.67902
-4.2897
-3.90505
-3.52956
-3.16869
-2.82842
-2.51441
-2.23094
-1.97938
-1.75768
-1.56211
-1.38831
-1.23687
-1.11387
-1.00304
-0.876911
-0.716791
-0.511247
-0.270316
-0.00223594
0.236599
0.61683
0.644749
1.62255
0.363688
4.10113
-7.92807
-7.5888
-7.13325
-6.66484
-6.1946
-5.71324
-5.20325
-4.67544
-4.16903
-3.71035
-3.3052
-2.88231
-2.59754
-2.56789
-2.52442
-2.28023
-1.94066
-1.69406
-1.61297
-1.64675
-1.69694
-1.68194
-1.55795
-1.3111
-0.969353
-0.599139
-0.281283
-0.0566208
0.080098
0.140641
0.137359
0.0803192
-0.0257057
-0.178401
-0.382006
-0.649336
-0.99222
-1.41629
-1.9142
-2.45537
-2.99799
-3.50772
-3.94896
-4.25759
-4.343
-4.17467
-3.84311
-3.48836
-3.21035
-3.04783
-2.99898
-3.04518
-3.16522
-3.34066
-3.55504
-3.79022
-4.02429
-4.23313
-4.39533
-4.49777
-4.53785
-4.52322
-4.46682
-4.38456
-4.2862
-4.18888
-4.08363
-4.01841
-3.97017
-3.90369
-3.79602
-3.69906
-3.50775
-3.40808
-3.0346
-3.0819
-2.21314
-2.90787
-0.681315
-3.61614
-8.25879
-8.69035
-9.1044
-9.5065
-9.89886
-10.2857
-10.6678
-11.0417
-11.4014
-11.7441
-12.0706
-12.3819
-12.6777
-12.9549
-13.2088
-13.4353
-13.633
-13.8019
-13.9416
-14.0513
-14.1296
-14.1764
-14.1933
-14.1835
-14.1512
-14.1008
-14.0366
-13.962
-13.88
-13.7914
-13.6949
-13.5867
-13.4608
-13.3101
-13.1272
-12.9058
-12.6412
-12.3316
-11.9784
-11.586
-11.1613
-10.7127
-10.2495
-9.78032
-9.31267
-8.85226
-8.40278
-7.96589
-7.54152
-7.12824
-6.72378
-6.32558
-5.93128
-5.53907
-5.14792
-4.75771
-4.36936
-3.98507
-3.60849
-3.24451
-2.89869
-2.57628
-2.28083
-2.01376
-1.77527
-1.56467
-1.3859
-1.24853
-1.1337
-1.01309
-0.866843
-0.681685
-0.460461
-0.205497
0.039047
0.421483
0.490305
1.44686
0.29024
3.94328
-10.9105
-10.6663
-10.3748
-10.0615
-9.75642
-9.45923
-9.15011
-8.82036
-8.49438
-8.19606
-7.97898
-7.6185
-7.35699
-7.71864
-8.26386
-8.3708
-8.00575
-7.49704
-7.10587
-6.88362
-6.75652
-6.61892
-6.40106
-6.10607
-5.76907
-5.44369
-5.20045
-5.09127
-5.09892
-5.17442
-5.28865
-5.43345
-5.61006
-5.82683
-6.09316
-6.4207
-6.82152
-7.29496
-7.82411
-8.37033
-8.87269
-9.27054
-9.51401
-9.55059
-9.32555
-8.83553
-8.1754
-7.48921
-6.88748
-6.41707
-6.07836
-5.8516
-5.71413
-5.6464
-5.63089
-5.64858
-5.67698
-5.69179
-5.67168
-5.60366
-5.48528
-5.32428
-5.13387
-4.93044
-4.72424
-4.53115
-4.34058
-4.20848
-4.10983
-4.00294
-3.86726
-3.75495
-3.56496
-3.47446
-3.12688
-3.18672
-2.35728
-3.03033
-0.81979
-3.63659
-11.1474
-11.3967
-11.6381
-11.8745
-12.1065
-12.3355
-12.5613
-12.7817
-12.9941
-13.198
-13.3949
-13.5857
-13.7698
-13.9451
-14.108
-14.2559
-14.3874
-14.5014
-14.596
-14.6691
-14.7178
-14.74
-14.7351
-14.7038
-14.6476
-14.5688
-14.4704
-14.3557
-14.2284
-14.0914
-13.9465
-13.7936
-13.6307
-13.4542
-13.2592
-13.0401
-12.7919
-12.5104
-12.1933
-11.8408
-11.4553
-11.0413
-10.6049
-10.1531
-9.69292
-9.23108
-8.77319
-8.32348
-7.88469
-7.45802
-7.04335
-6.63951
-6.24468
-5.85672
-5.47343
-5.09286
-4.71362
-4.33535
-3.95923
-3.58813
-3.2264
-2.87906
-2.55067
-2.24503
-1.96557
-1.71521
-1.50161
-1.33979
-1.21112
-1.0864
-0.94661
-0.778556
-0.57951
-0.346166
-0.108916
0.262068
0.360208
1.28467
0.224972
3.78323
-12.7113
-12.5556
-12.3685
-12.176
-12.0381
-11.9601
-11.904
-11.8333
-11.7397
-11.643
-11.5611
-11.6008
-11.749
-11.9474
-12.2742
-12.6049
-12.6738
-12.4279
-12.0249
-11.6197
-11.2697
-10.963
-10.6764
-10.4065
-10.1722
-10.0062
-9.9303
-9.9498
-10.0559
-10.2269
-10.4181
-10.5975
-10.7781
-10.9836
-11.2352
-11.5433
-11.9148
-12.3473
-12.8144
-13.2688
-13.6466
-13.8795
-13.9157
-13.7191
-13.2662
-12.574
-11.7313
-10.8662
-10.0813
-9.42204
-8.88845
-8.46066
-8.11695
-7.84012
-7.61592
-7.429
-7.26041
-7.08878
-6.89485
-6.66639
-6.40069
-6.10478
-5.79105
-5.47568
-5.1688
-4.88481
-4.61146
-4.41253
-4.26238
-4.1125
-3.94404
-3.80943
-3.61277
-3.52304
-3.19593
-3.26521
-2.4806
-3.13804
-0.960581
-3.65263
-12.8686
-13.0301
-13.1911
-13.3527
-13.5136
-13.6717
-13.8253
-13.9721
-14.1104
-14.2403
-14.363
-14.4789
-14.5874
-14.6874
-14.7773
-14.8559
-14.9231
-14.9781
-15.0192
-15.0443
-15.0506
-15.0356
-14.998
-14.9366
-14.8513
-14.7426
-14.6119
-14.4615
-14.2946
-14.1148
-13.9253
-13.7285
-13.5255
-13.3159
-13.0979
-12.8685
-12.6237
-12.3593
-12.0715
-11.7578
-11.417
-11.0496
-10.6579
-10.2455
-9.81735
-9.37891
-8.93587
-8.49361
-8.05679
-7.62906
-7.21279
-6.80909
-6.41777
-6.03756
-5.66628
-5.30108
-4.93892
-4.57719
-4.21449
-3.85119
-3.48958
-3.13338
-2.78692
-2.45499
-2.143
-1.85664
-1.60683
-1.41447
-1.26362
-1.12425
-0.979866
-0.819477
-0.637289
-0.426049
-0.202876
0.146164
0.262519
1.14111
0.173555
3.62002
-15.3774
-15.4483
-15.4021
-15.3326
-15.3066
-15.3366
-15.3911
-15.444
-15.4872
-15.5358
-15.6067
-15.7238
-15.7928
-15.6236
-15.3208
-15.2007
-15.2979
-15.4185
-15.4095
-15.258
-15.0117
-14.7246
-14.448
-14.2304
-14.1056
-14.0838
-14.1597
-14.3042
-14.4654
-14.6194
-14.7849
-14.947
-15.092
-15.2483
-15.4533
-15.7203
-16.0391
-16.3979
-16.7664
-17.0835
-17.2825
-17.3089
-17.1243
-16.7176
-16.0985
-15.3024
-14.4039
-13.4994
-12.6646
-11.931
-11.2946
-10.7366
-10.2395
-9.79245
-9.38844
-9.01958
-8.67366
-8.33445
-7.98605
-7.61744
-7.22611
-6.8173
-6.40209
-5.99494
-5.60448
-5.24325
-4.89759
-4.63814
-4.43921
-4.24527
-4.03869
-3.87197
-3.65647
-3.55279
-3.23507
-3.30258
-2.56534
-3.20601
-1.08704
-3.65021
-15.3006
-15.329
-15.3562
-15.388
-15.4236
-15.4583
-15.4887
-15.5126
-15.5292
-15.5391
-15.5429
-15.5398
-15.5285
-15.5082
-15.4791
-15.4421
-15.3981
-15.3474
-15.2891
-15.2223
-15.1457
-15.0579
-14.9574
-14.8428
-14.7128
-14.5664
-14.4033
-14.2242
-14.0307
-13.8251
-13.61
-13.3881
-13.1616
-12.9318
-12.6991
-12.4625
-12.22
-11.9686
-11.7047
-11.4248
-11.126
-10.8063
-10.4648
-10.102
-9.71983
-9.32163
-8.91166
-8.49491
-8.0766
-7.66175
-7.25472
-6.85878
-6.47582
-6.1063
-5.74901
-5.40139
-5.05982
-4.72027
-4.3793
-4.03497
-3.68712
-3.33744
-2.98892
-2.646
-2.31442
-2.00134
-1.71981
-1.49586
-1.31773
-1.15472
-0.994053
-0.828616
-0.652355
-0.456518
-0.247132
0.0744752
0.201795
1.01815
0.143239
3.45006
-18.3943
-18.7382
-18.9442
-19.011
-19.0453
-19.1217
-19.2297
-19.3454
-19.4603
-19.5754
-19.6823
-19.7701
-19.8038
-19.7602
-19.4955
-18.9903
-18.5723
-18.3758
-18.3058
-18.2332
-18.1178
-17.9835
-17.8769
-17.8406
-17.9031
-18.0564
-18.2614
-18.4762
-18.6507
-18.7377
-18.751
-18.7494
-18.7486
-18.7512
-18.7855
-18.8714
-18.9773
-19.0661
-19.1196
-19.0912
-18.9362
-18.6576
-18.2696
-17.7965
-17.2557
-16.6527
-15.9973
-15.3154
-14.6353
-13.9719
-13.3276
-12.6993
-12.0874
-11.4975
-10.9359
-10.4052
-9.90117
-9.41386
-8.93148
-8.44488
-7.95122
-7.4541
-6.96217
-6.48672
-6.0337
-5.61245
-5.20897
-4.89851
-4.65509
-4.4163
-4.16594
-3.95534
-3.70654
-3.56933
-3.24665
-3.29248
-2.603
-3.21538
-1.18729
-3.61588
-18.0858
-17.8758
-17.6716
-17.4797
-17.3034
-17.1353
-16.9714
-16.8106
-16.6543
-16.5041
-16.3592
-16.2162
-16.0716
-15.9244
-15.775
-15.6248
-15.4744
-15.3233
-15.1707
-15.0165
-14.8606
-14.703
-14.5432
-14.3798
-14.2113
-14.0365
-13.8541
-13.6637
-13.4652
-13.2591
-13.0463
-12.8284
-12.6068
-12.383
-12.1577
-11.9308
-11.7019
-11.469
-11.2295
-10.9805
-10.7188
-10.4415
-10.1462
-9.83163
-9.49746
-9.14492
-8.77635
-8.39549
-8.00698
-7.6159
-7.22748
-6.84627
-6.47581
-6.11832
-5.77427
-5.44209
-5.11881
-4.80032
-4.4821
-4.16066
-3.83381
-3.50095
-3.16298
-2.82278
-2.48511
-2.15704
-1.85206
-1.59975
-1.39308
-1.20078
-1.01424
-0.83118
-0.647447
-0.455445
-0.25318
0.0404441
0.178266
0.91414
0.140645
3.27239
-19.318
-19.7448
-20.0659
-20.2489
-20.3847
-20.5419
-20.7229
-20.9092
-21.0933
-21.2779
-21.4632
-21.6266
-21.7535
-21.821
-21.8371
-21.855
-21.776
-21.486
-21.2031
-21.1084
-21.0953
-21.0713
-21.0488
-21.0731
-21.1603
-21.2963
-21.4623
-21.619
-21.7186
-21.736
-21.6715
-21.5701
-21.4973
-21.4711
-21.4783
-21.5261
-21.6086
-21.653
-21.5932
-21.4093
-21.0693
-20.5795
-19.9988
-19.3935
-18.8048
-18.2372
-17.6702
-17.0827
-16.4636
-15.8107
-15.1264
-14.4175
-13.6953
-12.9747
-12.2701
-11.5918
-10.9432
-10.3213
-9.71951
-9.1318
-8.55521
-7.99147
-7.44539
-6.92339
-6.42807
-5.96377
-5.51853
-5.16712
-4.88293
-4.59908
-4.30221
-4.03682
-3.74607
-3.55499
-3.22183
-3.2178
-2.58756
-3.14313
-1.25555
-3.5377
-18.9014
-18.4911
-18.0958
-17.7188
-17.3615
-17.0178
-16.6852
-16.3654
-16.0623
-15.7787
-15.5132
-15.2616
-15.0205
-14.7891
-14.5676
-14.3564
-14.1542
-13.9585
-13.7672
-13.5796
-13.3955
-13.2149
-13.0369
-12.8603
-12.6842
-12.5078
-12.3304
-12.1516
-11.971
-11.7884
-11.6036
-11.4171
-11.2295
-11.0412
-10.8523
-10.6629
-10.4725
-10.2803
-10.0849
-9.88417
-9.67591
-9.45766
-9.22721
-8.9824
-8.72175
-8.44464
-8.1514
-7.84346
-7.52364
-7.19538
-6.86304
-6.53106
-6.20347
-5.88367
-5.57381
-5.27426
-4.98362
-4.69913
-4.41687
-4.13281
-3.84341
-3.546
-3.23909
-2.9232
-2.60097
-2.27849
-1.96746
-1.6986
-1.46933
-1.24972
-1.03592
-0.830072
-0.630967
-0.434297
-0.23202
0.0291268
0.186971
0.810254
0.173381
3.06551
-18.6126
-19.0287
-19.3797
-19.6183
-19.8252
-20.054
-20.3032
-20.5524
-20.7912
-21.0217
-21.2526
-21.4843
-21.7156
-21.9664
-22.2254
-22.3999
-22.3575
-22.1134
-21.7594
-21.2499
-20.8945
-20.9324
-21.1388
-21.3592
-21.5769
-21.798
-22.0083
-22.1635
-22.253
-22.3008
-22.3204
-22.3301
-22.3672
-22.4711
-22.6643
-22.9412
-23.2898
-23.6829
-24.0109
-24.1752
-24.1418
-23.8694
-23.3661
-22.7001
-21.9433
-21.136
-20.2989
-19.4414
-18.5684
-17.6833
-16.7891
-15.8911
-14.9984
-14.1224
-13.276
-12.4684
-11.7034
-10.9793
-10.2906
-9.63226
-9.00124
-8.3974
-7.82222
-7.27739
-6.76114
-6.27356
-5.80153
-5.41879
-5.09842
-4.77094
-4.42404
-4.10242
-3.75865
-3.51291
-3.14474
-3.1027
-2.4851
-3.03379
-1.22294
-3.49776
-18.1843
-17.7402
-17.3062
-16.882
-16.4673
-16.0577
-15.6522
-15.254
-14.8679
-14.4977
-14.1431
-13.8021
-13.4735
-13.1579
-12.8571
-12.5718
-12.3006
-12.0412
-11.7914
-11.5499
-11.3164
-11.0904
-10.8705
-10.655
-10.4433
-10.2345
-10.0288
-9.82598
-9.62604
-9.42919
-9.23594
-9.04679
-8.86269
-8.6841
-8.51134
-8.3446
-8.18388
-8.02859
-7.87775
-7.72996
-7.58342
-7.43608
-7.28564
-7.12969
-6.96614
-6.79301
-6.60899
-6.41348
-6.20701
-5.99085
-5.76709
-5.53867
-5.30849
-5.0795
-4.85412
-4.63359
-4.41775
-4.20509
-3.99281
-3.77744
-3.55525
-3.32258
-3.07652
-2.81558
-2.54005
-2.25429
-1.96805
-1.70647
-1.47399
-1.24517
-1.01781
-0.797831
-0.587319
-0.386025
-0.184369
0.0518327
0.211484
0.761704
0.162395
2.96859
-17.9756
-18.3939
-18.7948
-19.0774
-19.3112
-19.5545
-19.809
-20.0576
-20.2949
-20.5287
-20.7673
-21.0091
-21.2426
-21.4716
-21.7218
-21.9883
-22.1961
-22.258
-22.2312
-22.3677
-22.4945
-22.1728
-21.8603
-21.8697
-22.0206
-22.209
-22.3784
-22.4998
-22.5765
-22.6177
-22.6507
-22.6998
-22.7809
-22.9183
-23.126
-23.4056
-23.7499
-24.1472
-24.5538
-24.8793
-25.057
-25.0392
-24.787
-24.3074
-23.6553
-22.8815
-22.0182
-21.091
-20.1198
-19.1196
-18.1031
-17.0825
-16.0712
-15.0831
-14.1317
-13.2265
-12.3718
-11.5667
-10.8079
-10.0915
-9.41527
-8.77826
-8.17919
-7.61573
-7.0819
-6.57372
-6.07677
-5.66286
-5.30685
-4.93613
-4.53969
-4.16173
-3.76183
-3.45728
-3.04371
-2.95673
-2.33298
-2.87719
-1.12755
-3.43589
-17.5646
-17.1104
-16.6642
-16.2236
-15.7884
-15.3543
-14.92
-14.4872
-14.0604
-13.642
-13.2323
-12.8307
-12.4375
-12.0549
-11.6856
-11.332
-10.9939
-10.6704
-10.3607
-10.0643
-9.78141
-9.5116
-9.25319
-9.00432
-8.76353
-8.52959
-8.30205
-8.08029
-7.86376
-7.65229
-7.44627
-7.24614
-7.05294
-6.86726
-6.68981
-6.52128
-6.36211
-6.21239
-6.072
-5.94043
-5.81679
-5.69988
-5.58817
-5.47985
-5.37306
-5.26568
-5.15564
-5.04135
-4.92161
-4.79581
-4.6638
-4.52636
-4.38462
-4.24005
-4.09426
-3.94827
-3.80248
-3.65634
-3.50809
-3.35521
-3.19444
-3.022
-2.83433
-2.62865
-2.40333
-2.16109
-1.90943
-1.66564
-1.4405
-1.21289
-0.981073
-0.753225
-0.534026
-0.326898
-0.123367
0.093788
0.2524
0.741139
0.157725
2.88511
-16.1008
-16.5308
-16.8906
-17.1832
-17.4393
-17.6858
-17.9301
-18.1642
-18.38
-18.58
-18.7741
-18.9696
-19.1634
-19.3462
-19.5277
-19.73
-19.962
-20.1784
-20.3012
-20.3708
-20.766
-21.5515
-22.0184
-22.1691
-22.306
-22.4108
-22.4811
-22.5281
-22.5512
-22.5643
-22.5826
-22.6122
-22.6838
-22.8114
-22.9814
-23.1781
-23.3862
-23.6071
-23.854
-24.0964
-24.2584
-24.2934
-24.1725
-23.8683
-23.3857
-22.7638
-22.0335
-21.2162
-20.3309
-19.3946
-18.4235
-17.4334
-16.4402
-15.4593
-14.505
-13.5872
-12.7115
-11.8804
-11.0938
-10.352
-9.65524
-9.00344
-8.39422
-7.82236
-7.27868
-6.75582
-6.23952
-5.80071
-5.41655
-5.01222
-4.57803
-4.15587
-3.71085
-3.35547
-2.90172
-2.76844
-2.13631
-2.66474
-0.984899
-3.32078
-15.6516
-15.2206
-14.801
-14.3925
-13.9917
-13.5934
-13.195
-12.7981
-12.4061
-12.0201
-11.6387
-11.2605
-10.8853
-10.5154
-10.1541
-9.80385
-9.46506
-9.13804
-8.82343
-8.5225
-8.2367
-7.96648
-7.71116
-7.46935
-7.23988
-7.02165
-6.81369
-6.61475
-6.42341
-6.23857
-6.05959
-5.88611
-5.71827
-5.55608
-5.39983
-5.25004
-5.10716
-4.97162
-4.84386
-4.7241
-4.6124
-4.50863
-4.41242
-4.32324
-4.24019
-4.16213
-4.08757
-4.01504
-3.94301
-3.87013
-3.79506
-3.71707
-3.6357
-3.55088
-3.463
-3.37233
-3.27893
-3.18248
-3.08184
-2.97518
-2.85988
-2.73249
-2.58944
-2.42754
-2.24405
-2.04054
-1.82261
-1.60019
-1.38801
-1.16852
-0.939779
-0.710707
-0.487533
-0.276309
-0.0706332
0.131841
0.290649
0.719105
0.159624
2.76428
-14.262
-14.6421
-14.9886
-15.2592
-15.4914
-15.7142
-15.9254
-16.1203
-16.3075
-16.5003
-16.7045
-16.9156
-17.1258
-17.3265
-17.512
-17.6963
-17.902
-18.1374
-18.3677
-18.5421
-18.753
-18.9593
-19.1456
-19.3379
-19.6336
-20.0027
-20.2253
-20.3565
-20.4554
-20.5393
-20.6142
-20.7133
-20.8638
-21.0544
-21.2508
-21.4296
-21.5767
-21.6869
-21.7884
-21.9057
-22.0094
-22.0455
-21.9779
-21.787
-21.4574
-20.9966
-20.4292
-19.7745
-19.0476
-18.2638
-17.4381
-16.5851
-15.7191
-14.8528
-13.9972
-13.1606
-12.3489
-11.5665
-10.8173
-10.1052
-9.43404
-8.80528
-8.21687
-7.66251
-7.13185
-6.61588
-6.10193
-5.6602
-5.26996
-4.85875
-4.41698
-3.9823
-3.52275
-3.14426
-2.67326
-2.50974
-1.87853
-2.39109
-0.791265
-3.1533
-13.878
-13.5078
-13.1478
-12.7979
-12.4547
-12.1147
-11.7759
-11.4394
-11.1074
-10.7798
-10.4546
-10.1295
-9.8034
-9.47762
-9.15414
-8.83418
-8.518
-8.20607
-7.89971
-7.60101
-7.31229
-7.03523
-6.77067
-6.51892
-6.28029
-6.055
-5.84296
-5.64357
-5.45571
-5.27825
-5.11009
-4.95041
-4.79841
-4.65328
-4.51438
-4.38138
-4.25404
-4.13227
-4.01616
-3.90582
-3.80145
-3.7034
-3.61191
-3.52728
-3.44957
-3.37866
-3.31418
-3.25542
-3.20146
-3.15115
-3.10314
-3.05617
-3.00907
-2.96075
-2.91057
-2.85782
-2.80192
-2.74211
-2.67727
-2.60571
-2.52505
-2.43227
-2.32414
-2.19756
-2.04942
-1.88075
-1.69564
-1.49819
-1.30459
-1.10109
-0.884776
-0.664114
-0.445757
-0.236992
-0.0337934
0.154134
0.311387
0.68125
0.147907
2.61167
-10.6314
-10.9464
-11.2177
-11.4338
-11.6204
-11.8054
-11.9939
-12.1734
-12.334
-12.4794
-12.6218
-12.7686
-12.9204
-13.0811
-13.252
-13.4146
-13.5694
-13.7364
-13.9039
-14.0374
-14.1877
-14.5041
-14.9856
-15.5301
-16.0815
-16.5787
-17.0191
-17.2747
-17.4187
-17.5402
-17.6655
-17.7978
-17.9629
-18.1634
-18.3681
-18.5299
-18.6319
-18.6779
-18.6868
-18.6968
-18.7249
-18.7429
-18.7065
-18.5882
-18.3757
-18.0624
-17.6549
-17.1676
-16.6129
-16.0043
-15.3548
-14.6766
-13.9801
-13.2742
-12.566
-11.8613
-11.1652
-10.4833
-9.82161
-9.18656
-8.58358
-8.01541
-7.4805
-6.97307
-6.48373
-6.00429
-5.52476
-5.11105
-4.74654
-4.36593
-3.95856
-3.55588
-3.1265
-2.76765
-2.31726
-2.15475
-1.54552
-2.05382
-0.54555
-2.93352
-10.3004
-10.0118
-9.73097
-9.46013
-9.1963
-8.93647
-8.67932
-8.42643
-8.18018
-7.94062
-7.70548
-7.47223
-7.2394
-7.00714
-6.7762
-6.5464
-6.3168
-6.08684
-5.85694
-5.62844
-5.40321
-5.18289
-4.96873
-4.76193
-4.56397
-4.37632
-4.20024
-4.03646
-3.88512
-3.74606
-3.61893
-3.50324
-3.39823
-3.30279
-3.21572
-3.13587
-3.06204
-2.99321
-2.92834
-2.86664
-2.80744
-2.75051
-2.69575
-2.64342
-2.59387
-2.54756
-2.50499
-2.46647
-2.43219
-2.40199
-2.37548
-2.35202
-2.3307
-2.31053
-2.29052
-2.2696
-2.24663
-2.2204
-2.18941
-2.15187
-2.10534
-2.04698
-1.97387
-1.88301
-1.77142
-1.64009
-1.49201
-1.3261
-1.15926
-0.982006
-0.790036
-0.590698
-0.390174
-0.195638
-0.00510709
0.162724
0.312246
0.623933
0.112151
2.42711
-6.8919
-7.16759
-7.38817
-7.52329
-7.63053
-7.7588
-7.89742
-8.02009
-8.12162
-8.21553
-8.31563
-8.42525
-8.53923
-8.65213
-8.76322
-8.87297
-8.98188
-9.09744
-9.21994
-9.31904
-9.39271
-9.56905
-9.96284
-10.6795
-11.6925
-12.6518
-13.269
-13.6791
-13.9521
-14.0917
-14.1962
-14.3059
-14.4168
-14.5636
-14.7444
-14.8849
-14.9389
-14.9259
-14.8619
-14.7762
-14.703
-14.6495
-14.5904
-14.4948
-14.3459
-14.1371
-13.8643
-13.5337
-13.1551
-12.7349
-12.2813
-11.8023
-11.3037
-10.7896
-10.2634
-9.7284
-9.18873
-8.64971
-8.11775
-7.59953
-7.10047
-6.62367
-6.16895
-5.73312
-5.31032
-4.89556
-4.48318
-4.13004
-3.82408
-3.51112
-3.1792
-2.8527
-2.49887
-2.20481
-1.81712
-1.69269
-1.13405
-1.65272
-0.25554
-2.63496
-6.61554
-6.39988
-6.19013
-5.98699
-5.78886
-5.59378
-5.40128
-5.21299
-5.03139
-4.85702
-4.68863
-4.52456
-4.36372
-4.20609
-4.0519
-3.90046
-3.75029
-3.60004
-3.44898
-3.29716
-3.14507
-2.99331
-2.8424
-2.6931
-2.5468
-2.40524
-2.27026
-2.14351
-2.02642
-1.92014
-1.82574
-1.74401
-1.67531
-1.61947
-1.57594
-1.54379
-1.52182
-1.50854
-1.50228
-1.50129
-1.50378
-1.5083
-1.51355
-1.51867
-1.52309
-1.52665
-1.52953
-1.53212
-1.53495
-1.53857
-1.54339
-1.54965
-1.55735
-1.56625
-1.57585
-1.58539
-1.59395
-1.60027
-1.6028
-1.59964
-1.58833
-1.56608
-1.53014
-1.47764
-1.40582
-1.31596
-1.21036
-1.08269
-0.95038
-0.808638
-0.651943
-0.486354
-0.317123
-0.150328
0.0144173
0.152253
0.283858
0.536775
0.0367329
2.17799
-3.78211
-3.95529
-4.11425
-4.1997
-4.25317
-4.32593
-4.42816
-4.53806
-4.63374
-4.71219
-4.78506
-4.86406
-4.9522
-5.04527
-5.13809
-5.23041
-5.32519
-5.42226
-5.52203
-5.61455
-5.67427
-5.72708
-5.89999
-6.24864
-6.82064
-7.64026
-8.59661
-9.43377
-9.91055
-10.1268
-10.217
-10.2718
-10.3154
-10.3456
-10.4313
-10.5889
-10.6154
-10.5459
-10.4505
-10.3301
-10.2027
-10.0887
-9.98456
-9.87262
-9.74063
-9.58441
-9.40233
-9.19354
-8.96299
-8.71675
-8.45594
-8.18097
-7.89259
-7.58974
-7.27112
-6.93672
-6.58813
-6.22862
-5.86265
-5.49498
-5.12976
-4.77027
-4.41899
-4.07708
-3.74434
-3.42022
-3.10388
-2.84034
-2.61876
-2.40056
-2.17279
-1.95304
-1.70682
-1.51099
-1.21809
-1.16204
-0.678126
-1.21366
0.0500907
-2.23394
-3.60198
-3.43856
-3.27857
-3.12324
-2.9711
-2.82073
-2.67186
-2.52583
-2.38481
-2.24981
-2.12054
-1.99627
-1.87659
-1.76186
-1.65265
-1.54872
-1.449
-1.35213
-1.25699
-1.16291
-1.0694
-0.97592
-0.88185
-0.786852
-0.691198
-0.595687
-0.501492
-0.409979
-0.32269
-0.241301
-0.167658
-0.10366
-0.0509258
-0.0107517
0.0159794
0.0288354
0.0278871
0.0137544
-0.0124728
-0.0491907
-0.0944564
-0.146164
-0.202163
-0.260391
-0.318985
-0.376473
-0.431776
-0.484285
-0.533777
-0.580403
-0.624549
-0.666715
-0.707464
-0.747227
-0.786283
-0.82462
-0.861964
-0.897626
-0.930513
-0.95903
-0.980973
-0.99379
-0.994941
-0.981719
-0.951626
-0.906419
-0.84795
-0.763996
-0.672941
-0.574915
-0.463373
-0.342903
-0.217256
-0.0904521
0.0369946
0.135975
0.238333
0.432226
-0.0620716
1.83812
-2.65533
-2.80717
-2.93326
-3.00027
-3.04343
-3.10256
-3.18253
-3.26763
-3.34563
-3.41643
-3.48643
-3.56008
-3.63682
-3.71348
-3.78798
-3.86119
-3.95703
-4.12443
-4.31105
-4.44353
-4.5354
-4.59329
-4.63962
-4.72623
-4.91902
-5.2058
-5.54687
-5.99736
-6.52197
-6.92024
-7.13957
-7.24408
-7.29163
-7.29214
-7.26899
-7.20262
-7.17271
-7.14853
-6.91889
-6.56626
-6.21145
-5.86736
-5.55461
-5.27005
-5.00659
-4.76762
-4.54834
-4.34584
-4.16189
-4.00042
-3.86082
-3.73827
-3.62693
-3.51997
-3.41092
-3.29522
-3.1699
-3.0328
-2.88246
-2.71801
-2.53975
-2.34995
-2.15345
-1.95621
-1.76351
-1.57877
-1.40344
-1.26408
-1.15635
-1.05961
-0.960241
-0.870841
-0.756913
-0.684415
-0.516426
-0.548328
-0.184649
-0.690115
0.30742
-1.53024
-2.50488
-2.37181
-2.24158
-2.11482
-1.9907
-1.86786
-1.74593
-1.62586
-1.5094
-1.39762
-1.29052
-1.18774
-1.08924
-0.995725
-0.908266
-0.827299
-0.75242
-0.682833
-0.617768
-0.556662
-0.49885
-0.443401
-0.38909
-0.334682
-0.279233
-0.222212
-0.163424
-0.102937
-0.0411711
0.0211248
0.0827232
0.142009
0.197209
0.246504
0.288191
0.320679
0.342697
0.353353
0.352305
0.339771
0.31644
0.28349
0.242447
0.195147
0.143514
0.0894994
0.0348595
-0.0189531
-0.0708144
-0.120024
-0.166228
-0.209443
-0.249978
-0.288291
-0.324971
-0.360483
-0.395221
-0.429242
-0.462253
-0.493451
-0.521414
-0.544323
-0.560263
-0.56695
-0.562296
-0.548296
-0.526489
-0.481521
-0.427872
-0.370782
-0.303416
-0.22948
-0.151863
-0.0732641
0.00569915
0.0539856
0.10649
0.242471
-0.222859
1.24175
0.80829
0.714862
0.635138
0.592395
0.57941
0.571448
0.551285
0.517815
0.478136
0.437324
0.396321
0.355353
0.316236
0.281735
0.253861
0.233056
0.216833
0.200317
0.179687
0.156512
0.142796
0.150226
0.180947
0.225742
0.269432
0.291081
0.281714
0.267709
0.254254
0.205593
0.0874416
0.0267903
0.137024
0.364022
0.647097
0.932847
1.12373
1.14646
1.02471
0.857652
0.620329
0.314518
0.00528252
-0.249477
-0.441694
-0.590272
-0.700733
-0.779697
-0.8342
-0.871146
-0.896177
-0.913425
-0.926199
-0.936584
-0.945001
-0.950365
-0.950057
-0.939954
-0.915413
-0.872676
-0.810603
-0.731766
-0.642631
-0.551533
-0.465882
-0.389733
-0.324122
-0.278999
-0.245247
-0.221288
-0.197967
-0.183998
-0.152937
-0.151732
-0.0820206
-0.142457
0.060831
-0.250822
0.293388
-0.66506
0.901223
0.972456
1.04176
1.10848
1.17338
1.23724
1.30017
1.36161
1.42059
1.47657
1.52959
1.57974
1.6268
1.66994
1.70804
1.74039
1.76671
1.78691
1.80079
1.80815
1.80899
1.80361
1.79277
1.77751
1.7589
1.738
1.71588
1.69358
1.67197
1.65174
1.63312
1.61586
1.59937
1.58273
1.56478
1.54408
1.51915
1.48857
1.45119
1.40619
1.35316
1.29217
1.2238
1.1491
1.0695
0.986753
0.902684
0.81913
0.737732
0.659856
0.586547
0.518391
0.45557
0.397885
0.344835
0.295772
0.249923
0.206659
0.165533
0.126452
0.0897606
0.0561208
0.0263308
0.00156238
-0.0173476
-0.0328819
-0.0466274
-0.041744
-0.0313988
-0.0242792
-0.0133613
0.000508889
0.0182584
0.0415347
0.0723901
0.0902402
0.107742
0.15792
-0.0989401
0.540519
)
;

boundaryField
{
    inlet
    {
        type            freestreamPressure;
        freestreamValue uniform 0;
        value           nonuniform List<scalar> 
134
(
2.36918
2.04321
1.66171
1.26435
0.901554
0.568134
0.299136
0.105686
-0.017205
-0.080789
-0.0199326
-0.0140338
-0.0221069
-0.0419006
-0.0701609
-0.105149
-0.146126
-0.192685
-0.245298
-0.305643
2.65605
-0.376276
-0.458765
-0.550167
-0.640873
-0.715023
-0.765354
-0.836087
-0.865986
-0.90783
-1.11343
-1.05341
-1.09235
-1.14869
-1.19955
-1.24581
-1.3
-1.38051
-1.51705
-1.67033
2.89914
3.11334
3.23021
3.18886
2.91919
2.30726
1.22583
-1.87276
-1.82997
-1.76435
-1.73112
-1.71482
-1.69489
-1.66887
-1.64171
-1.61689
-1.59627
-1.58148
-1.57404
-1.57431
-1.58081
-1.59024
-1.59777
-1.59723
-1.58274
-1.54903
-1.53206
-1.50546
-1.45547
-1.38244
-1.28635
-1.15559
-0.979723
-0.671035
-0.291553
0.415201
0.856054
1.31119
1.72963
2.11555
2.46595
2.74624
2.94216
3.06574
3.1275
3.14527
3.13658
3.11507
3.0903
3.07605
3.09558
3.15645
3.21967
3.25801
3.27836
3.28866
3.29015
3.28126
3.26213
3.23487
3.2027
3.17104
3.14907
3.1582
3.22874
3.40423
3.43735
3.30073
3.16335
3.07565
3.00244
2.92135
2.83638
2.75332
2.67106
2.58697
2.50058
2.41272
2.32407
2.23465
2.144
2.05156
1.9553
1.85467
1.7375
1.68268
1.6355
1.56716
1.4808
1.37634
1.23526
1.0427
0.704535
0.306772
)
;
    }
    outlet
    {
        type            freestreamPressure;
        freestreamValue uniform 0;
        value           nonuniform List<scalar> 
160
(
0.00189378
0.00210517
0.00168991
0.00227241
0.00151687
0.00244115
0.00142196
0.00260532
0.00138812
0.0027675
0.0013625
0.00293001
0.00130997
0.00309362
0.00122931
0.00325764
0.00113593
0.00341967
0.00104081
0.00357795
0.000946143
0.00373246
0.000852576
0.00388371
0.000764177
0.0040314
0.000687058
0.00417401
0.000625652
0.00430867
0.00058092
0.00443277
0.000546606
0.00454504
0.00051124
0.00464475
0.000466232
0.00473098
0.000415487
0.00480264
0.000386896
0.00485866
0.000407833
0.00489873
0.000483796
0.00492371
0.000591709
0.00493551
0.000693763
0.0049366
0.000744769
0.00492956
0.000727912
0.00491709
0.000704701
0.00490211
0.000684253
0.0048875
0.000580126
0.00487581
0.0003117
0.00486852
0.000178788
0.00486576
0.000447376
0.00486629
0.000995835
0.00486781
0.00169322
0.004867
0.00244182
0.00485934
0.00297894
0.00483975
0.00305279
0.00480279
0.0027135
0.00474356
0.00221368
0.00465788
0.00153529
0.00454279
0.000787698
0.00439677
0.000154474
0.00422008
-0.000301089
0.00401487
-0.000626351
0.00378493
-0.000878332
0.0035357
-0.00107927
0.00327333
-0.00124475
0.00300453
-0.00138457
0.00273573
-0.00150517
0.00247269
-0.00161088
0.0022202
-0.00170461
0.00198143
-0.00178973
0.00175804
-0.00186908
0.00155012
-0.00194333
0.00135647
-0.00201037
0.00117512
-0.00206505
0.00100345
-0.00209916
0.000839234
-0.00210268
0.000680872
-0.00206564
0.000528122
-0.0019813
0.000382528
-0.00184971
0.000247017
-0.00168058
0.000125194
-0.00149113
2.2255e-05
-0.00129977
-5.78795e-05
-0.00111931
-0.00012485
-0.000955551
-0.000184968
-0.000839457
-0.000168071
-0.000749622
-0.000127728
-0.00068602
-9.99774e-05
-0.000622964
-5.57485e-05
-0.000586233
1.53774e-06
-0.000496186
7.58407e-05
-0.000496267
0.000174296
-0.000276055
0.000306095
-0.000476026
0.000385261
0.000215534
0.000462512
-0.000835278
0.000680227
0.00112591
-0.000440299
-0.00204726
0.00228554
)
;
    }
    walls
    {
        type            zeroGradient;
    }
    frontAndBack
    {
        type            empty;
    }
}


// ************************************************************************* //
